"logFC" "AveExpr" "t" "P.Value" "adj.P.Val" "B"
"ALB" -7.22968105402767 8.0225757952076 -28.692924884242 1.42175691040958e-31 3.18473547931746e-29 56.420630537647
"P13645" 6.98292663139929 3.28286207275526 18.9401008732194 1.0066538633573e-23 1.05197650286122e-21 41.8879238643291
"KRT1" 8.00030529848332 3.56366728071721 18.7886446895425 1.40889710204628e-23 1.05197650286122e-21 41.5975567951252
"A2M" -6.12247509226183 7.04890177435079 -16.3657366067004 4.11409096450917e-21 1.67315336587808e-19 36.607361546552
"P63261" 5.11408781163781 2.73660694264868 16.3310552253512 4.48166080145914e-21 1.67315336587808e-19 36.5309620224102
"P60709" 5.11408781163781 2.73660694264868 16.3310552253512 4.48166080145914e-21 1.67315336587808e-19 36.5309620224102
"TF" -5.60392523744641 6.62833730330571 -15.8184549928295 1.61180756434271e-20 5.15778420589669e-19 35.3844309567271
"SeRPINA1" -5.44652833540141 6.48107743762678 -15.1060955457981 1.00171852877495e-19 2.80481188056987e-18 33.7359430664319
"KRT9" 6.27853525484393 3.05443713763583 14.922526659334 1.61905011343084e-19 4.02963583787232e-18 33.3004837601977
"AHSG" -5.11376783145754 6.45909865672305 -14.5682464840194 4.13514080760169e-19 9.26271540902778e-18 32.4474545800517
"P02768" 6.60212051024244 3.53014814150613 14.4507909026785 5.66127279069325e-19 1.15284100465026e-17 32.1609414054223
"APOA1" -6.06773434182718 5.83793754773609 -13.157387975343 2.0095350657369e-17 3.75113212270888e-16 28.8806637339015
"AFP" -4.54233690335252 5.82309093743856 -13.1097214841708 2.30111998588539e-17 3.96500674491022e-16 28.7553030762592
"C3" -5.61204288561584 6.80831847634258 -13.0337180035814 2.85773035949437e-17 4.57236857519099e-16 28.5547494702493
"TLN1" 5.86882484183346 3.01286371076434 12.3726564589367 1.93971534502527e-16 2.89664158190441e-15 26.7755145538482
"HBBF" -4.13798947810239 5.20161125704235 -11.4360305726753 3.22003263211686e-15 4.50804568496361e-14 24.1464897543959
"P68366" 4.87804868024824 2.08258765709156 11.3226231937928 4.55967268104072e-15 6.0080392973713e-14 23.8195300540437
"ACTB" -3.64340328862578 4.69839418045775 -10.9718519312338 1.35134118998681e-14 1.59316013977392e-13 22.796478391311
"ACTG1" -3.64340328862578 4.69839418045775 -10.9718519312338 1.35134118998681e-14 1.59316013977392e-13 22.796478391311
"GC" -4.03998363805568 5.15266420639357 -10.9531665452223 1.43249114819228e-14 1.60439008597536e-13 22.7414841842325
"TUBB1" 3.77163656312993 1.59234073883428 10.5018589748009 5.93869204172307e-14 6.33460484450461e-13 21.3980786399525
"ITIH4" -4.30038389773245 5.68496499135984 -9.43835615399304 1.87286617783533e-12 1.90691829015961e-11 18.1207766183087
"eeF1A1P5" 4.48946297515337 2.0344425061276 9.19735146276334 4.17085067396307e-12 4.06204587377273e-11 17.3574420051647
"KRT2" 6.95588619282734 3.15887506003387 9.15955493168183 4.73164502855149e-12 4.41620202664806e-11 17.2370768800742
"FeTUB" -3.75724208237499 4.65955917386766 -9.1069630396535 5.64103937227464e-12 5.05437127755808e-11 17.0693065580103
"HBA" -3.61053787626695 4.62559023340705 -9.01559474151562 7.66137242445199e-12 6.60056701183556e-11 16.7770485619321
"P11142" 4.33847095817223 1.58731738439312 8.98014706517645 8.62958623315601e-12 7.15936043047017e-11 16.663396188717
"TUBA1B" 4.7148492864266 1.94726573425111 8.92620333985648 1.03455047787623e-11 8.27640382300984e-11 16.4901593709804
"P68104" 4.52925722364255 1.96523511745077 8.85049923244274 1.33508168477415e-11 1.03123550823934e-10 16.2464725886895
"HBA1" 4.37681955598418 1.88969620876951 8.38239399634276 6.54418783589436e-11 4.88632691746779e-10 14.7256549020969
"FLNA" 5.00086609681936 2.12980106281586 8.33075670841289 7.80831898301094e-11 5.64214016836919e-10 14.5564961235342
"GSN" -3.48945724616767 4.75887842710271 -8.30863394935008 8.42267488019737e-11 5.89587241613816e-10 14.4839442195059
"PKM" 3.60289483794003 1.62531181936248 8.06339126471428 1.9556633652794e-10 1.32748058734117e-09 13.6765884004772
"KRT14" 5.24672061203312 2.68973372823354 7.9463608463919 2.92831947066675e-10 1.92924576890986e-09 13.2894334013329
"P19823" 4.11528111731641 1.95199204990044 7.92684600093276 3.13254812832877e-10 2.00483080213041e-09 13.2247640055491
"P68371" 4.41052110771475 1.75239805099663 7.84357790671229 4.17797238133612e-10 2.59962725949803e-09 12.9484822252616
"SeRPINF1" -3.04114634205648 4.47146455055078 -7.80186907455392 4.82716557376754e-10 2.92239213114575e-09 12.8098899062862
"KNG1" -3.85146906759535 4.64400516719177 -7.64035456308723 8.45422571695612e-10 4.9835435805215e-09 12.2719958042684
"P07996" 4.84657480875843 2.092374929761 7.62018732815139 9.06805009957543e-10 5.20831595462794e-09 12.2047048293692
"TUBB" 4.57790681585359 1.6982673327166 7.60073487053644 9.70253567252594e-10 5.43341997661453e-09 12.1397732691191
"CFH" -4.64540693979648 4.73751401127154 -7.58442235144799 1.02688815351710e-09 5.61031576555681e-09 12.0853036515683
"P02788" 3.55684768013105 1.45774634577412 7.49689676250915 1.39262076889912e-09 7.42731076746199e-09 11.7927575585141
"KRT13" 4.37563973227331 1.73143413968201 7.48976274118742 1.42766183204857e-09 7.43712210183441e-09 11.7688921290838
"VTN" 3.40473850394065 1.52379352816746 7.46422551657584 1.56051632335702e-09 7.83886516605029e-09 11.6834379301533
"A1BG" -3.1178570669883 4.1781310077701 -7.46161613317153 1.57477201996546e-09 7.83886516605029e-09 11.674704116089
"AGT" -3.56024114385293 5.26136865827236 -7.42457936240768 1.79180411698546e-09 8.72530700445092e-09 11.5506972499242
"P13647" 5.67909047629799 2.68452794778343 7.40131633456748 1.94323724049446e-09 9.26138599725019e-09 11.4727686262316
"P02771" 3.55057726210912 1.46420732564624 7.35844225481064 2.25681197527955e-09 1.03435496613314e-08 11.3290688206961
"C4" -3.64028049895416 4.71262774733524 -7.35770186857636 2.26265148841623e-09 1.03435496613314e-08 11.3265864421029
"P04406" 3.96189062850136 1.63629529099176 7.27925022328281 2.97576017988981e-09 1.33314056059064e-08 11.0633969998059
"Q04695" 4.9154924610817 2.19354047619982 7.09764497124673 5.6162271648754e-09 2.46673506849429e-08 10.4530925827875
"P07900" 4.23055204476468 1.58250706049443 6.98952699804062 8.20165137973739e-09 3.53301905588688e-08 10.0891742196074
"KRT16" 5.02413516167696 2.5364333186317 6.89012580507093 1.16202797609288e-08 4.91121257820386e-08 9.75430768643537
"P26583" 3.86732577181345 1.35952732575011 6.83552401259174 1.4072552533071e-08 5.8375032729776e-08 9.57027181497752
"P68032" 4.41093348483242 2.10659978605528 6.59184969374074 3.30874414873035e-08 1.34756125330109e-07 8.7485403714982
"SeRPINA5" -3.06532019379044 4.45905450628944 -6.49696281469385 4.61593743226773e-08 1.84637497290709e-07 8.42853785216979
"KRT5" -4.87278360345943 4.75060084572523 -6.49146205627987 4.70588912893196e-08 1.84933186821186e-07 8.40998903585027
"SeRPINA3-7" -2.67042658018628 4.03724715903641 -6.4255366053361 5.93041074265222e-08 2.29036552819672e-07 8.18771616101751
"P09429" 3.75317509077952 1.37638461910149 6.40844664645438 6.29678439261062e-08 2.3906435660081e-07 8.13010715750503
"SeRPINC1" -3.86115060473796 5.1272802214854 -6.40142864828065 6.45370564874706e-08 2.4093834421989e-07 8.10645155391064
"KRT3" 4.21080538983614 1.74723983828543 6.36214191934833 7.40707717662468e-08 2.70541532789092e-07 7.97404603612944
"PLG" -4.21685385068094 5.25419591521744 -6.3590355806426 7.48820313969809e-08 2.70541532789092e-07 7.96357837961873
"P26038" 3.687014052069 1.46456907161834 6.28404805685408 9.73982592142295e-08 3.46304921650594e-07 7.71096185113487
"P01024" 4.77607761143278 2.35144295118694 6.1369127808468 1.63070801242773e-07 5.70747804349707e-07 7.21582686234668
"KRT6A" 5.56783764154185 2.67428440972459 6.09209025713748 1.90763095811516e-07 6.5739897633507e-07 7.06516869848976
"HPX" -3.32584940278819 4.51211037932 -6.05843065388393 2.14596941038264e-07 7.28329012008655e-07 6.95209587162257
"MYH9" 4.27510588438119 2.17147436226733 5.98648978663326 2.75946247774946e-07 9.22566559725194e-07 6.71062937758262
"Q5XKe5" 3.95501802210646 1.57462061995481 5.89278862086619 3.82715533194548e-07 1.26070999169969e-06 6.39659805069848
"SeRPINF2" -2.94220290632466 4.40365952530721 -5.86233180919291 4.25598219850335e-07 1.3816521919779e-06 6.29465319284153
"Q7RTS7" 3.72298171355395 1.40459970723818 5.8558086858613 4.35386593165789e-07 1.39323709813053e-06 6.27282780876529
"P06396" 4.52965319259869 2.12955510936767 5.65505109400606 8.75281734085165e-07 2.76145223147996e-06 5.60282409217056
"P01008" 4.12794279513428 1.82429362274305 5.59073354398574 1.09397420116405e-06 3.40347529251036e-06 5.38895900172372
"ORM1" -2.97309553961259 3.84967463978969 -5.583325262869 1.12241402820378e-06 3.44411975777598e-06 5.36435281011367
"P01023" 5.30787061889927 2.56133651287742 5.3894131259944 2.19302776042788e-06 6.63835430183575e-06 4.72251329285529
"KRT8" 4.00348764043557 1.57238229373487 5.21848606375398 3.94360425961511e-06 1.17782313887171e-05 4.16081385281229
"KRT75" -4.00533952068503 3.70013749810656 -5.11846498667477 5.54926039935613e-06 1.63557148612602e-05 3.83417229523231
"KRT6B" 5.45963920021533 2.49674812989069 5.10360276787384 5.8374517817193e-06 1.69816779104562e-05 3.78577668853797
"KRT77" 4.14000947296245 1.39040619227983 5.08996303905548 6.11491054890561e-06 1.75607687558315e-05 3.74139500406767
"THBS1" -2.64221982611244 3.81444994666643 -5.08476273994703 6.22408736538027e-06 1.76480451879137e-05 3.72448242402544
"KRT6C" 5.28010875096291 2.43459542956762 5.03405548755412 7.39470084298147e-06 2.07051623603481e-05 3.55981947564888
"AMBP" -2.15523130087176 3.20142321680015 -4.80594338784696 1.59696906945303e-05 4.41630952540097e-05 2.82509587641625
"F12AI" -3.02761849180884 4.20663262039804 -4.80175304890996 1.61957342432119e-05 4.42420057375545e-05 2.81169854966521
"F5" -4.10714004513612 4.7740174212896 -4.73233011925349 2.04321495706705e-05 5.51421867931348e-05 2.59030135709462
"SeRPINA3-2" -2.84767828118433 4.82604857429141 -4.72040313344645 2.12622532410678e-05 5.66993419761809e-05 2.552373708181
"KRT76" 4.05234115452553 1.71902759500493 4.71134997337389 2.19143617665992e-05 5.77507886555084e-05 2.52360654207565
"O95678" 4.45963447030996 1.65030993373948 4.67132481902497 2.50405635364124e-05 6.52219329320508e-05 2.39665155275549
"KNG2" -3.27166410452249 4.18911636434987 -4.66324564262023 2.57227161576394e-05 6.62286025208188e-05 2.3710711367394
"PZP" 4.66790186056901 1.86308205916944 4.52156457534379 4.11161454310677e-05 0.000104659279279081 1.92508756283367
"FBLN1" 2.31215003681259 1.54404194159371 4.42748218899551 5.59973533983802e-05 0.000140937159115024 1.63181443013681
"APOe" -2.59344471849206 3.40336802544691 -4.41867421295824 5.76340865488235e-05 0.000143444837632627 1.60448220986214
"ADIPOQ" -1.81003752791831 2.79383412952405 -4.28410401197945 8.92839710105361e-05 0.00021977592864132 1.18966727548076
"P68133" 4.11966033021463 1.43737644173672 4.24982081429303 9.97403008404077e-05 0.000242845949872297 1.08485113016184
"APOH" -2.09466501162004 3.55010419307759 -4.24041175109322 0.000102812669556486 0.000247634816996267 1.05614765910617
"CFB" -3.06392386689442 4.69910009658115 -4.23275891220318 0.000105379335986169 0.000250665635990942 1.03282211291228
"KRT7" -3.29887030962293 3.03408196945055 -4.23003143587361 0.000106309086692587 0.000250665635990942 1.02451330453827
"THBS4" -2.97908541221141 2.59908547029237 -4.03299887537362 0.00019938877899457 0.000465240484320663 0.430695773479619
"TTR" -2.10912430347179 3.5072245420389 -4.00384509794613 0.00021861723521946 0.000504848048341846 0.343952884756321
"KRT19" -3.9009493057229 2.90798190215825 -3.99534134191128 0.000224556340171964 0.000513271634678774 0.318707978430915
"KRT79" -3.37871006347707 2.44652612012048 -3.93399977578849 0.000272270396707068 0.000616046150125084 0.137378197049128
"APOD" -1.82526779294583 1.954804178567 -3.87727984088765 0.000325010835059958 0.000728024270534307 -0.0290534269551799
"KRT73" -2.66910302023956 2.30143899068349 -3.85041105487153 0.000353315073811017 0.000783589866669978 -0.107468501961604
"ITIH3" -3.23914140093173 4.82083252917635 -3.81241008306358 0.000397437765272533 0.000872804504127916 -0.217895739387715
"GAPDH" -1.60820500361299 2.9599419780984 -3.65109271263487 0.000651261323021391 0.00141633530443487 -0.68021268799519
"DSP" 3.33723182048952 1.57262262338927 3.60008448569484 0.000759819766825588 0.00163653488239357 -0.824130984623634
"LUM" -1.78443718174571 3.07535703145988 -3.52421363093847 0.000953889453601983 0.00203496416768423 -1.03609091278114
"P08238" 2.36851066981966 1.39869698286489 3.48631108273409 0.00106777579883051 0.0022564318767739 -1.14101054356899
"F2" -2.24612757009766 4.58599019856791 -3.38526067305209 0.00143823416795668 0.00301088274413362 -1.41747470159105
"KRT17" -4.5712087402941 3.29428938584638 -3.37869425639377 0.00146612586531189 0.00304085364657281 -1.43527225434523
"P08727" 2.45901324050307 1.50896968556269 3.37482478429204 0.0014828019433361 0.00304722601199346 -1.44575030386595
"SeRPINA7" -1.85413507550546 3.56514370403678 -3.3570919582815 0.00156155725815795 0.00317989841661255 -1.49367590749315
"APOA4" -2.09335542807689 2.23639630347994 -3.3441887892269 0.00162134344420217 0.00327190028379537 -1.52845252054844
"C4A" 2.25446486366822 1.92122048006565 3.292077026322 0.00188563721530836 0.00377127443061673 -1.66807040277945
"PGLYRP1" -2.54008731234777 1.67253892181117 -3.28014455226274 0.00195165540527332 0.00386876823700198 -1.69984977508931
"SeRPINA3-5" -2.87753322087579 4.18957050927843 -3.25761666943164 0.00208230517091472 0.00409154700249909 -1.75965204725439
"SeRPINA3-4" -2.92165834885471 4.46456017642123 -3.22041181510353 0.00231635679591552 0.00451186019378327 -1.85785032864028
"HBB" -2.29310897764416 3.60913296436354 -3.18790542872913 0.00254099174387914 0.00490674267783559 -1.94306364596355
"CLU" -2.02332399863957 3.04215266023609 -3.13470149222361 0.00295354594000578 0.00565465205607943 -2.08133934362601
"APOA2" -1.80367043872149 2.05314683389666 -3.0633138196537 0.00360675069523956 0.00684671318418357 -2.26449373330102
"KRT71" -2.24582116905101 2.0614298276594 -3.05199313322949 0.00372203268270794 0.00700617916745025 -2.29328329355336
"JUP" -2.88060296532004 2.00926215738103 -3.04262252787699 0.00382006116211211 0.0071307808359426 -2.31706014280362
"KRT72" -2.94975191480942 1.8955809951859 -2.96297839142097 0.00475644389335728 0.00880531762076059 -2.51716735392508
"IGFBP2" -2.85268915214103 2.56489382133601 -2.86916542376011 0.00613311273371407 0.0112607971504258 -2.74822058268978
"FGA" -1.65007432562181 3.07297260030194 -2.81823026548593 0.00702759245013734 0.0127982171449656 -2.87150154766732
"KRT78" -1.9760311607192 1.39208057576647 -2.74552141289333 0.00851509370765816 0.0153133943220486 -3.04476860624399
"eeF1A1" -1.81307242726337 2.98419675711455 -2.74416498552022 0.00854542093864319 0.0153133943220486 -3.04797022720465
"AFM" -1.79664268147034 3.64994722284964 -2.72395423878863 0.00900925622020737 0.0160164555025909 -3.09553930290104
"KRT10" -4.51605887344482 2.1811305592477 -2.70229502964037 0.00953199890666591 0.0168123445282926 -3.14623522149587
"CLeC3B" -1.68014550942304 2.59057900230815 -2.62843300394843 0.0115314834811179 0.0201800960919563 -3.31689206535214
"APOB" 2.32045638401395 1.88182983813944 2.51502371723848 0.0153571092976585 0.0266666083928333 -3.57206262275494
"SeRPINA3-6" -2.91080061237589 3.94095215810859 -2.43633407028772 0.0186541007211765 0.0321424504734118 -3.74408835808154
"VNN1" -1.36655544195853 2.69500811622411 -2.38573669318463 0.021098831986539 0.0360773920991201 -3.85246950681757
"UBA52" -1.2985836291172 1.42367798513513 -2.34181398370294 0.0234506103231164 0.0397949750937732 -3.94511190418734
"GFAP" -1.58655108337383 1.30769000984201 -2.30316312252365 0.0257114636939512 0.0433035178003388 -4.02551186133913
"TGFBI" -1.74418039796254 2.39847822889881 -2.27332343733922 0.0275879245109379 0.0461171275406722 -4.08685604039614
