"logFC" "AveExpr" "t" "P.Value" "adj.P.Val" "B"
"ALB" -7.0150331997515 8.0225757952076 -27.8410374063181 5.47236295293013e-31 1.22580930145635e-28 55.421494842273
"KRT1" 8.22428119072192 3.56366728071721 19.3146500482495 4.42249316285198e-24 4.95319234239422e-22 42.5957490728556
"P13645" 6.99739912370494 3.28286207275526 18.9793552544589 9.22969126763342e-24 6.89150281316628e-22 41.9627889656113
"KRT9" 6.76901953641512 3.05443713763583 16.088286581138 8.18768176797247e-21 4.58510179006458e-19 35.9920289112326
"A2M" -5.79065024989329 7.04890177435079 -15.4787492547017 3.82465983058936e-20 1.71344760410403e-18 34.6064347729053
"P63261" 4.76450740202415 2.73660694264868 15.2147237923809 7.5534764804921e-20 2.41711247375747e-18 33.9915509576078
"P60709" 4.76450740202415 2.73660694264868 15.2147237923809 7.5534764804921e-20 2.41711247375747e-18 33.9915509576078
"TF" -5.36327178953406 6.62833730330571 -15.1391515450902 9.19128814875236e-20 2.57356068165066e-18 33.8138885235337
"SeRPINA1" -5.3880499589362 6.48107743762678 -14.9439041666575 1.53070279678083e-19 3.80974918309896e-18 33.351423221135
"AHSG" -5.07267462014965 6.45909865672305 -14.4511789809797 5.65538484307219e-19 1.26680620484817e-17 32.1618911182576
"P02768" 6.27723963595425 3.53014814150613 13.7396882235719 3.92812011883603e-18 7.9990809692661e-17 30.386209734692
"C3" -5.79653673412204 6.80831847634258 -13.4621966955366 8.50613009941848e-18 1.58781095189145e-16 29.6746945079928
"AFP" -4.3954126640807 5.82309093743856 -12.6856807542317 7.77847375671942e-17 1.34029086269627e-15 27.6258352807442
"TLN1" 5.45861102309159 3.01286371076434 11.5078436913408 2.58564557107197e-15 4.13703291371515e-14 24.3525675210776
"eeF1A1P5" 5.29988405914219 2.0344425061276 10.8576229882289 1.93151995179063e-14 2.88440312800734e-13 22.4595015016964
"HBBF" -3.91213113104204 5.20161125704235 -10.8118330062618 2.22992412481931e-14 3.12189377474703e-13 22.3238962268904
"APOA1" -4.91273387932634 5.83793754773609 -10.652863495412 3.67954681519232e-14 4.84834403884165e-13 21.8507945386096
"P68104" 5.33967830763137 1.96523511745077 10.4341211880159 7.36809712259895e-14 9.16918753034536e-13 21.1939548212923
"KRT2" 7.32801510254488 3.15887506003387 9.64957663355202 9.33539093671105e-13 1.10059345780172e-11 18.783712108117
"VTN" 4.36705237452702 1.52379352816746 9.57391110314058 1.19727245536861e-12 1.34094515001285e-11 18.5468915017267
"HBA1" 4.96977902645032 1.88969620876951 9.51801767050456 1.43947006581311e-12 1.53543473686732e-11 18.3714774195591
"PKM" 4.20952889392313 1.62531181936248 9.42105724385483 1.98321735345948e-12 2.01927585079511e-11 18.0662286489827
"ITIH4" -4.24458407101078 5.68496499135984 -9.31588833473441 2.81090937430967e-12 2.7375813036755e-11 17.733790221974
"GC" -3.40335056416561 5.15266420639357 -9.22713280072167 3.77662307606043e-12 3.52484820432307e-11 17.4521592509205
"P02788" 4.35729231023509 1.45774634577412 9.18402291905398 4.36050797671074e-12 3.90701514713282e-11 17.3150164166342
"ACTB" -3.01364316881961 4.69839418045775 -9.07537376526182 6.27017457784014e-12 5.20192261272663e-11 16.9683752637106
"ACTG1" -3.01364316881961 4.69839418045775 -9.07537376526182 6.27017457784014e-12 5.20192261272663e-11 16.9683752637106
"P02771" 4.30311159944775 1.46420732564624 8.9180423021503 1.06335663292897e-11 8.50685306343175e-11 16.4639212475885
"KRT14" 5.82932257713897 2.68973372823354 8.82873400610053 1.43680644268532e-11 1.10980911435004e-10 16.1762903460543
"P09429" 5.00708400310274 1.37638461910149 8.54946276474799 3.701830621511e-11 2.76403353072821e-10 15.2711159767384
"FeTUB" -3.49834711240269 4.65955917386766 -8.47944240856349 4.69876983632589e-11 3.39524013979677e-10 15.0428552370089
"P04406" 4.55675658499697 1.63629529099176 8.37220774096219 6.77607453558757e-11 4.7432521749113e-10 14.6923065408111
"P26583" 4.6927277393926 1.35952732575011 8.29442747775859 8.84264719371794e-11 6.00228173149339e-10 14.4373289039632
"AGT" -3.89292139603204 5.26136865827236 -8.11835566429506 1.61849842397069e-10 1.06630484402775e-09 13.8580117032223
"KRT13" 4.72922100362987 1.73143413968201 8.09498620432026 1.75404621680775e-10 1.12258957875696e-09 13.7809077458388
"P19823" 4.14413368548918 1.95199204990044 7.98242175824241 2.585512717933e-10 1.60876346893609e-09 13.4088516165449
"P13647" 6.09153535067949 2.68452794778343 7.93883814349248 3.00541025370999e-10 1.81949161305686e-09 13.2645079272196
"HBA" -3.1668428822748 4.62559023340705 -7.90767830586023 3.34709541083935e-10 1.97302466323162e-09 13.1612149177009
"SeRPINF1" -3.05291259496023 4.47146455055078 -7.83205465404531 4.34800782850931e-10 2.4973173168874e-09 12.9102054592992
"Q04695" 5.35004561682242 2.19354047619982 7.72511089556712 6.29890104113588e-10 3.52738458303609e-09 12.5544935936802
"KRT16" 5.5778993680917 2.5364333186317 7.64956099655357 8.18806743192542e-10 4.47348074329584e-09 12.3027053584369
"A1BG" -3.11320916446715 4.1781310077701 -7.45049283159225 1.63702330587336e-09 8.73079096465793e-09 11.6374691492527
"SeRPINA5" -3.50563514708813 4.45905450628944 -7.430212751886 1.75695128259128e-09 9.15249040233595e-09 11.5695640021224
"SeRPINA3-7" -3.05137862756823 4.03724715903641 -7.34217716886722 2.38865162110239e-09 1.21604082528849e-08 11.2745285045312
"KRT3" 4.7697598430934 1.74723983828543 7.20667098893158 3.83508612806959e-09 1.90902065041686e-08 10.8196508107571
"KNG1" -3.58096811766479 4.64400516719177 -7.10374810699235 5.49750864998383e-09 2.67704769042691e-08 10.4736238922904
"C4" -3.40913472189437 4.71262774733524 -6.89051212419403 1.16045504523705e-08 5.50226271749446e-08 9.75560957385754
"P07996" 4.37960382892498 2.092374929761 6.88597678079518 1.17905629660596e-08 5.50226271749446e-08 9.74032536755411
"Q7RTS7" 4.35572160187126 1.40459970723818 6.85103348656611 1.3327548297353e-08 6.09259350736136e-08 9.62255220032011
"P68032" 4.56559390414629 2.10659978605528 6.82297950814254 1.47055324275401e-08 6.55500703219656e-08 9.52798302124927
"P08727" 4.96838886303344 1.50896968556269 6.81876843799974 1.49243463679475e-08 6.55500703219656e-08 9.51378651918711
"GSN" -2.83809698373197 4.75887842710271 -6.75770106553999 1.84896532711983e-08 7.96477371682387e-08 9.30788650971972
"Q5XKe5" 4.49654662048993 1.57462061995481 6.69964045936379 2.26671916802918e-08 9.58009610638747e-08 9.11208744112465
"SeRPINC1" -4.01514520349728 5.1272802214854 -6.65673737282735 2.63497912992098e-08 1.09302837981907e-07 8.96739048729339
"P01008" 4.86744710673697 1.82429362274305 6.592290921591 3.30362521436126e-08 1.34547645093986e-07 8.75002851036995
"KRT6A" 5.94398815885788 2.67428440972459 6.50365809536985 4.50876741243269e-08 1.80350696497308e-07 8.45111509566033
"C4A" 4.33798423605153 1.92122048006565 6.3345313001755 8.16005423531055e-08 3.20675815563081e-07 7.88101258345295
"TTR" -3.30495390828951 3.5072245420389 -6.27394197812857 1.00909927313245e-07 3.89721098589083e-07 7.67692879568131
"SeRPINF2" -3.13429477631486 4.40365952530721 -6.24507437168245 1.11652201554551e-07 4.23899883868125e-07 7.5797326062432
"SeRPINA3-2" -3.76385421355778 4.82604857429141 -6.23908583385501 1.14019703813544e-07 4.25673560903899e-07 7.55957287894888
"KRT8" 4.60222941794906 1.57238229373487 5.99893698614061 2.64203518657986e-07 9.6976412998998e-07 6.75238672163487
"KRT5" -4.49967293024971 4.75060084572523 -5.99440863157733 2.68416857407941e-07 9.6976412998998e-07 6.73719412234079
"P01024" 4.61168490788373 2.35144295118694 5.92568009880806 3.41222309203365e-07 1.21323487716752e-06 6.50676532332489
"ORM1" -3.15008826203889 3.84967463978969 -5.91570877537311 3.53304685407974e-07 1.23656639892791e-06 6.47335940793213
"KRT77" 4.66342953102829 1.39040619227983 5.73348541910187 6.66531915885141e-07 2.29697152551187e-06 5.86417313148765
"HPX" -3.07562006073757 4.51211037932 -5.60260811570473 1.04987299334524e-06 3.56320531074749e-06 5.42841178277224
"P06396" 4.45330820749685 2.12955510936767 5.55973810354854 1.21793953475575e-06 4.07191725052667e-06 5.28604851274083
"KRT76" 4.73140492025998 1.71902759500493 5.50084595424393 1.49310407779505e-06 4.91846049156016e-06 5.09080829448639
"KRT6C" 5.65547470325998 2.43459542956762 5.39192937256785 2.17410649594326e-06 7.05796891436653e-06 4.73081241494619
"O95678" 4.92109986299731 1.65030993373948 5.15469509439906 4.90426692029456e-06 1.56936541449426e-05 3.95230277736228
"DSP" 4.75141057221222 1.57262262338927 5.12564916262802 5.41503399032018e-06 1.70840508990383e-05 3.85757938197386
"KRT6B" 5.47239305462673 2.49674812989069 5.11552491222955 5.60513397845375e-06 1.74381945996339e-05 3.82459561042447
"ADIPOQ" -2.09535504133041 2.79383412952405 -4.95941039930201 9.52292802901053e-06 2.92210394314844e-05 3.31827378457708
"PLG" -3.27271832682195 5.25419591521744 -4.93527473861141 1.03324264272777e-05 3.1276534050138e-05 3.24039840155313
"F12AI" -3.00837152179749 4.20663262039804 -4.77122767155996 1.79400262480307e-05 5.35808783941183e-05 2.71421831131136
"P26038" 2.72177350554976 1.46456907161834 4.63891790679478 2.78887473740196e-05 8.21984133129e-05 2.29413866661756
"P01023" 4.55149361441501 2.56133651287742 4.6214162306569 2.95566379649678e-05 8.59829468071789e-05 2.238881143851
"KNG2" -3.17902316090363 4.18911636434987 -4.53120046229084 3.98309752662549e-05 0.000114386390508219 1.95525796879303
"P68133" 4.27432074952851 1.43737644173672 4.40936772264534 5.94142202655716e-05 0.000168465637208709 1.57562664545177
"KRT75" -3.43276442219629 3.70013749810656 -4.38676531958756 6.3964114626976e-05 0.000179099520955533 1.50564782132492
"SeRPINA7" -2.36612083605569 3.56514370403678 -4.28409199307092 8.92874425642365e-05 0.000246918359683814 1.18963046630582
"APOe" -2.49818833699809 3.40336802544691 -4.25637774543537 9.76522943368477e-05 0.000266129748888822 1.10487007489617
"PZP" 4.39100845020782 1.86308205916944 4.25335168809112 9.86105765971974e-05 0.000266129748888822 1.09562957563539
"APOH" -2.09506430601093 3.55010419307759 -4.24122007730189 0.000102545147327069 0.000273453726205517 1.05861247286256
"CFB" -3.06647613126946 4.69910009658115 -4.23628482219608 0.00010418913462408 0.000274569013597577 1.04356667110261
"THBS1" -2.16564822969071 3.81444994666643 -4.16763484905248 0.000129896402354052 0.00033833481543381 0.835077227449955
"SeRPINA3-5" -3.50706119184949 4.18957050927843 -3.97029682104193 0.00024296930576388 0.000625576143575966 0.244509595894444
"SeRPINA3-4" -3.56626367977224 4.46456017642123 -3.93093110788097 0.000274898584433375 0.000699741851284955 0.128343157269651
"TUBB1" 1.35618105913669 1.59234073883428 3.77619157863141 0.000444402788530108 0.00111849690596342 -0.322614727643898
"F2" -2.46102852476151 4.58599019856791 -3.70914955635059 0.000545800519812218 0.00135843684931041 -0.51506044371316
"ITIH3" -3.10449555948747 4.82083252917635 -3.65393439459347 0.000645673061632799 0.00158934907478843 -0.672162135053735
"CFH" -2.18187439261244 4.73751401127154 -3.56228359018785 0.000851237744955336 0.00207257885728256 -0.930054545291611
"AMBP" -1.56978753844178 3.20142321680015 -3.50046421358452 0.00102380901663989 0.00246594859921866 -1.10190931222962
"eeF1A1" -2.2996397873971 2.98419675711455 -3.48060611864769 0.00108600300001304 0.00256141551668581 -1.15674579701935
"KRT7" -2.71434130832265 3.03408196945055 -3.48050938177303 0.00108631461645157 0.00256141551668581 -1.15701248443515
"HBB" -2.49714118290165 3.60913296436354 -3.47155325406892 0.0011155372785383 0.00260292031658937 -1.18168432659449
"CLU" -2.23004139088862 3.04215266023609 -3.45496523564156 0.00117165324105681 0.00270567346388376 -1.22728193509027
"P68366" 1.38824872844175 2.08258765709156 3.22231660275436 0.0023037934871793 0.00526581368498127 -1.85284008502476
"GAPDH" -1.40452343217051 2.9599419780984 -3.18867635432174 0.00253543409944533 0.00573673978056318 -1.94104907966045
"HABP2" 1.41863766458603 1.33364828925658 3.15976121499701 0.00275193407168667 0.00616433232057814 -2.01639607824597
"LUM" -1.57438631330482 3.07535703145988 -3.10936902821301 0.00317142741734093 0.00703366080677592 -2.14664860254272
"KRT79" -2.629302951855 2.44652612012048 -3.06142789074738 0.00362572019956803 0.00796236592846312 -2.26929472144132
"AFM" -1.9775712685305 3.64994722284964 -2.99826654179884 0.00431779938283911 0.00939016564811612 -2.42894563080134
"F5" -2.59299781629453 4.7740174212896 -2.9877047118812 0.00444495118213575 0.00957154699004166 -2.45542459333842
"APOB" 2.75342983064395 1.88182983813944 2.98430143980669 0.00448666265158203 0.00957154699004166 -2.46394331518261
"KRT17" -3.97751097379651 3.29428938584638 -2.93987744717272 0.00506576946243499 0.01070502226024 -2.57453615264106
"SeRPINA3-6" -3.47004666285421 3.94095215810859 -2.90442185364917 0.00557721316254385 0.0116756612000918 -2.66198768914318
"KRT19" -2.79225734733792 2.90798190215825 -2.85982214654987 0.0062888332276041 0.0130435059535492 -2.77095030493746
"P11142" 1.37618055263654 1.58731738439312 2.84853900603692 0.00648177717613093 0.0133203494261773 -2.79833015752266
"SeRPINA3-8" -1.97456492225408 2.68654625935087 -2.75154627071613 0.00838158517510143 0.0170679552656611 -3.03053420068532
"ITIH1" -2.32499825120513 3.81573558691508 -2.74093003922391 0.00861815100023563 0.0173546273362432 -3.0556011873525
"FGA" -1.60328513651055 3.07297260030194 -2.73831707199921 0.00867731366812162 0.0173546273362432 -3.06176022426033
"DDBX" 1.44521253593349 1.28981023007758 2.72834296282352 0.00890660649557548 0.017536573574748 -3.08523132447679
"FBLN1" 1.4244045237143 1.54404194159371 2.72755900709781 0.00892486333714852 0.017536573574748 -3.08707351269886
"CLeC3B" -1.73825614827398 2.59057900230815 -2.71934174975629 0.00911831349976011 0.0177608889038806 -3.10635992356431
"POTee" 1.45969887238145 1.55755606480302 2.67588402695751 0.0102071399991846 0.0197103393087703 -3.20765489636
"KRT73" -1.83507681062318 2.30143899068349 -2.64725639459495 0.0109883439184978 0.0210375131431069 -3.2737306719818
"TUBA1B" 1.38044389795353 1.94726573425111 2.61347122332647 0.0119806130034987 0.0227428585829128 -3.35103644154069
"SeRPINA3-1" -3.25466438482127 4.09238033098127 -2.59802580367789 0.0124609949023321 0.0234559904043899 -3.38613274643604
"P68371" 1.44748800915526 1.75239805099663 2.57418220921378 0.0132372097345222 0.0247094581711081 -3.44000746815868
"VNN1" -1.44460662942538 2.69500811622411 -2.52199869629767 0.0150920424064156 0.0279389875953479 -3.55661349769039
"CFD" -1.13397589133631 1.76934998426834 -2.47274696356519 0.0170561895795289 0.0313162825066759 -3.6650054074413
"TUBB" 1.47232159635771 1.6982673327166 2.44450718379102 0.0182841093691494 0.0332978902332477 -3.72641626100759
"FLNA" 1.46100058527547 2.12980106281586 2.43382649947774 0.0187689641397465 0.033901448817285 -3.74950112977003
"P07900" 1.47116280678163 1.58250706049443 2.43058873823296 0.0189182192060742 0.033901448817285 -3.7564837010777
"C4BPA" 1.41613412562646 1.32366387946617 2.42351153676155 0.0192482005701899 0.0342190232358931 -3.77172140061223
"APOA2" -1.37748372732831 2.05314683389666 -2.33948777320094 0.0235814729443353 0.0414088209272014 -3.94998066167059
"COL1A2" -1.21907615890766 1.47526700442031 -2.33805882257941 0.0236621833869722 0.0414088209272014 -3.95296956443466
