"logFC" "AveExpr" "t" "P.Value" "adj.P.Val" "B"
"P63261" 5.06900315391267 2.45979019689723 19.0119569557827 2.21768924831063e-23 6.99680957842002e-21 41.8880909824583
"P60709" 5.06900315391267 2.45979019689723 19.0119569557827 2.21768924831063e-23 6.99680957842002e-21 41.8880909824583
"P13645" 5.66283344053477 2.97643993189695 17.5644587022745 5.44982130119597e-22 1.14627908035155e-19 38.9860378548331
"P02768" 6.35004019308387 3.23301415862248 16.44348909052 7.47193327848353e-21 1.17869747468078e-18 36.5823777537539
"KRT1" 6.0504866132688 3.24960602826261 15.7270603047974 4.26293100037619e-20 5.37981892247476e-18 34.9698629751577
"KRT9" 5.38709505040763 2.75795260815414 14.7213703490681 5.40251117034391e-19 5.68164091414501e-17 32.6003286652117
"TLN1" 5.65950380706681 2.71389669310979 13.2035587368376 3.11979743374659e-17 2.81227454384871e-15 28.7764591441376
"P68366" 3.90777099176145 1.76508982753113 8.95532782992712 1.23877961160742e-11 9.7708741865535e-10 16.3903385513231
"eeF1A1P5" 2.97862811708428 1.86671378928113 8.38778463916696 8.17815413864190e-11 5.73379473498116e-09 14.5580061182259
"KRT14" 4.61592409409354 2.44276934440136 8.23594732058184 1.36230091865235e-10 8.59611879669631e-09 14.0621510582454
"KRT2" 5.54263609583908 2.86031237617989 8.2021506204274 1.52660244104859e-10 8.75714673001511e-09 13.9514825985613
"FLNA" 4.63794565079995 1.75658537855711 7.73817084929044 7.35944452091496e-10 3.86984124391445e-08 12.4221330585326
"P19823" 3.08955649545052 1.72378064659439 7.70252827961775 8.31036650406022e-10 4.03372404927846e-08 12.3039427723025
"TUBB1" 2.86494930560739 1.29215683445709 7.40433306707147 2.30452070770478e-09 1.03868040468694e-07 11.3118015384555
"KRT16" 4.06162724188696 2.30697925096178 6.74330599353691 2.24561613637783e-08 8.89160948873864e-07 9.09718341410936
"P13647" 4.48433750678394 2.44539382196407 6.74214923884355 2.25460779429189e-08 8.89160948873864e-07 9.09329730680972
"TUBA1B" 3.74244537474716 1.66164867095912 6.59333849657095 3.77051332850866e-08 1.35100672404428e-06 8.59327554646555
"VTN" 2.18842962208589 1.30500717022259 6.58700973759793 3.85390190694089e-08 1.35100672404428e-06 8.57200807354457
"P68104" 2.97862811708428 1.79940580014137 6.50617596141566 5.09622309156736e-08 1.69248251093632e-06 8.3003776863321
"POTee" 3.371253580923 1.22222899345803 6.44561820953482 6.28289452936067e-08 1.98225322401329e-06 8.0969086025808
"P01024" 4.21019816236123 2.16965196404416 6.18884031998796 1.52573585510876e-07 4.55308990218419e-06 7.23488080682283
"P07996" 3.90974638155915 1.8511055360765 6.17735664110007 1.58744814339227e-07 4.55308990218419e-06 7.19637177784019
"PKM" 2.26162901290712 1.39826985526521 5.97708233608718 3.16757972522747e-07 8.69018611573275e-06 6.5256849905707
"COL6A1" 2.12937581551921 0.906037327762269 5.9575750789043 3.38778042462393e-07 8.90703936640709e-06 6.46046667340086
"P11142" 2.87545129058368 1.29353643577238 5.88919572056896 4.28712257999176e-07 1.08206973918992e-05 6.23203692830766
"APOA2" -2.92909339940784 2.08661494538222 -5.7963021897222 5.9006606155616e-07 1.4051654092107e-05 5.92221675319415
"P68371" 3.295131549419 1.45345865388749 5.79083304301521 6.01259366857193e-07 1.4051654092107e-05 5.90399563228833
"P07900" 3.2466907859726 1.26570801424459 5.76747648395991 6.51487408040546e-07 1.46817340883423e-05 5.82620659458451
"FBLN1" 2.95316002212105 1.2055395696611 5.74201244788396 7.11011782892306e-07 1.52311597048955e-05 5.74144816648371
"P68032" 4.20407336998704 1.87318986533482 5.73668071146573 7.24143884543367e-07 1.52311597048955e-05 5.72370790720361
"Q04695" 3.4601627273307 2.00730714342483 5.71477682088197 7.806715944354e-07 1.58904443899593e-05 5.65085220402139
"C4A" 3.2039860090128 1.69571761681544 5.64853995805952 9.79695595706439e-07 1.93183725278363e-05 5.43079344315183
"P02788" 2.30802018138482 1.24423163318215 5.52497998517805 1.49507663125488e-06 2.85876774036918e-05 5.02141327236429
"P63104" 1.95144771731261 0.884129142970355 5.50436557693546 1.60411106402212e-06 2.97704141587635e-05 4.95326835942416
"LYSM" -2.51369038477896 1.03729602438514 -5.44758507395822 1.94692837048505e-06 3.5100337193602e-05 4.76581678677024
"P02771" 2.4147975521799 1.20445681963199 5.41303038773939 2.19014429529874e-06 3.83883625092641e-05 4.65192522578839
"MYH9" 3.43434526665461 1.83979858127324 5.31329429197488 3.07414020628496e-06 5.24265532477247e-05 4.32403755064545
"K2CA" -3.23751542384483 0.49157497204076 -5.24779004175092 3.83856502131011e-06 6.37403823275442e-05 4.10941564198745
"TUBB" 3.23902255388818 1.37916446976825 5.21150052566768 4.34012974317571e-06 7.02210735370225e-05 3.99077929832991
"H1-3" -2.91695529635597 1.0433624240056 -5.19564301891476 4.57915677494341e-06 7.22361981247322e-05 3.93900000365892
"KRT6A" 4.12158234810949 2.4219735959836 5.14960284254484 5.34938319542603e-06 8.23283121052153e-05 3.78888401088653
"P01023" 4.66541614734684 2.29391897658004 5.09000752030905 6.53907371551214e-06 9.82417979640038e-05 3.59507115957701
"P01008" 3.47039576342094 1.58182119686144 5.06600726929111 7.08887568930982e-06 0.000104025129301267 3.51718438202816
"H1-2" -2.91695529635597 1.01099196772226 -4.9868183002517 9.24699084857041e-06 0.000132610255123817 3.26090309199027
"KRT13" 2.3575504617051 1.5651524960697 4.81823786648188 1.62283211790176e-05 0.00022755712586578 2.71921480786835
"eHD3" 1.56390897803243 0.929085257842862 4.7996913938522 1.72591142979321e-05 0.0002367500243912 2.65996752392465
"UBA52" -2.88132808924363 1.27572881511371 -4.72882999236981 2.18249078692187e-05 0.000293010997137808 2.43427423249363
"KRT3" 2.49580882350221 1.58048859238809 4.55975464191629 3.80581753939034e-05 0.000500306430699021 1.90037721711376
"PGLYRP1" -3.73010772933135 1.52650722953648 -4.54615709383068 3.97885347703422e-05 0.000512378886532365 1.85773891963114
"APOB" 3.77419281314885 1.56865439369341 4.52038604092389 4.32820377343994e-05 0.000546219316208121 1.77705588964398
"CKM" -2.80355367847987 1.31106230670835 -4.42016962509342 5.99548126569794e-05 0.000741793858559883 1.46494697625383
"RNASe4" -2.84150576750222 0.790744822982162 -4.40278251533366 6.34269235466847e-05 0.000769661322268423 1.41107224638316
"KRT222" -2.62548749506415 0.871570823600914 -4.36013318964453 7.27969848737065e-05 0.000866696178402053 1.27927746212017
"CHI3L1" -2.42286542719355 0.759499594345939 -4.28607963090032 9.23745269797313e-05 0.00107941345415204 1.05167334153085
"APOC3" -2.863474823457 1.19778688740857 -4.26924433638255 9.74952954007423e-05 0.00110745306627014 1.0001548549407
"KRT6C" 4.01709786471813 2.16427141361773 4.26672740653364 9.82842657862566e-05 0.00110745306627014 0.992459973991471
"CATHL4" -2.59195505338169 0.921576588262768 -4.22522429588744 0.000112227486126704 0.00124237796045527 0.865851661390355
"P04406" 2.2191219620645 1.46040235764334 4.19735211990032 0.000122653594125906 0.00133438651540425 0.781122955132824
"CAPNS1" -2.27062219511522 0.739184125827107 -4.15356164205259 0.000140964755424586 0.00150760611310024 0.648497743665772
"LBP" -3.11842486972932 1.85962211188047 -4.14406615757472 0.0001452726494198 0.00152778402973156 0.619820271992538
"HBA1" 2.3308321271137 1.70191375070829 4.06586264817011 0.000185965448895815 0.00192367538120097 0.384760510886076
"KRT71" -2.88481473214783 2.06923573706999 -4.04247389952344 0.000200151307437269 0.00203702379020834 0.314857600744949
"KRT7" -2.48714923864189 3.18158863035919 -3.99597381176901 0.000231538018006784 0.00231905538670287 0.176440047446374
"DSG1" -2.68672450030908 1.03087995997917 -3.98876575298211 0.000236811945711223 0.00233481777724659 0.15505126569674
"LRP1" 1.88417810741207 0.614868001325349 3.96523396052954 0.000254852018497947 0.00247402497957238 0.0853524029287716
"LOX" -1.91883745111307 0.69202037673911 -3.95408273678744 0.000263858799211423 0.00252265003488497 0.0523925484864032
"ANG1" -1.74507287689694 0.327357710119103 -3.9167844821548 0.000296278341586552 0.00279032288867335 -0.0575240161171626
"PRDX1" -2.2933594887194 0.546049595625712 -3.8346702969184 0.000381786191531587 0.00354040702034009 -0.297698107081894
"P08238" 2.47853915059721 1.08591880466753 3.82616873643225 0.00039189226363929 0.00354040702034009 -0.322418445125968
"P0CG53" -2.88132808924363 1.03241699431888 -3.82545269035875 0.000392755136963243 0.00354040702034009 -0.324499253619961
"RPS27A" -2.67293724168705 1.43074905315533 -3.73105578846713 0.000524065850787372 0.00465754298375819 -0.597057705468599
"UBC" -2.88132808924363 1.09692025673344 -3.71089182745824 0.000557147921996994 0.00484999549473236 -0.65481771267833
"Q5XKe5" 2.35138837414439 1.3958302434628 3.70528296967632 0.000566701470961029 0.00484999549473236 -0.670854963893634
"KRT73" -2.59242019782475 2.38515311888049 -3.70324632320414 0.000570209312384751 0.00484999549473236 -0.676675107229195
"KRT79" -3.11227742109915 2.41563447401021 -3.69964377371205 0.000576465391608442 0.00484999549473236 -0.686965985027799
"P06396" 2.77461254388396 1.8637240805787 3.68075726244993 0.000610357865494367 0.00506757648851244 -0.740828979945733
"ARG1" -2.59198984547256 0.789853158760867 -3.66473312231082 0.000640607681745465 0.00520003406326292 -0.78641291987466
"THBS4" -2.77305249272849 2.70759369313272 -3.66360359877889 0.000642793434127588 0.00520003406326292 -0.789622046637864
"LeCT2" -2.23477804758757 0.40535114520609 -3.63841185602457 0.000693444823989954 0.00553566912115224 -0.861056142925896
"H4" -2.10606486348256 1.60037448391229 -3.6344136202091 0.000701828097768906 0.00553566912115224 -0.872369016235633
"Q32Le4" -1.74507287689694 0.358614391703744 -3.60775537436374 0.000760260247174273 0.00592252118477736 -0.947623896822349
"KRT75" -2.30014921128041 3.74408656908985 -3.59050278241504 0.000800532393731372 0.00616019439566459 -0.996164804402508
"HMGCR" -1.98814106656069 0.299332174844075 -3.55463357179026 0.000890901328829992 0.00677299684929789 -1.09667095106712
"BPT2" -2.23477804758757 0.60882521501471 -3.52760432927207 0.000965367371254169 0.00725174775311167 -1.17203377996839
"TIe1" -1.43691604872888 0.329321550699608 -3.51991125183019 0.000987627378226504 0.00733168089012852 -1.19342423820083
"APOD" -1.98368134730423 2.04941190125326 -3.51483118332703 0.00100259472747487 0.00735624736089122 -1.20753476682274
"DSC1" -2.07694215686887 0.453335524236637 -3.50901381271793 0.0010200006854254 0.00739793600578655 -1.22367903064167
"IGFBP5" -2.15114678190639 0.517686905947146 -3.50270710847884 0.00103919690867461 0.00745151419742819 -1.24116409441524
"QSOX1" 0.879164719275046 0.805070645396471 3.49312730704636 0.00106901749727002 0.00757921394131891 -1.26768934829817
"ACO2" -1.74507287689694 0.361765483052936 -3.40352660075715 0.00139041186020519 0.00974833204210524 -1.51374492960402
"LASP1" -2.15114678190639 0.588559131748599 -3.37351180422678 0.00151729769612745 0.0105210422665541 -1.59533017290439
"NACA" -2.15114678190639 0.816083855863542 -3.3659447135834 0.00155098428962447 0.0106377292038374 -1.61583102446866
"JUP" -3.33427709702351 1.93676595742777 -3.35229618571809 0.00161354945790015 0.0109478463218817 -1.65273825048838
"P61224" 1.10971799650273 0.922756113454085 3.3180772473476 0.00178112396165216 0.0119562682957714 -1.74487376544154
"KRT10" -5.73980088804059 1.86919749840774 -3.31117265913785 0.00181688264730141 0.0120679257941809 -1.76339528555113
"POSTN" 1.94100639770131 0.858096457429997 3.21296619508589 0.00240521319402487 0.0158092658898927 -2.02426319437751
"BRN" -1.91098457934456 0.463884710841 -3.1820738356946 0.00262481209411434 0.0170393238479602 -2.10531068989458
"AMY2A" 1.23978770170579 0.570364073266519 3.17634470795408 0.00266756481580425 0.0170393238479602 -2.12028702957768
"CCN2" -1.82222936411307 0.732630820155657 -3.17557418679016 0.00267336459738202 0.0170393238479602 -2.12229992313855
"KRT76" 2.72577980713077 1.50032032286503 3.16894746735556 0.00272373808840454 0.0171867873378326 -2.13959865563983
"KRT8" 2.31776529111413 1.37402142304736 3.15236901536231 0.00285371100890519 0.0178286301645463 -2.18277533649384
"IGF2R" 2.64948313627867 0.877479878395385 3.14226337617488 0.00293578345471798 0.0181615623522259 -2.20902349714959
"APOA1" -1.33177872791305 5.65700133956763 -3.13716406947453 0.00297803678265343 0.0182440894160613 -2.22224787017713
"ALDOB" -1.54086094465963 0.356123696946491 -3.12263173543707 0.00310161777738397 0.018705425896746 -2.25985998271365
"KRT17" -4.27592310676013 3.15566229471789 -3.1213633227202 0.00311263029977549 0.018705425896746 -2.26313752376701
"P26038" 1.81635012815731 1.1333406550057 3.10440228134853 0.00326347009829522 0.019385555363488 -2.30688186306685
"TUBA1A" 2.45596955403637 1.19948842838369 3.10179598650729 0.00328724948319052 0.019385555363488 -2.31359013138489
"SeRPIND1" 1.60169379530873 0.688028441939677 3.08286213871006 0.0034649542458433 0.0202443160104363 -2.36221373660927
"KRT19" -2.98529351713548 2.96099265043905 -3.07247572319868 0.00356623285096115 0.0205530383940897 -2.38880460850233
"KRT6B" 2.98185791209461 2.22641661277503 3.07029294179233 0.00358786798891412 0.0205530383940897 -2.39438543319259
"KRT83" -2.83309341006281 0.457778587254636 -3.06752197092615 0.00361551071591753 0.0205530383940897 -2.40146637974942
"PARVB" 0.749917377045469 0.408945657906606 3.05764331519534 0.00371569460862422 0.0209339580182311 -2.42667629031973
"HBBF" -1.00551857997688 5.04709494072043 -3.04506172606867 0.00384706505441158 0.0213653739467988 -2.45870675035272
"VCL" 2.21792980261103 0.917727114954689 3.04384590809585 0.00385998832002387 0.0213653739467988 -2.46179740536681
"CALD1" -1.74507287689694 0.613608729397705 -3.03374859686919 0.00396889984366562 0.0217771808813305 -2.48743373633623
"P26583" 1.74192008687518 1.11725100709765 2.95780168968831 0.00488523275495141 0.0265739816239167 -2.67843949541388
"CFH" -1.73122616076446 4.64711187182647 -2.93971958447518 0.0051308150552005 0.0276713188019788 -2.72343638529301
"TAGLN2" -2.65496154681803 1.7896858980515 -2.89658071259131 0.0057639944122331 0.0308227158823651 -2.83002849740541
"KRT81" -2.86074309424574 0.615608932666368 -2.89218924103644 0.00583237919542637 0.030926313212723 -2.84081900808105
"P35900" 0.967189799009905 0.909107359925009 2.86522280115005 0.00626913686124867 0.0328028820766389 -2.90683261643037
"P08727" 2.20420421772281 1.29650660735389 2.86166472239771 0.00632898387067004 0.0328028820766389 -2.91551089663154
"PZP" 2.79708681180697 1.58382233784497 2.86088101004259 0.00634223710515046 0.0328028820766389 -2.91742139660126
"KRT72" -3.05541029543194 1.78368945396979 -2.85711720317322 0.00640624638003839 0.032864564762636 -2.92659159518705
"P34931" 1.54863023034414 0.704760182144938 2.84809578471068 0.00656212093115886 0.0333927282867842 -2.94853745745865
"P61204" 0.894177117892945 0.540338427439164 2.82469716789217 0.00698297295994746 0.0352500475018148 -3.00523282301072
"COL3A1" 0.734198110443937 0.302753326489726 2.74634240775569 0.00858133310666837 0.0429747713516488 -3.19269054609851
"ADAMTS13" 0.947397499562325 0.332982228000967 2.74143699639394 0.00869186190271398 0.0431855500835632 -3.20430194765555
"ASL" -1.42615010128079 0.347499488022769 -2.73811132477268 0.00876754176729545 0.0432212410559643 -3.21216558533628
"P62258" 1.13838199370976 0.499107347535886 2.71336983201654 0.00934993667053048 0.0457349615434476 -3.27045291344438
"MST1" -1.80483519676961 1.60785553826297 -2.70696756682066 0.00950634083778139 0.0461423159126158 -3.28547384712923
"PF4" -1.74507287689694 0.493140774575256 -2.68815384989931 0.00997999950860399 0.0480716006864818 -3.32946635133881
"KRT5" -1.67172922911033 4.67624021226336 -2.67583993848881 0.0103016721966275 0.049245114818727 -3.35814007280265
