"logFC" "AveExpr" "t" "P.Value" "adj.P.Val" "B"
"eDIL3" -3.22181875584205 1.05310899536172 -6.34797991813367 7.95144529288557e-08 3.09311221893249e-05 7.90020859673461
"P06733" -2.87646127405409 1.16215827316113 -5.9720175156098 2.95548912965737e-07 5.74842635718359e-05 6.66394744364385
"P00558" -2.12893852556993 0.941550110779888 -4.58365594684589 3.37813955451683e-05 0.00329424943332857 2.21048134428037
"ANXA5" -2.0005347789682 0.90890180110496 -4.58282686959749 3.38740301627617e-05 0.00329424943332857 2.20791926123307
"Q9BUF5" -2.31650715156437 0.772245621082417 -4.2841076853814 8.99047604254998e-05 0.00699459036110389 1.29626060269932
"P15311" -1.93184518239147 0.943878802764833 -4.11205062271536 0.000156089129011152 0.0101197785308897 0.782660486164961
"P26038" -2.23103845125064 1.29594388763761 -4.01357655805341 0.000213215193017522 0.0118486728691166 0.492950858370651
"Q9BQe3" -3.35954209588358 1.17739584610662 -3.78166156981799 0.000439049655124506 0.0192297333456823 -0.175926162078563
"Q9NY65" -2.57173486057577 0.950188341295903 -3.77735372219066 0.000444903856326841 0.0192297333456823 -0.188161446212368
"ANXA2" -1.83235035404826 1.17048389688045 -3.6935741312299 0.000574875046390063 0.0223626393045734 -0.424664959634891
"TUBB6" -2.56799470649712 0.943824000293477 -3.18349455169191 0.00258005322283451 0.0912400639711478 -1.79889819243325
"P02788" 1.28415496267711 1.35017089856469 2.98300425594972 0.00451265181854289 0.146285129784432 -2.3042115073137
"MYH9" -1.8870499249511 2.01663136304521 -2.92619065811868 0.00526875452461048 0.157657346928729 -2.44342999151183
"Q32LP2" -1.8703545965771 0.975408792624857 -2.83478973314176 0.00673697756769068 0.18719173384512 -2.6635501025175
"TUBA1A" -2.05729027085251 1.4003424540644 -2.68242873545885 0.0100516696137163 0.260673298649044 -3.01951478034464
"Q0VCM4" -1.62767180073628 1.13011134261554 -2.60923219855052 0.0121281848750044 0.289547020215834 -3.18546253153757
"HSPA5" -1.29762653820378 0.931138588922949 -2.5925371439032 0.012653725819201 0.289547020215834 -3.2228394636587
"PKM" -1.036896418622 1.51734925952507 -2.47743456989803 0.0168802903001332 0.364801829263989 -3.47563550201765
"KRT6C" 2.26477435334988 2.32059859033938 2.41016239278937 0.0199069539041143 0.407568687826341 -3.61933656708143
"P68366" -1.02822147320411 1.95366699123422 -2.3790191748412 0.0214671407445438 0.417535887481378 -3.68482788161281
"P36955" 1.18581253477677 0.913183336911223 2.18633655090589 0.0337990639480056 0.613715290664697 -4.07502897816334
"TUBB1" -0.784158443570124 1.42581639624191 -2.1544262302571 0.0363579005209813 0.613715290664697 -4.13709532711318
"C4A" 1.24147414942831 1.81106546131638 2.15044281357001 0.0366889995765938 0.613715290664697 -4.14479106855247
"SeRPINA3-7" 0.856219921713072 4.07790237558185 2.13655479510476 0.0378641824574621 0.613715290664697 -4.17153109174138
"TUBB" -1.29851519246683 1.55550919138058 -2.11328081145648 0.0399077621682142 0.620964779337412 -4.21602503259512
"P06396" -1.54298490516554 2.02434651694114 -2.03874217531938 0.0471159751990003 0.695382254056262 -4.35581718502727
"SeRPINA3-8" 1.5650533762906 2.79758284602325 2.02778598811287 0.0482656063226712 0.695382254056262 -4.37601359541681
"MYH11" -0.868488899152795 0.813994716585664 -2.00197947695614 0.0510699783571712 0.709507913604986 -4.42322558848999
"APOB" 1.6278047915426 1.74147644688934 1.98149435456987 0.0533952897207027 0.715618844494812 -4.46034147791058
"eZR" -1.38086416950378 1.35680174757089 -1.96621054557114 0.0551891139713223 0.715618844494812 -4.48782426040304
"KLKB1" 1.150037788131 2.46678569176775 1.89286061913487 0.0645360918795223 0.78901674145701 -4.61720924683657
"FBLN1" 0.942857177658659 1.37059447289955 1.8758424477982 0.0668880241663047 0.78901674145701 -4.64662925837414
"P68371" -1.05316728567869 1.62509992330438 -1.87224112683612 0.067394962110315 0.78901674145701 -4.65282586031574
"Q5XKe5" 1.15950972647004 1.49693522987368 1.85876187940655 0.0693214144561153 0.78901674145701 -4.67592825851055
"IGF2R" 1.3812851150661 1.02689686977619 1.84418575838645 0.0714569549422404 0.78901674145701 -4.70074922976212
"LRP1" 0.841410673651473 0.778836242934973 1.82538471754352 0.0742934176833212 0.78901674145701 -4.73251603263787
"P62826" -0.566306601061928 0.922613212676283 -1.82048610657268 0.0750478648686616 0.78901674145701 -4.7407467438935
"KRT71" 1.20536393486353 2.1048396744389 1.72629137546242 0.0908561001771644 0.908912358668024 -4.89527082573849
"P01008" 1.17727110284145 1.71175059502475 1.71102959987014 0.0936611734383391 0.908912358668024 -4.91963157065971
"TUBA1B" -0.921220514742312 1.83936878995559 -1.71061681819317 0.0937380265700412 0.908912358668024 -4.92028781070403
"TTR" 0.759431217476994 3.64932677107665 1.699655780884 0.0957979606822339 0.908912358668024 -4.93766270484583
"P63267" -1.249979457417 0.87805768071294 -1.66087979069483 0.103387355055214 0.957563836106628 -4.99833729364783
"AMBP" 0.803161764093899 3.38053727812444 1.64514160891304 0.106605335873796 0.964406410579227 -5.02260990495587
"ADIPOQ" 0.729066946705743 2.9311360628011 1.6247274661892 0.110900986729466 0.969799023256947 -5.05378827933141
"VTN" 0.603204911469274 1.40921416454494 1.61285472702238 0.113463514200072 0.969799023256947 -5.07176202175993
"P02768" 0.641267606787968 3.38571285078241 1.59137868038414 0.118220903215594 0.969799023256947 -5.10397493494998
"APOA4" 1.09080367389724 2.32307816207925 1.58875436424111 0.118813160071225 0.969799023256947 -5.10788480115606
"KRT14" 0.877742136598465 2.59721950884683 1.56527454973789 0.124219535728916 0.969799023256947 -5.14260913117063
"P19823" 0.671410991128054 1.84784059236717 1.53751543982162 0.130864875138367 0.969799023256947 -5.18306275814581
"C9" 1.00857108956264 2.64589591784853 1.52007791494385 0.135182846803354 0.969799023256947 -5.20814099240803
"SeRPINA7" 0.845388200645732 3.67551016269991 1.51340209922544 0.13686572802548 0.969799023256947 -5.21767360801505
"GPI" -0.788474761793752 1.13820514753854 -1.51146565704652 0.137356987457347 0.969799023256947 -5.22043162034913
"FN1" 1.33971068059164 3.71655401057699 1.50038753262393 0.140194448704834 0.969799023256947 -5.23614840434602
"P68133" 1.44582197191237 1.28977698708408 1.49928039113035 0.140480562738902 0.969799023256947 -5.23771337723568
"P02765" 1.40468661097565 1.23196355966353 1.49895700635157 0.140564221143394 0.969799023256947 -5.23817029245527
"P0DMV8" 0.925818573986496 1.01534727561345 1.49303115660439 0.142104227058216 0.969799023256947 -5.24652720067692
"P0DMV9" 0.925818573986496 1.01534727561345 1.49303115660439 0.142104227058216 0.969799023256947 -5.24652720067692
"KRT3" 0.835076150832826 1.68289539879105 1.47477202590142 0.146933584845127 0.97318325205487 -5.27208819585779
"P62736" -1.249979457417 0.819421742950362 -1.47227629447646 0.147603629489042 0.97318325205487 -5.27555978224478
"P61224" -0.452958978236002 1.06500774225224 -1.43841693453615 0.156934020109732 1 -5.32212922542368
"FTL" -0.677355132654662 0.818609137257954 -1.42907983966334 0.159586556107151 1 -5.33479735399999
"TUBB5" -1.29851519246683 2.13253707445975 -1.41268831495711 0.164327643990655 1 -5.35685407290659
"TLN2" 0.834794890792286 1.10544850568922 1.40784305198495 0.16574986061876 1 -5.36332932381541
"P26583" 0.778779467396598 1.24120552866906 1.39176561990164 0.170537549464344 1 -5.38466914461528
"RAN" -0.566306601061928 0.88421758480203 -1.38112339331935 0.173765054438542 1 -5.39867091124056
"LUM" 0.732352140436968 3.21823144904628 1.37532092074507 0.175544523825946 1 -5.40626347715112
"TUBA8" -1.0326951357072 0.761675413084207 -1.36300085989123 0.179369247327841 1 -5.4222867592353
"KRT79" 1.09017053634154 2.46167221409469 1.36253156800282 0.179516192100805 1 -5.42289448695522
"CLeC3B" 0.812159511598866 2.73554187031115 1.31770999146041 0.193980401064467 1 -5.48004668605377
"MYH10" -1.14790044288963 1.68204094622377 -1.31549878907063 0.194716201777328 1 -5.48282041493106
"Q04695" 0.813908036854666 2.13005613425584 1.30467618017776 0.198348044763848 1 -5.49633396995124
"PGK1" -0.9502019035188 1.51916776793932 -1.28074466263938 0.206560115165447 1 -5.5258476889994
"P02771" 0.565712885773327 1.3284525812195 1.27357209954477 0.209070340698898 1 -5.53459431843891
"SYNCRIP" 0.605073002774452 1.12831937205131 1.2624609358092 0.21300391115573 1 -5.54805355005229
"ARF1" -0.513456662170136 0.8029556509391 -1.25850253981263 0.214418504150707 1 -5.55282189260909
"P00734" -1.02237153212066 1.13249756310267 -1.2387764682243 0.221572241288558 1 -5.57637577567604
"SeRPINA5" 0.495126203101029 4.45273357818194 1.22721843870585 0.225845005229798 1 -5.59001499761388
"TUBA4A" -1.02822147320411 3.02607971102588 -1.22690132797872 0.225963084319911 1 -5.59038752265234
"APOe" 0.683170115098202 3.52932592597854 1.22306636324674 0.227394670589156 1 -5.59488550234806
"P08727" 0.888161206268087 1.416951926209 1.21955716798934 0.228710484154201 1 -5.59898983736399
"ARF3" -0.513456662170136 0.811710042282273 -1.20524585226689 0.234134617562161 1 -5.61561380480078
"POSTN" 0.721034230653007 1.03572541643493 1.19812404489338 0.236868654691768 1 -5.62381786740572
"P23528" -0.409149884334842 0.892579134525166 -1.18384209003967 0.242421478909612 1 -5.64013252001745
"ACTG2" -1.249979457417 1.27257902236426 -1.17507060002216 0.245878342071276 1 -5.65006123257326
"ACTA2" -1.249979457417 1.27257902236426 -1.17507060002216 0.245878342071276 1 -5.65006123257326
"P62979" -0.434151284888299 0.826696115854738 -1.17440854786795 0.246140698960319 1 -5.65080780930846
"TUBB4B" -1.05316728567869 2.09910667943565 -1.16186678752159 0.251149027612794 1 -5.66487592853213
"HPX" 0.516047618824102 4.50017515274439 1.1514627587797 0.255359057978698 1 -5.67643810884728
"HMGB2" 0.778779467396598 1.53454097001781 1.14014212352645 0.259997252167782 1 -5.68890743455126
"TPI1" -0.550774368154948 1.21743964433329 -1.1393691466021 0.260316131150802 1 -5.68975460173215
"ORM1" 0.534572856233749 3.90623180911046 1.13014215023082 0.264144156038581 1 -5.69982528239107
"Q3SWY2" -0.640876318574421 1.08367909387548 -1.12978010525685 0.264295171176594 1 -5.70021885336014
"ACTA1" 1.44582197191237 2.30705589697583 1.12912352583325 0.264569198383711 1 -5.70093230194484
"COL1A2" 0.651576084227531 1.39275872210061 1.12577153605099 0.265971320584215 1 -5.7045685095624
"F10" -0.64921034221352 1.80970480432474 -1.12400060220443 0.266714222190736 1 -5.7064854740629
"KNG1" 0.488667834841655 4.61740896634327 1.1126711839013 0.27150174493786 1 -5.71868152271831
"VNN1" 0.675279410804489 2.81274626416241 1.10212808057412 0.276011272929956 1 -5.72992597043583
"TBA1B" -0.921220514742313 2.90659736747237 -1.09616519826377 0.278584956024908 1 -5.73624057955973
"P63261" -0.289644121498109 2.61637983050475 -1.07155479493365 0.289385296064184 1 -5.76195846985677
"P60709" -0.289644121498109 2.61637983050475 -1.07155479493365 0.289385296064184 1 -5.76195846985677
"P11142" -0.505649691939576 1.4286386572736 -1.06180758612505 0.293742351753589 1 -5.77199082791029
"COL6A1" 0.345137959792843 1.0531367631725 1.05431517881605 0.297122225512793 1 -5.77964310796659
"KRT7" 0.671850576797405 3.17526847580436 1.03773181304057 0.304698228953598 1 -5.79639670291758
"GAPDH" -0.501229670144687 3.11524845379032 -1.02570665301002 0.310273950212356 1 -5.80838681889484
"KRT76" 0.842686951800912 1.62000062950684 1.01504391975033 0.31527576972102 1 -5.81890683647593
"AMY2B" 0.478615236977522 0.923538375654455 1.01310626008063 0.316190552675558 1 -5.82080728161479
"KRT16" 0.616621076654706 2.4557089568436 1.01156487068128 0.316919536595164 1 -5.8223165881539
"ACTB" -0.289644121498108 4.64889836020568 -1.00789900307191 0.31865783791321 1 -5.82589732599251
"ACTG1" -0.289644121498108 4.64889836020568 -1.00789900307191 0.31865783791321 1 -5.82589732599251
"GC" 0.315666812340424 5.06743320271011 1.00177275661735 0.32157717291187 1 -5.83185355221622
"SeRPINB12" 0.399153327768145 0.756539404534591 1.00104074389495 0.321927200092894 1 -5.83256292575277
"SeRPIND1" 0.564601877109499 0.867886758831868 1.00003454209357 0.322408755243354 1 -5.83353719858292
"Q13509" -0.649011110603492 1.07733684802175 -0.982421609793071 0.330916606230974 1 -5.85043925824161
"F11" 0.51481055757994 0.873681843585717 0.977078298598872 0.333527048163471 1 -5.8555100046628
"COL1A1" 0.693006150420542 1.32880881656069 0.949374104558186 0.347281027396629 1 -5.88137534128754
"KNG2" 0.61661251947475 4.18853710619748 0.943908084047941 0.350038081904252 1 -5.88639412669929
"F13A1" 0.499318742574029 1.65008116970273 0.938306421368198 0.352878384629912 1 -5.89150853919066
"KRT13" 0.471128922407746 1.66250528245446 0.937220449639444 0.353430759395147 1 -5.89249666059964
"HP20" 0.425822360158919 0.816240202931749 0.927319059126711 0.358493061080139 1 -5.90145509539917
"P08238" -0.584632710299496 1.23310560991947 -0.925633163720275 0.359359679085697 1 -5.90297130819974
"P04406" -0.48155494746919 1.55420244363732 -0.922503128552415 0.360972242520002 1 -5.90577926354068
"PZP" -0.902998542311012 1.74957636782378 -0.920142526832512 0.362191495536944 1 -5.90789089898178
"LYZ" 0.35458769654324 0.816234948298071 0.917576913458656 0.363519653452291 1 -5.91018001195893
"P34931" -0.451907033425151 0.857992294258848 -0.913901916839904 0.365427584204232 1 -5.91344821636446
"KRT10" -1.47197066242175 2.01517132558285 -0.899893891791497 0.372759100233532 1 -5.92578966370218
"Q14CN4" 0.504311084775705 1.17514041604347 0.866687912564749 0.390511004338418 1 -5.9543093391434
"MSN" -0.845583460707336 1.42360330958695 -0.861336864837157 0.393420528275512 1 -5.95880818931128
"C4" 0.363138726981404 4.65920312784159 0.859055506342779 0.394665080792563 1 -5.9607180229495
"KRT9" 0.304227885864019 2.91951637462526 0.844201819098359 0.402828188862963 1 -5.97303278702257
"FLNA" -0.496674242914264 1.94622889739667 -0.836827865690732 0.40691919721469 1 -5.97906899445012
"SeRPINA3-5" 0.688104474484561 4.180000474502 0.836772853416173 0.406949813404684 1 -5.97911383370992
"KRT31" 0.611611010275845 0.79207591293003 0.826321905519615 0.412791817180725 1 -5.98758028986722
"KRT27" 0.858123562720701 0.96613086091488 0.810885507887863 0.421513904503743 1 -5.99989655102745
"KRT17" -1.05866025612745 3.23306572574161 -0.810309994641699 0.42184123266609 1 -6.00035137463565
"A1BG" 0.28487185293549 4.21514638674972 0.806280364415116 0.424137425959398 1 -6.00352716952385
"CLU" 0.53090233049491 3.15427172728283 0.805845629366558 0.424385599919035 1 -6.0038688693765
"IQGAP1" -0.536063266116469 0.948345697714533 -0.796783855253054 0.429578547296874 1 -6.01095059405324
"HRG" 0.546064530192709 1.92868671409551 0.792954421686692 0.431784451887172 1 -6.01391986403793
"CPB2" 0.565371845806791 2.51229027992346 0.789148446177477 0.433983542591723 1 -6.01685715610103
"C5" 0.568662763308696 0.94545995618737 0.78876847551859 0.434203455668335 1 -6.01714964658287
"YWHAe" -0.431102739423497 0.998097233620771 -0.785904612364825 0.435863091401891 1 -6.01934975571771
"Q7RTS7" -0.4906330651918 1.27703309365531 -0.782676293745831 0.437738451988942 1 -6.02182051180087
"HSP90AB1" -0.591991090316783 1.71077618304505 -0.774845175240453 0.442307482203522 1 -6.02777282185973
"Q8N1N4" 0.499510057935718 1.04438723187023 0.770376101817661 0.444927517423035 1 -6.03114356530628
"HBBF" -0.24698903536427 5.11778033064974 -0.766703135068472 0.447087651392631 1 -6.03389963254738
"C4BPA" -0.508641393897071 1.20731446658283 -0.762269845394817 0.449703127097468 1 -6.03720912132001
"AZGP1" 0.413130655902528 0.821127098909867 0.761306045197587 0.450272915929595 1 -6.037926130781
"P01024" 0.509536071596307 2.31548225916967 0.756911376571594 0.452876344079763 1 -6.04118428910282
"AFM" 0.50152244116217 3.70682550964005 0.756733737064434 0.452981762970281 1 -6.04131560229439
"FeTUB" 0.283780609971042 4.59737110107439 0.751834420276624 0.455894858254075 1 -6.04492538643869
"TLN1" -0.312462303684093 2.87545084798534 -0.751156537271434 0.456298777163962 1 -6.04542304497688
"F12AI" 0.450760312144572 4.17877512795676 0.745591184517751 0.459622753609482 1 -6.04949221319047
"RAP1B" -0.452958978236002 1.4255291648707 -0.737453460874678 0.464508211529686 1 -6.05538902830352
"FGB" -0.587793591997366 2.98846075906545 -0.723311948642664 0.473068567632493 1 -6.06548599101082
"DSP" 0.58856484793567 1.47603450015398 0.720817489204436 0.474587797474802 1 -6.06724720135245
"QSOX1" 0.220142729913024 0.978259002730328 0.720317937129717 0.474892377584315 1 -6.06759919479909
"P63104" -0.244578886629841 1.02876247999891 -0.714536506737986 0.478425399984056 1 -6.07165553741836
"KRT8" 0.506258706200235 1.48481870418941 0.700597972844691 0.487003860869306 1 -6.08130355980762
"eHD3" -0.230771899288298 1.05773225180497 -0.696555660255029 0.489507651678453 1 -6.0840667903002
"PPIA" -0.412715135929397 1.38578062735525 -0.686034391224966 0.496057888604236 1 -6.0911854756266
"ITIH1" 0.52986651410831 3.87981031137867 0.679985994886382 0.499845188198723 1 -6.09522977406011
"P02647" -0.492396827978235 1.00542398438452 -0.67594496646436 0.502384343306824 1 -6.09791227604219
"SeRPINA3-2" 0.373096335830295 4.76093658631639 0.670449063383324 0.505848929235914 1 -6.10153539463631
"YWHAB" -0.33932281752859 0.834450549216714 -0.668110403920501 0.507327134176854 1 -6.10306833630878
"RPS27A" -0.434151284888299 1.46532108751238 -0.659636177079713 0.512703025970803 1 -6.10857900237281
"TG" 0.480217599218461 0.984270444492584 0.659117842534277 0.513032839560077 1 -6.10891382829537
"KRT73" 0.439609749003406 2.38587391724535 0.655286091607389 0.515474497178945 1 -6.11138099351418
"AOCX" 0.478740542000012 0.823072621196081 0.643906768946698 0.522762138471204 1 -6.11862461390948
"P00747" 0.495569155459686 1.16782470389664 0.640431006571474 0.52499895762757 1 -6.12081230411886
"TUBB3" -0.649011110603492 1.6240475161786 -0.639991330358886 0.525282270174839 1 -6.12108821347649
"P04272" 0.568652985347784 1.30785720245291 0.631853578778961 0.530540503567048 1 -6.12616127724723
"LDHA" -0.508713077759497 1.66580828478678 -0.627131453991016 0.533604318311369 1 -6.12907579496086
"RBP4" 0.503468729030472 1.86564983922821 0.615488590798029 0.541197688172793 1 -6.13616999156749
"POTee" 0.322039032003106 1.39968024410531 0.608473077180511 0.545799895812453 1 -6.14038153468891
"HABP2" 0.288363670066807 1.22761421618688 0.607663387925833 0.546332342267948 1 -6.14086454885173
"HSPA8" -0.505649691939575 2.20683238143488 -0.607589781692218 0.546380758423959 1 -6.14090842672924
"GPLD1" 0.448688886238051 1.3278744502177 0.60629116068883 0.547235316293475 1 -6.14168169579964
"GSTA2" 0.450049813584826 1.55368427847348 0.605641030254366 0.547663391049694 1 -6.14206820702544
"SeRPINA3-4" 0.53562947208893 4.36803406739786 0.599338855310779 0.551821860653966 1 -6.145793780647
"ATIC" -0.272239138059812 0.705165706461896 -0.593047692671445 0.555988971944652 1 -6.14947458056678
"eeF1A1P5" 0.238348318877634 1.9684402153512 0.582672442021939 0.562895724880979 1 -6.15546131359148
"SeRPINA3-6" 0.673746280007454 3.86773204855871 0.578902200408989 0.565416101087638 1 -6.15761103413496
"H4C1" -0.25403624646653 1.01386474095244 -0.576243115126283 0.567197037759484 1 -6.15911892467068
"RGN" 0.260554616925252 1.09112540622662 0.566513205364341 0.573737241745028 1 -6.16457814308913
"F12" 0.332254691365845 1.484624969185 0.558302579516321 0.57928476533479 1 -6.16911360941452
"ILK" -0.298895550475903 0.777665343783164 -0.557585742070339 0.57977032887663 1 -6.16950648330042
"TUBA1D" -0.640456388510986 1.84952967490154 -0.555263140973554 0.581344939044885 1 -6.17077600046448
"AHCY" -0.401681821508845 2.09580206176725 -0.553196611481713 0.582747678620562 1 -6.17190115546417
"O95678" 0.485194792450093 1.53894183147187 0.542962403605042 0.589718472355499 1 -6.17741230914944
"KRT25" 0.633503775667918 1.02313114472002 0.537416235238225 0.593512620231192 1 -6.18035649482557
"S100A9" 0.277941371235917 0.904075742037082 0.537332565320077 0.593569947265464 1 -6.18040068251061
"H2BC18" -0.214328772707684 0.923136078527918 -0.537138591636795 0.593702859764373 1 -6.18050309759395
"KRT20" 0.333183187659482 1.26862606673491 0.531762524237815 0.597392170341008 1 -6.18332704604761
"CAP1" 0.420797595444242 1.40666138507366 0.528191908410161 0.59984842536384 1 -6.18518711892258
"AFP" 0.165823771616486 5.71185561573929 0.521768284219199 0.604279124733508 1 -6.18850226321042
"ACTN1" -0.364718491314767 0.903885631692904 -0.520756793286611 0.604978181147239 1 -6.18902062728931
"CHIA" 0.31378346927951 2.4685420252052 0.503590914998569 0.616898380637257 1 -6.19766608654592
"COMP" 0.378368133005769 2.11594427770156 0.49961639953332 0.619673418042421 1 -6.1996269694564
"P68104" 0.238348318877634 1.89863603467514 0.496328898220904 0.621973012640313 1 -6.20123729095443
"KRT84" -0.366826243017951 0.773961847807489 -0.494573425639627 0.623202522725038 1 -6.20209286935921
"FMOD" 0.287384842026642 1.14447821963996 0.491399931915191 0.625427947982425 1 -6.20363194796165
"CL43" 0.273183548521281 1.01997150344783 0.489840077212356 0.626523096990577 1 -6.20438485168063
"F2" -0.296355169235072 4.54461174228961 -0.486050561585641 0.629187194380842 1 -6.20620409031817
"LTF" 0.503624068463501 2.30720693197382 0.485725785629756 0.629415750310379 1 -6.20635935548154
"TAGLN2" 0.372044559582191 1.83077279292619 0.467601571101313 0.642227918202151 1 -6.2148611076631
"ITIH3" 0.348941449998665 4.77000855321383 0.464985087546933 0.644086767981077 1 -6.21606201039734
"KRT72" 0.461526938875841 1.86530528201292 0.463463065866582 0.645169129215832 1 -6.21675751079535
"CFH" 0.254747338807203 4.72189086334204 0.46077836328153 0.64708020377206 1 -6.21797880123567
"H4" -0.25403624646653 1.62809441033654 -0.456334679077664 0.650248668670841 1 -6.21998481763422
"P13647" 0.30199247626063 2.60010411438863 0.455700513515526 0.650701379938796 1 -6.22026952895167
"SeRPINA6" 0.382786281019133 1.96343800635878 0.451667542177363 0.653583501297583 1 -6.22207096641051
"PLG" -0.274361301809598 5.15979702787067 -0.449194903277309 0.655353191853702 1 -6.22316759017819
"THBS4" 0.313091512858384 2.68668185264539 0.444915200283561 0.658420936304801 1 -6.22505155074322
"CSN1S1" 0.244596557148512 1.13340790595161 0.443283444011189 0.659592167781765 1 -6.22576515525002
"F9" 0.263723979993517 1.31060263913142 0.441904112558527 0.660582887726456 1 -6.22636634115179
"P12259" 0.260138145253874 0.921348733982136 0.43807601693259 0.663335673184917 1 -6.22802509618078
"YWHAZ" -0.24457888662984 1.68859588819734 -0.433013274859469 0.666983505362754 1 -6.23019685688514
"CDH5" 0.277909869916509 1.06888632862755 0.42908002418962 0.66982313563318 1 -6.23186681808315
"P07900" -0.252102930764206 1.43066996680378 -0.42573789027021 0.672239842073473 1 -6.23327392655568
"FeRMT3" -0.309769052940913 1.8407830556546 -0.42512424663054 0.672683950569788 1 -6.2335310973081
"HSPA1L" 0.323172784006314 1.4491341242286 0.422276499473634 0.674746473622115 1 -6.2347197372802
"IGFBP2" 0.418571833406233 2.49221021613105 0.418857042318005 0.677226401074392 1 -6.23613653310253
"HSPA1B" -0.320318789418754 2.44510387229831 -0.415593935716127 0.679596309463729 1 -6.23747788830277
"HSPA1A" -0.320318789418754 2.44510387229831 -0.415593935716127 0.679596309463729 1 -6.23747788830277
"VCL" 0.303721523177686 1.09331505663949 0.412964180051432 0.681508614079006 1 -6.23855131732705
"P02787" 0.37433011289083 0.998359047154502 0.412385077947923 0.681930009761336 1 -6.23878678997628
"KRT77" 0.322555918666931 1.25641552382787 0.406957126049237 0.685884734545469 1 -6.2409779406556
"PROS1" 0.411172008041644 2.09391382770784 0.403469715356404 0.688430312189473 1 -6.24237052768583
"HBA" -0.143846267642237 4.58751823349648 -0.394681794015338 0.694861029014819 1 -6.24582692472356
"H2B1" -0.214328772707684 0.994790927341528 -0.394184662018149 0.695225497802361 1 -6.24602019384489
"PFN1" 0.313984913870518 1.84309090327684 0.391948455370712 0.696865854794024 1 -6.24688656801356
"KRT75" 0.258946268518442 3.76148145514914 0.389334812524641 0.698784933229999 1 -6.24789296717343
"LIMS1" -0.11241658635974 0.815161218650176 -0.388710079286938 0.69924394122724 1 -6.24813253404748
"KRT19" 0.362677144414314 2.98511971955223 0.38820966332039 0.699611691908978 1 -6.24832415322222
"KRT80" 0.292160529588196 1.43445392804139 0.373659008914403 0.710336303096799 1 -6.25378863208595
"KRT28" 0.406927645143351 1.28856412177471 0.373318921916036 0.710587685127567 1 -6.25391387054932
"eeF1A1" 0.238348318877634 3.0991127531867 0.361616679894653 0.719257256231035 1 -6.25815420707747
"Q86Y46" 0.240167554506694 1.1857206287167 0.331041045977601 0.742083173172027 1 -6.26859942510186
"LBP" 0.229780253812586 1.87657596517871 0.326641677857475 0.74538739967995 1 -6.27002682088471
"APOH" 0.151981903523713 3.65061751575342 0.324437777846717 0.747044503299876 1 -6.27073474076691
"FABP1" -0.178068172183731 0.723699590153096 -0.323626779112866 0.74765459439597 1 -6.27099404284064
"DDBX" -0.179607727222576 1.17015546864944 -0.320445164670379 0.750049604165423 1 -6.27200506739908
"KRT1" 0.122897287397181 3.40895010581031 0.317926789553498 0.751947116480485 1 -6.27279828321282
"AHSG" -0.10144188591527 6.33992813471078 -0.31720841249346 0.752488674225068 1 -6.27302340917891
"HP" -0.270484853752705 0.825622886483792 -0.316826480101788 0.752776650075901 1 -6.2731428932246
"SeRPINC1" 0.186371524057684 5.03021048165686 0.312189017051007 0.756276105154826 1 -6.2745822454513
"SeRPINA1" 0.10144188591527 6.35969402538638 0.309939725425723 0.75797529811491 1 -6.27527275838103
"KRT35" 0.280249200318707 1.15178337413476 0.306301472741658 0.760726313688428 1 -6.2763791443782
"APOA2" -0.162353021943619 2.08057150987048 -0.301930624625417 0.764035402535622 1 -6.27769110686267
"GSN" 0.104002306745122 4.70798588107988 0.299445722543358 0.765918665955582 1 -6.27842860634727
"IGKC" 0.221878639072778 0.881565498792972 0.29466493213786 0.769545952474587 1 -6.27983043115272
"P09429" 0.166307186163347 1.26815882585194 0.294529124409961 0.769649069165443 1 -6.27986992445169
"H1-3" 0.143655070036994 1.12736348218594 0.293884565896989 0.770138529700211 1 -6.28005711670497
"APOC3" 0.174188494990405 1.26793116509266 0.284539391044414 0.777245530624376 1 -6.28272522804293
"HSP90AA1" -0.252102930764206 2.06333001962018 -0.281691199783168 0.779415441367026 1 -6.2835213252046
"H1-2" 0.143655070036994 1.09669133478812 0.281071398537556 0.779887876293428 1 -6.28369350833152
"LYSM" -0.11428471416708 1.09459348779693 -0.275203908234572 0.784364423405011 1 -6.28530479291805
"B4GALT1" 0.145361298025668 0.74343284348161 0.274831131141996 0.784649080949022 1 -6.28540601753715
"CRYZL1" -0.233993756473595 0.862178149099808 -0.272489766460396 0.786437656593329 1 -6.28603866932076
"SeRPINF2" 0.117143998178337 4.39142943819755 0.269681071775365 0.78858476179873 1 -6.28679047856115
"P13645" 0.088237983841795 3.13597377247352 0.268937237731495 0.789153663856116 1 -6.28698828174545
"CAPNS1" -0.124105194720311 0.858051979934831 -0.267361529984742 0.790359185769265 1 -6.28740550115616
"P35900" 0.0937451009542785 1.05611255282155 0.267123799708755 0.790541110384667 1 -6.28746823572836
"CSN1S2" 0.152748325789194 0.933327611109683 0.266054673506561 0.79135941153938 1 -6.28774967944068
"UBB" -0.0939913422970343 0.754972106198902 -0.265657747314506 0.791663276335187 1 -6.2878538824465
"P0CG48" -0.0939913422970343 0.754972106198902 -0.265657747314506 0.791663276335187 1 -6.2878538824465
"AMY1A" -0.132050676348089 0.931305959676543 -0.263522425572094 0.793298520441449 1 -6.28841179604116
"AMY1B" -0.132050676348089 0.931305959676543 -0.263522425572094 0.793298520441449 1 -6.28841179604116
"AMY1C" -0.132050676348089 0.931305959676543 -0.263522425572094 0.793298520441449 1 -6.28841179604116
"CFL1" 0.118545973223018 1.04426362624368 0.261711745404196 0.794685887470547 1 -6.28888137071762
"KRT4" -0.128352561889009 0.990790724299546 -0.25827644081109 0.797319902691485 1 -6.28976339733184
"TUBB2B" -0.240066482285292 0.92920761844114 -0.255106648040075 0.79975245285254 1 -6.29056694495349
"HMGB1" 0.166307186163347 1.48550073254135 0.254923341080999 0.799893187180695 1 -6.29061311093115
"KRT74" -0.255123327336583 1.00583262753999 -0.252211677743274 0.801975853838707 1 -6.29129217964741
"Q02413" -0.156537905361978 1.12524440089699 -0.248642234482065 0.804719543086308 1 -6.29217501749695
"TGFBI" 0.19707773069783 2.48367420342353 0.247565109924724 0.805547975489474 1 -6.29243896013129
"SeRPINA3-1" 0.290932327828108 3.96706252848331 0.243886658582428 0.808378819981421 1 -6.29333172580904
"PROC" 0.158770516399563 1.6725020153346 0.243707507939075 0.808516756328965 1 -6.29337486554189
"FGG" 0.219945871938774 1.93986478329212 0.236530993168959 0.814047292465383 1 -6.29507697677599
"P62987" -0.0939913422970343 0.778036181657141 -0.234606077447163 0.815532358190686 1 -6.29552489329202
"FGA" 0.151631678502714 3.23023216956481 0.230291783444396 0.818863298388374 1 -6.29651554094358
"APOD" 0.121299384303019 2.03025949694095 0.228700776454256 0.820092523993736 1 -6.2968762380619
"BLVRB" -0.137710623720256 1.38693584183561 -0.228336313721551 0.820374175369959 1 -6.29695851417697
"P14923" 0.168457296061827 1.10005277187694 0.226154325517809 0.822060882234927 1 -6.29744835170291
"SeRPINB3" 0.145539731889816 0.93675025011604 0.224432207277036 0.823392703359842 1 -6.2978316388814
"F5" -0.18500113047937 4.70170584827196 -0.223631395250187 0.824012200237214 1 -6.29800887766762
"RNASe4" -0.124105194720311 0.913827514006548 -0.215783061974479 0.83008949101375 1 -6.29971244145374
"RPS4" 0.128982162037125 0.819531956561856 0.21227781906974 0.832807163054177 1 -6.30045367286929
"CRYZ" -0.152914720466461 0.885192587043593 -0.208870396784514 0.835450971825668 1 -6.30116260562579
"GSTA1" -0.123542530763204 1.25008334825289 -0.207890836417746 0.836211366516069 1 -6.30136428960682
"C7" -0.154342849908227 3.25915321358906 -0.207839568294539 0.836251168327657 1 -6.30137481926168
"LGALS3BP" -0.098226802181085 0.833459978619394 -0.207266383082358 0.836696187917362 1 -6.30149236586903
"CD14" -0.135650360239286 1.00797114158891 -0.207223893330026 0.83672917900611 1 -6.30150106660367
"C1S" -0.0954935649708374 0.797910518051992 -0.203497814312577 0.839623432198017 1 -6.30225714087111
"P07996" 0.126749070249588 2.00970292703318 0.199694200062707 0.842580221544751 1 -6.303014824146
"OMD" 0.0852879592742068 0.719840954152191 0.197173335851399 0.844541114124344 1 -6.30350911934642
"GGH" 0.0933558250751453 0.733620435019389 0.196562997206215 0.845016025373653 1 -6.3036278529447
"GFAP" -0.144818139120491 1.17734737471369 -0.193487423764763 0.847410044213655 1 -6.30422057483955
"KRT6A" 0.152153914334656 2.57447632704768 0.190509072202687 0.849729771980413 1 -6.30478566596283
"THBS1" 0.0968121127326196 3.8930104496408 0.187587637859003 0.852006474433783 1 -6.30533145522507
"HBA1" -0.0993969146200997 1.82643888532008 -0.184407322557633 0.854486372614672 1 -6.30591603539022
"COL10A1" 0.087410309309874 0.950811369126076 0.183603746381294 0.85511320902933 1 -6.30606216284145
"eNO3" 0.160612767250284 0.933274938181608 0.181593008482049 0.856682114895894 1 -6.30642501620123
"JUP" 0.168457296061827 1.99121040639514 0.177943501303501 0.859531182454059 1 -6.30707340533944
"B4GAT1" -0.0633118530061789 0.751939136810005 -0.176564460648281 0.860608254436323 1 -6.30731499043746
"P05109" 0.0857609369077885 0.857391557633852 0.173849822620961 0.862729248096279 1 -6.30778506598256
"CFD" -0.0880402167579875 1.78210932271283 -0.1718736109368 0.864273940068455 1 -6.30812269828141
"COL2A1" -0.0792739357777347 0.758061130802922 -0.170965959746446 0.864983579082 1 -6.30827647704349
"UBA52" -0.0939913422970343 1.32474527356399 -0.166443234197996 0.868521295820371 1 -6.30903061764613
"IGFBP3" 0.116894984171134 1.51430664029472 0.166018361634073 0.868853775805855 1 -6.30910042533852
"BPT2" -0.0904620556281008 0.757961507238932 -0.164039673369044 0.870402493866119 1 -6.30942318152565
"CNTN1" 0.0850290856565303 0.80892075336057 0.155308678965987 0.877242283805303 1 -6.31080118924767
"P05786" 0.175407223692767 1.65283958906743 0.155135392712763 0.877378132438464 1 -6.31082777716172
"P01023" 0.137618716076903 2.44612252397125 0.152689523943472 0.87929597935062 1 -6.31119989247662
"CSN2" 0.0867781856805309 0.834847588435451 0.15144635576581 0.880271049469519 1 -6.31138676418079
"KRT5" 0.0943112217589728 4.73730482687423 0.150117106140098 0.881313844243731 1 -6.31158488721789
"P68032" 0.102727620916246 2.03404680916652 0.148479777366666 0.882598618533418 1 -6.31182653071262
"KRT2" 0.098609974921855 3.01917522849957 0.146288196256702 0.884318800347299 1 -6.31214582944028
"GDI2" -0.0639919704160741 0.954614465279186 -0.145689543531328 0.884788783803801 1 -6.3122322243103
"ITIH4" 0.0597313148082224 5.57714384362311 0.143049975702816 0.886861522344057 1 -6.31260893397553
"HBD" 0.0875562168370468 0.958828187301187 0.140166291507487 0.889126867762965 1 -6.31301261758097
"P0CG53" -0.0939913422970343 1.11835979345701 -0.139740137572409 0.889461722675185 1 -6.31307157779495
"HSPA6" 0.0741689114467428 0.881838350545178 0.138628015053737 0.890335680305128 1 -6.31322459980303
"MST1" 0.0805793746888457 1.62360500018283 0.137319720864157 0.891363974775589 1 -6.31340305005016
"eNO1" -0.106780328584098 3.04866362792199 -0.135387168673172 0.892883268773804 1 -6.31366355529596
"KRT6B" 0.129750264538524 2.38420675803211 0.134606692631623 0.893496962692764 1 -6.31376771652805
"UBC" -0.0939913422970343 1.17848232632556 -0.133854978410047 0.894088103217986 1 -6.31386747037692
"APOA1" 0.0531691429003347 5.73016030923517 0.127304091117481 0.899242189303327 1 -6.31471315599952
"CATHL1" 0.0569020214400989 0.722043678629876 0.125393842030287 0.900745965526864 1 -6.31495177544731
"APCS" 0.0871520716996391 0.844120548981667 0.124499945311785 0.901449780847069 1 -6.31506219864209
"FHL1" -0.0464257532075515 0.837231346343477 -0.12403805090106 0.901813487749611 1 -6.31511894717191
"P08729" -0.0723691157759593 0.884330985275087 -0.123415274728751 0.902303910532724 1 -6.315195127998
"FAP" -0.0589360893066926 0.71726928331621 -0.123318271564131 0.90238030189829 1 -6.31520695937644
"TF" 0.0399642711456627 6.50277193165561 0.121728051971457 0.903632754823308 1 -6.31539959140658
"K2C4" 0.13016749570434 1.19799091914634 0.11994420394785 0.905038003444724 1 -6.31561270530045
"PGLYRP1" -0.0907642194834272 1.5938618371208 -0.118419365611968 0.906239457485653 1 -6.31579238316627
"AGT" -0.0472736630345825 5.18031301631619 -0.115365072536857 0.908646666321132 1 -6.31614537310953
"Q14624" -0.0846888729606364 0.847102710185448 -0.109770792705616 0.91305796871026 1 -6.3167680091997
"SeRPINF1" -0.0346590301756269 4.44950328492584 -0.103423923452681 0.918066058890196 1 -6.31743695948115
"H2BC12" -0.0556791257635649 1.06456876744601 -0.101591413216389 0.919512661595686 1 -6.31762269665796
"C3" -0.0399642711456627 6.67762398894577 -0.101099083565876 0.919901358829773 1 -6.31767203195213
"KRT222" -0.0463145238996672 0.969104467853743 -0.0906741911820877 0.928136361741515 1 -6.31866044392632
"ACTC1" 0.102727620916245 3.26018247841033 0.0874990889694821 0.930646112396337 1 -6.31894014287059
"LDHB" 0.0599566322689693 1.6409401660241 0.0776179151649026 0.938461099183028 1 -6.31974682296055
"CORO1A" 0.0309011002230823 0.712513251951128 0.0741099450796731 0.941237053524422 1 -6.32000999061702
"CPN1" -0.0568431457969236 2.28334598915311 -0.0687216571698178 0.945502379098988 1 -6.32039052385502
"OGN" -0.0273820826048955 0.995878796308399 -0.0595448090242078 0.9527703438575 1 -6.32097253786212
"KRT15" -0.0479131698365924 1.05196784790562 -0.0512039993049136 0.959379710741238 1 -6.32142929362668
"CLIC1" 0.0175705811641591 0.811425802114727 0.0436278934489839 0.965385627470416 1 -6.32178455257971
"HBB" 0.0268820125373428 3.6927480636675 0.0362535496948486 0.971233548679064 1 -6.32207583889605
"P05452" 0.0155388480462858 0.807739349953079 0.0359822134567016 0.971448753211186 1 -6.32208553090408
"LOX" 0.0155388480462858 0.816160085207953 0.0341936820879046 0.972867341533554 1 -6.32214759478317
"IGFBP6" 0.0155388480462859 0.737406371623844 0.0332418906689571 0.973622299117679 1 -6.32217933326357
"IGF2" 0.0155388480462857 0.832300800560946 0.032599964511185 0.974131486490398 1 -6.32220023310221
"GARIN1B" 0.0155388480462858 1.00494114708315 0.0321023674259998 0.974526196945174 1 -6.32221615350005
"P02649" 0.0155388480462858 0.800040951030369 0.0313415983648952 0.975129676523604 1 -6.32224002060281
"CALD1" 0.0155388480462858 0.74005781239672 0.0306232103225289 0.975699550881419 1 -6.32226203268815
"CCN2" 0.0155388480462858 0.848101510689783 0.0304613979988819 0.975827913222444 1 -6.32226692034409
"CHI3L1" 0.0155388480462857 0.89653022475856 0.0288716555319819 0.977089056581354 1 -6.32231356277858
"CATHL4" 0.0155388480462857 1.03048592688038 0.0285800156412219 0.977320421140939 1 -6.3223218480713
"CKM" 0.0155388480462859 1.35290143801116 0.0279187676712169 0.977845011461075 1 -6.32234032211508
"LASP1" 0.0155388480462858 0.732436238002766 0.0273525833010731 0.978294192489346 1 -6.32235579662146
"NACA" 0.0155388480462858 0.91529785373374 0.0273375253929174 0.978306138742727 1 -6.32235620384459
"TRAP1" 0.0155388480462858 0.747289114942391 0.0267381364743729 0.97878167045664 1 -6.32237223148951
"DSG1" 0.0155388480462859 1.10922966829358 0.0265207458024999 0.97895414164167 1 -6.32237795671137
"H2AZ2" 0.0155388480462859 0.75206805292264 0.0258031881123718 0.979523437376144 1 -6.32239652264588
"ARG1" 0.0155388480462859 0.902931337311827 0.0246005990688654 0.980477571147383 1 -6.32242649635454
"H2A1" 0.0155388480462859 1.14609188733564 0.0244057155944127 0.98063219438645 1 -6.32243121902304
"H2AJ" 0.0155388480462859 1.14609188733564 0.0244057155944127 0.98063219438645 1 -6.32243121902304
"H2AC20" 0.0155388480462859 1.14609188733564 0.0244057155944127 0.98063219438645 1 -6.32243121902304
"H2AZ1" 0.0155388480462858 0.791597280724162 0.0242552531214416 0.980751573903779 1 -6.32243483953036
"SPP2" 0.0155388480462859 1.00746553062325 0.0234915738246937 0.981357497012268 1 -6.32245287038138
"HSPA2" 0.0155388480462858 0.839082397910449 0.0198566428910094 0.984241692167957 1 -6.32253078680596
"P02774" 0.0155388480462858 0.984024814349377 0.0196999454940793 0.984366031328946 1 -6.32253385189437
"KRT78" 0.0155388480462858 1.30137014592659 0.0194688916017452 0.984549372977213 1 -6.32253832713545
"MDH1B" 0.0155388480462858 1.38426449232822 0.0171411578554525 0.986396478879217 1 -6.32258046732992
"TUBB4A" 0.0155388480462859 0.896577065405481 0.0171174436262684 0.986415297025699 1 -6.32258086906705
"KRT81" 0.0155388480462859 0.813650693129048 0.0166461425050322 0.986789294068015 1 -6.3225887379022
"P02751" 0.0155388480462859 0.834444741245757 0.016131079485295 0.98719802142071 1 -6.32259708616428
"C4B" 0.0155388480462858 0.825451840140098 0.0160511350550403 0.987261461496336 1 -6.32259835840061
"PeBP1" -0.00756620816615453 0.80566044467276 -0.0160296967342139 0.987278473936373 1 -6.32259869849546
"RAC1" -0.00339360992529833 0.753457032582295 -0.00721834773131385 0.994271157960524 1 -6.32269999477154
"P63000" -0.00339360992529825 0.746602443699595 -0.00715509061503317 0.994321361095233 1 -6.32270044438125
"CFB" -0.00378251864936008 4.64449267391141 -0.00572712519044646 0.995454651869968 1 -6.3227095408741
"PRDX6" 0.00289497411545248 0.949518417498619 0.00507091493166771 0.995975450032217 1 -6.32271304479098
"CDH1" -0.00101724877274229 0.741230459058091 -0.00208300997787128 0.998346805585899 1 -6.32272361484319
"RAP1A" -0.000832965693344678 0.740491933861778 -0.00131925234506884 0.99895296633456 1 -6.32272489980272
"A2M" 0 6.92086440788217 0 1 1 -6.32272576044338
"ALB" 0 7.89886994691184 0 1 1 -6.32272576044338
