"logFC" "AveExpr" "t" "P.Value" "adj.P.Val" "B"
"P13645" 6.18050421593061 3.13597377247352 18.8373267299534 1.48873331188216e-23 5.79117258322159e-21 41.876406106596
"KRT1" 6.91585477999352 3.40895010581031 17.8908383886103 1.25844911762706e-22 2.44768353378464e-20 39.9854624778682
"P63261" 4.38987514829062 2.61637983050475 16.2405911778243 6.41525785814597e-21 6.23883826704695e-19 36.4490777279105
"P60709" 4.38987514829062 2.61637983050475 16.2405911778243 6.41525785814597e-21 6.23883826704695e-19 36.4490777279105
"KRT9" 5.69528060190768 2.91951637462526 15.8038314954307 1.90438812013257e-20 1.48161395746314e-18 35.4590523501883
"P02768" 5.87717331873826 3.38571285078241 14.5848756764897 4.44087588113585e-19 2.87916786293641e-17 32.5686760893767
"TLN1" 4.94712498896874 2.87545084798534 11.8928434961542 8.76607315585744e-16 4.87143208232649e-14 25.4751668026555
"eeF1A1P5" 3.84451263652742 1.9684402153512 9.39839465559511 2.25478091022032e-12 1.09638721759463e-10 17.9904780305488
"KRT14" 5.14084899479375 2.59721950884683 9.16765842731486 4.84432578188352e-12 2.0938252546141e-10 17.2559902954803
"KRT2" 6.06480684579876 3.01917522849957 8.99715931192846 8.55654054391928e-12 3.3284942715846e-10 16.7091296503079
"KRT16" 5.02049855186576 2.4557089568436 8.23611154507702 1.12412448905246e-10 3.97531296583098e-09 14.2289004157878
"P13647" 5.36050940975711 2.60010411438863 8.08889983279887 1.86145055624864e-10 6.03420221983933e-09 13.7424820902179
"P68104" 3.84451263652742 1.89863603467514 8.00568986628187 2.47742347568095e-10 7.41321332338376e-09 13.466698394226
"P19823" 2.96621116409769 1.84784059236717 6.7925540731901 1.67808937933734e-08 4.59541493477915e-07 9.39535457104681
"Q04695" 4.22379026395526 2.13005613425584 6.77064029094131 1.81180458444211e-08 4.59541493477915e-07 9.32128373783546
"PKM" 2.82869544079405 1.51734925952507 6.75854188217699 1.89014496032047e-08 4.59541493477915e-07 9.28038762761146
"KRT13" 3.26776435693408 1.66250528245446 6.50058918962084 4.66180637778709e-08 1.06673098879952e-06 8.40832164496125
"KRT6A" 5.02458397862834 2.57447632704768 6.29118768425233 9.69840483434057e-08 2.09593304475471e-06 7.70089142264837
"KRT3" 3.48314304064891 1.68289539879105 6.15134549518535 1.58100194608179e-07 3.23689345803062e-06 7.22914603041341
"HBA1" 3.1231149318475 1.82643888532008 5.79419657866624 5.48681139661227e-07 1.06718481664109e-05 6.02889719431006
"P02788" 2.3581084420033 1.35017089856469 5.47772482522075 1.64048208097542e-06 3.03879775952114e-05 4.97396695740789
"KRT79" -4.26609868146076 2.46167221409469 -5.33191269800054 2.70827573635104e-06 4.55161721875308e-05 4.49173182928685
"KRT6C" 5.0029485721326 2.32059859033938 5.32411473301 2.78167536809715e-06 4.55161721875308e-05 4.46602190487291
"P07996" 3.37754331584568 2.00970292703318 5.32134720441582 2.80819571336951e-06 4.55161721875308e-05 4.45689939986409
"VTN" 1.97395140132127 1.40921416454494 5.27796904169544 3.2581028961212e-06 5.06960810636459e-05 4.31405620340422
"APOA4" -3.61209233002321 2.32307816207925 -5.2610085487362 3.4527908710863e-06 5.16590634174065e-05 4.25828013402383
"KRT6B" 5.02194098851811 2.38420675803211 5.20990742839601 4.11163155293876e-06 5.92379508923399e-05 4.0904913408738
"LYSM" -2.13454072466813 1.09459348779693 -5.14009204114313 5.21654714459972e-06 7.24727442589032e-05 3.86191711046242
"eHD3" 1.6573722320204 1.05773225180497 5.00256752630479 8.3193400344175e-06 0.000111593905978911 3.41407584535775
"P08727" 3.58904410947162 1.416951926209 4.92820947261106 1.06940780764847e-05 0.00013803401873541 3.17337303517069
"KRT71" -3.43522142217602 2.1048396744389 -4.91983619418449 1.1000140310534e-05 0.00013803401873541 3.14633519801701
"P09429" 2.7150262876713 1.26815882585194 4.80829682532442 1.60002350302707e-05 0.000194502857086729 2.78752970335204
"SYNCRIP" 2.28963328184554 1.12831937205131 4.77722946223749 1.77530675707544e-05 0.000209271008637074 2.68805914107033
"KRT8" 3.39902097019566 1.48481870418941 4.70381481288305 2.26795499957504e-05 0.000259480733774908 2.45385704583369
"Q5XKe5" 2.86020451064743 1.49693522987368 4.585075045367 3.36234122221021e-05 0.000373700210125649 2.07774179715946
"H2BC18" 1.79921517221673 0.923136078527918 4.50909083016179 4.31887252197206e-05 0.000466678169735314 1.83890416859533
"KRT222" -2.26830549645253 0.969104467853743 -4.44086970839391 5.40126412408011e-05 0.000563481275905287 1.62576864039318
"Q7RTS7" 2.78020137634297 1.27703309365531 4.43508165975835 5.50444434046295e-05 0.000563481275905287 1.60774417115865
"C4A" 2.54060259539793 1.81106546131638 4.4007526019987 6.15718004224248e-05 0.000612423201581303 1.50103291930673
"P61224" 1.383625762679 1.06500774225224 4.39384320374595 6.29741081317535e-05 0.000612423201581303 1.4795953602047
"F10" -2.52657047343323 1.80970480432474 -4.37433994653905 6.71028026681055e-05 0.000636658298485196 1.41915681279615
"Q14CN4" 2.53473593016004 1.17514041604347 4.35609102899319 7.12045591329892e-05 0.000659489845303162 1.36270461212178
"P62826" 1.34592686074237 0.922613212676283 4.32670420201675 7.83291891258509e-05 0.000708605920231534 1.27200229728076
"LIMS1" 1.24213204747836 0.815161218650176 4.29500007334395 8.67952335673238e-05 0.000767348769492931 1.17443515693728
"HP" -3.6260456277262 0.825622886483792 -4.24728873717751 0.000101240338871948 0.000875166484915287 1.02818181090596
"P26583" 2.3654295868026 1.24120552866906 4.22728604570859 0.000107970109814269 0.000905150728275978 0.967075510157911
"P68366" 1.82532643050455 1.95366699123422 4.2232988628246 0.000109362684393242 0.000905150728275978 0.954910055040869
"P62979" 1.55004118674828 0.826696115854738 4.19296609874811 0.000120544439910238 0.000976912231772557 0.862525567059496
"O95678" 3.7207251825822 1.53894183147187 4.16371717034955 0.000132375658431048 0.00105090063529955 0.773721789070882
"P35900" 1.44355093631834 1.05611255282155 4.1133542687266 0.000155442976099427 0.00120934635405354 0.621470123220202
"TUBB1" 1.49201396261298 1.42581639624191 4.09921495243811 0.000162591972561475 0.00124016230051792 0.578877783996981
"C9" -2.70635827052754 2.64589591784853 -4.07891469379564 0.000173416733801454 0.00129729056632241 0.517845085875265
"FN1" -3.59085767738178 3.71655401057699 -4.02152357865151 0.000207938576518785 0.00152619068426052 0.346067128269794
"LUM" -2.13585016279924 3.21823144904628 -4.01102045079281 0.000214939785607753 0.00154836252965585 0.314754976562409
"P04406" 2.01444032956716 1.55420244363732 3.8590144615361 0.00034573698519839 0.00244530340440316 -0.133909049841973
"Q86Y46" 2.78020137634297 1.1857206287167 3.8321611490918 0.000375724898138377 0.00260994616742551 -0.212265535627844
"UBB" 1.34983225561873 0.754972106198902 3.8151747545736 0.000395973112622368 0.00265575070362243 -0.261685922419013
"P0CG48" 1.34983225561873 0.754972106198902 3.8151747545736 0.000395973112622368 0.00265575070362243 -0.261685922419013
"APOC3" -2.31508783251108 1.26793116509266 -3.78172899486457 0.000438958619332457 0.00289415089695467 -0.358660667134972
"DSP" 3.06735061176268 1.47603450015398 3.75659534244242 0.000474183462652374 0.00307428944952956 -0.431240682297494
"H2A1" -2.32136603960849 1.14609188733564 -3.64599738567844 0.000664187191804836 0.00410109234304891 -0.747537993857028
"H2AJ" -2.32136603960849 1.14609188733564 -3.64599738567844 0.000664187191804836 0.00410109234304891 -0.747537993857028
"H2AC20" -2.32136603960849 1.14609188733564 -3.64599738567844 0.000664187191804836 0.00410109234304891 -0.747537993857028
"H4C1" 1.59900624108718 1.01386474095244 3.6271057783553 0.000703222430628808 0.00423390413481585 -0.801050614412399
"APOH" -1.69817359539948 3.65061751575342 -3.62511361494702 0.00070746470119031 0.00423390413481585 -0.806684696231333
"QSOX1" 1.0992824562745 0.978259002730328 3.59690675017692 0.000770227061298041 0.0045167618520636 -0.886272550368479
"Q02413" 2.26241874729602 1.12524440089699 3.5935887308636 0.000777951270149773 0.0045167618520636 -0.895611809881682
"KRT77" 2.81867371167372 1.25641552382787 3.55621858595545 0.000870230375050795 0.00497822964551117 -1.00046304403906
"Q8N1N4" 2.29193902053071 1.04438723187023 3.53477376519105 0.000927820765879507 0.0052307576511178 -1.06035136776644
"TPI1" -1.69174753599396 1.21743964433329 -3.4996634879882 0.00103005083306753 0.00572413962947528 -1.15795486535036
"KRT76" 2.84772398944927 1.62000062950684 3.43017643080885 0.00126493237690702 0.00693040414953285 -1.34945147659911
"SeRPINF1" -1.14679289352976 4.44950328492584 -3.42207556978635 0.00129542347597101 0.00699888516878783 -1.37162932426004
"MDH1B" -3.08658665657747 1.38426449232822 -3.40486430894561 0.00136254472899058 0.00726068355585394 -1.4186455235151
"P62987" 1.34983225561873 0.778036181657141 3.36923426097681 0.00151216021552579 0.00792828800587699 -1.51552598397097
"P01024" 2.26559937835043 2.31548225916967 3.36552805546142 0.00152859023249556 0.00792828800587699 -1.52556822513599
"RBP4" -2.73494398952364 1.86564983922821 -3.34345854064268 0.00162999416149849 0.00834299643188044 -1.58522874050128
"GARIN1B" -1.61357477158777 1.00494114708315 -3.33355278541486 0.00167755692623016 0.0084749304455004 -1.6119294599616
"FHL1" 1.20377903968043 0.837231346343477 3.21619781008146 0.00235101114157394 0.011724914539388 -1.92452357932228
"SeRPINA3-2" -1.78310080813732 4.76093658631639 -3.20420800722493 0.00243265820569669 0.0118796347367705 -1.95606505051511
"ANXA2" 1.58617706691597 1.17048389688045 3.19734845957119 0.00248056641749369 0.0118796347367705 -1.97407681752438
"GSN" -1.11045353279761 4.70798588107988 -3.19724216592917 0.00248131575086805 0.0118796347367705 -1.97435573002452
"SeRPINA1" -1.04538580206172 6.35969402538638 -3.19401187716073 0.00250419035582308 0.0118796347367705 -1.98282913558288
"SeRPINA7" -1.78010307263726 3.67551016269991 -3.18671555258178 0.00255659236218972 0.0119821015529133 -2.00194814414645
"P68032" 2.19325662407028 2.03404680916652 3.1700749257634 0.00268000138818601 0.0124109588095757 -2.04544818425792
"AGT" -1.29272257857318 5.18031301631619 -3.15471711887504 0.00279886223726106 0.0128089107093477 -2.08546530760456
"KRT73" -2.10731130808627 2.38587391724535 -3.14117645026386 0.00290776345334733 0.0131525579459548 -2.12064383359369
"P01023" 2.80503154310003 2.44612252397125 3.11221426250647 0.00315422859656533 0.0141033899317691 -2.19555834258214
"PRDX6" -1.75327136504807 0.949518417498619 -3.07107752598958 0.00353824129163052 0.0156406348005031 -2.30118463474859
"IQGAP1" 2.02947189890935 0.948345697714533 3.01652910384163 0.00411538269854027 0.0179874592104738 -2.43981404990861
"CKM" -1.61776411169279 1.35290143801116 -2.90664920891477 0.00555503614577445 0.024010100674514 -2.71396574738068
"CFL1" -1.30925859434451 1.04426362624368 -2.8904259047815 0.00580364210505816 0.0248089755919519 -2.75385259742062
"APCS" -2.02030951096818 0.844120548981667 -2.88608656940806 0.00587187146859381 0.0248278043617717 -2.76449517539224
"OGN" -1.31908468282444 0.995878796308399 -2.86846865006156 0.00615662067211557 0.0257518864672361 -2.80759056422089
"SeRPINB3" 1.85429314699033 0.93675025011604 2.85944668520338 0.0063073567225816 0.0260442895471206 -2.82958818857616
"OMD" -1.23550938330644 0.719840954152191 -2.85631768722492 0.00636043060919398 0.0260442895471206 -2.83720611597023
"P14923" 2.12258023807537 1.10005277187694 2.84956907965082 0.00647631485145099 0.0262425674709837 -2.85361658638259
"YWHAZ" -1.5803023027482 1.68859588819734 -2.79783706929946 0.00743187522590238 0.0295721224478435 -2.9785053279913
"FABP1" -1.53893765180302 0.723699590153096 -2.79691440306722 0.00745004627220735 0.0295721224478435 -2.98071811026971
"HSPA1L" -2.13281446943114 1.4491341242286 -2.78686038166042 0.00765073325612245 0.0300619720871882 -3.00479656916666
"AMBP" -1.34107775356403 3.38053727812444 -2.7469719199903 0.00849720127839043 0.0330541129729388 -3.0997160277591
"ADIPOQ" -1.23048296437917 2.9311360628011 -2.74213428264447 0.00860553948745512 0.0331441075308915 -3.11116112190835
"H1-3" -1.33469800581993 1.12736348218594 -2.73047894475954 0.00887181264250931 0.0338346580189816 -3.13867622095187
"LYZ" 1.04932322965951 0.816234948298071 2.71536429401755 0.00922842678062171 0.0348529904627364 -3.17423189083905
"CSN1S1" -1.48797247874853 1.13340790595161 -2.69665923618471 0.00968801875358117 0.0362369162994527 -3.21803570243781
"P0DMV8" 1.66327365676924 1.01534727561345 2.68229592848071 0.0100551217269472 0.0369003995451175 -3.25152250105411
"P0DMV9" 1.66327365676924 1.01534727561345 2.68229592848071 0.0100551217269472 0.0369003995451175 -3.25152250105411
"APOA1" -1.1159758157213 5.73016030923517 -2.67200634013972 0.0103259196367378 0.037540025595243 -3.27543157514701
"H1-2" -1.33469800581993 1.09669133478812 -2.61143191830604 0.0120604485861593 0.0434399490742217 -3.4148130345186
"SeRPINA5" -1.04186873210041 4.45273357818194 -2.58237296013965 0.0129837871007474 0.0463366346989975 -3.48083668260543
"ORM1" -1.21268191508545 3.90623180911046 -2.56373463612868 0.0136095176640328 0.0481282033755342 -3.52289358432828
"RAC1" -1.20048715730186 0.753457032582295 -2.55348550338162 0.013965203736729 0.0489411194016899 -3.54592314140484
"ACTB" -0.717250096184523 4.64889836020568 -2.49587546661925 0.0161267705893745 0.055117182679904 -3.67407401109841
"ACTG1" -0.717250096184523 4.64889836020568 -2.49587546661925 0.0161267705893745 0.055117182679904 -3.67407401109841
"KRT78" -1.98926532839167 1.30137014592659 -2.49238495223105 0.0162670135436257 0.055117182679904 -3.6817671711542
"CATHL1" -1.13070387167785 0.722043678629876 -2.49170941699255 0.0162942827974009 0.055117182679904 -3.68325511621963
"TUBA1B" 1.33867678632041 1.83936878995559 2.48579247656576 0.0165349085107638 0.0554489604369579 -3.6962747210211
"B4GAT1" -0.888089984060597 0.751939136810005 -2.47671046727216 0.0169105185608367 0.0559760588815258 -3.71621274310534
"TRAP1" -1.43837535993853 0.747289114942391 -2.47505327041308 0.0169798841851415 0.0559760588815258 -3.7198448215106
"PeBP1" -1.16518622640168 0.80566044467276 -2.46855246881143 0.0172544842358127 0.0564033140145474 -3.73407466217169
"ARF1" -0.996501179842035 0.8029556509391 -2.44246371340671 0.0183973807138829 0.0596381758141704 -3.7908922179591
"CAPNS1" -1.11525841553521 0.858051979934831 -2.40261656232713 0.0202753051849129 0.0645231667068379 -3.87677354622838
"SeRPINB12" 0.957777915777798 0.756539404534591 2.40202110466503 0.0203046321957392 0.0645231667068379 -3.8780486113582
"FGA" -1.58027255819594 3.23023216956481 -2.40005115915583 0.0204019267479205 0.0645231667068379 -3.88226514348064
"FGB" -1.94467748278897 2.98846075906545 -2.39303129314126 0.0207520553613541 0.0651012059319899 -3.89726879828974
"DSG1" -1.39464058221994 1.10922966829358 -2.38028638009277 0.0214015720549996 0.0666016922351587 -3.92442113222233
"KRT20" -1.48824260918696 1.26862606673491 -2.3752448378288 0.0216635060988895 0.0668817767656192 -3.93513061843988
"KRT84" 1.75176321229048 0.773961847807489 2.36181448111274 0.0223753902270988 0.0685356440814286 -3.96357332206582
"C1S" -1.09986226067703 0.797910518051992 -2.34381831028108 0.0233621734292014 0.0709991051871823 -4.00148708369488
"ARF3" -0.996501179842035 0.811710042282273 -2.33910474295435 0.023626994018045 0.071247292038911 -4.01137979279651
"A1BG" -0.820210485390332 4.21514638674972 -2.32146350101978 0.0246421386344814 0.0737368609908714 -4.04826536422857
"RGN" -1.04779499804687 1.09112540622662 -2.27817764241937 0.0272999888664761 0.0810663791531238 -4.13783228805792
"SeRPINA3-7" -0.906831257818185 4.07790237558185 -2.26284698955136 0.0283008450217328 0.0834017326776822 -4.16923232307286
"COMP" -1.6896045146949 2.11594427770156 -2.23103916696451 0.0304820502902238 0.0891542673902035 -4.23383855092672
"KRT15" 2.07870828877978 1.05196784790562 2.22148061037925 0.0311660272967988 0.0904745120780203 -4.25310960313373
"CSN2" -1.25848058837812 0.834847588435451 -2.19631578394061 0.0330321361379646 0.0951814885753201 -4.30352487007487
"APOD" -1.14690122994515 2.03025949694095 -2.16239516228334 0.0357034069191896 0.102122244790917 -4.37074359310015
"APOA2" -1.15573648904235 2.08057150987048 -2.14934243823391 0.0367809280932216 0.104436357870534 -4.39638223347526
"FGG" -1.99086646188053 1.93986478329212 -2.14098867755271 0.0374854523919249 0.104873065234402 -4.41272437704522
"PROC" -1.39404581385614 1.6725020153346 -2.13981436196119 0.0375854339506696 0.104873065234402 -4.41501746887485
"SeRPINF2" -0.928687924806548 4.39142943819755 -2.13796318037047 0.0377435196216356 0.104873065234402 -4.41863018726652
"CFD" -1.06714094782604 1.78210932271283 -2.08329073729523 0.0426830023116298 0.117756651767546 -4.52416663481901
"LBP" -1.45795288286455 1.87657596517871 -2.07253742649463 0.0437183550371805 0.119729528883902 -4.54465829923071
"KNG1" -0.908896883872831 4.61740896634327 -2.06951082047518 0.0440136828544934 0.119729528883902 -4.55040998517214
"P05109" 1.01703321550475 0.857391557633852 2.06167342021037 0.0447865254367778 0.120985822186851 -4.56527154644543
"HBBF" -0.661318862833891 5.11778033064974 -2.05286540217004 0.0456691523561897 0.122519312183157 -4.58191767790465
"TUBB" 1.25290556771821 1.55550919138058 2.0390529969818 0.0470837104183673 0.124600276302 -4.60790196819156
"CRYZ" -1.49278527933042 0.885192587043593 -2.03903622003621 0.0470854514560259 0.124600276302 -4.60793344050846
"CAP1" -1.61551361877268 1.40666138507366 -2.02781867244584 0.048262140909509 0.126851167660804 -4.62892831459129
"THBS1" -1.04095159953828 3.8930104496408 -2.01699607798294 0.0494214785990912 0.128247543919918 -4.64909216556705
"KRT35" -1.84517723619062 1.15178337413476 -2.01670693180153 0.0494527804318451 0.128247543919918 -4.64962964194739
"P68371" 1.12647806942752 1.62509992330438 2.00256749211692 0.0510045438087494 0.130905287589612 -4.67583373452658
"MYH9" 1.29057512528236 2.01663136304521 2.00125541209486 0.0511506522201056 0.130905287589612 -4.67825751609457
"KRT4" 0.987945463831245 0.990790724299546 1.98798554823116 0.0526487714162196 0.133858641051696 -4.70269561499815
"CRYZL1" -1.70011117872912 0.862178149099808 -1.97980879930394 0.0535906224351852 0.135368520307059 -4.71768593789799
"C7" -1.4668763120734 3.25915321358906 -1.9753097705796 0.0541150160243024 0.135811233764217 -4.72591172731659
"KRT7" -1.27064898825363 3.17526847580436 -1.9626281852791 0.0556169902104577 0.138685956358129 -4.74901300789025
"GFAP" -1.45154083055931 1.17734737471369 -1.93936268964627 0.0584658037023751 0.144861131466394 -4.79106671720515
"CHIA" -1.20434415490703 2.4685420252052 -1.93285126311915 0.0592851824885218 0.145253680244047 -4.80276026374776
"H4" -1.07561863739846 1.62809441033654 -1.93217343010872 0.0593710415393406 0.145253680244047 -4.8039756295898
"APOe" -1.0723768653517 3.52932592597854 -1.91985574858922 0.0609499306831843 0.148184518973492 -4.82599824376832
"GSTA1" -1.13773153459609 1.25008334825289 -1.91451445008339 0.0616456619227856 0.148945108620892 -4.83551058639694
"CORO1A" -0.788712714158067 0.712513251951128 -1.89156552704983 0.0647125655328991 0.155390049335171 -4.87612289060352
"eZR" -1.31699633515266 1.35680174757089 -1.8752692262167 0.0669684959278521 0.159820520956653 -4.9047075517531
"HSPA8" -1.55122097365713 2.20683238143488 -1.8639505328787 0.0685743960286849 0.162197223936613 -4.9244362558099
"SeRPINA6" -1.57626073929209 1.96343800635878 -1.8599042056869 0.0691563624887601 0.162197223936613 -4.93146416815322
"CCN2" 0.947205151437721 0.848101510689783 1.85684247754983 0.0695994960007467 0.162197223936613 -4.93677323352573
"FLNA" 1.10193968548383 1.94622889739667 1.85661698442963 0.0696322272427106 0.162197223936613 -4.93716394305646
"SeRPINA3-4" -1.63512566419553 4.36803406739786 -1.82961243720644 0.073647448109405 0.170528912586658 -4.98365844209589
"C4" -0.750328231401909 4.65920312784159 -1.77500649437276 0.0823653034455902 0.189112137988425 -5.07586972081538
"H2AZ2" -1.0679132874948 0.75206805292264 -1.77333399251022 0.0826454073471267 0.189112137988425 -5.07865564359154
"HSPA5" -0.885073545898681 0.931138588922949 -1.76829463275674 0.0834942004916863 0.189705295795837 -5.08703595994491
"CLU" -1.16347752560988 3.15427172728283 -1.76601838987017 0.0838799765472594 0.189705295795837 -5.09081446337824
"POTee" 0.933109933310202 1.39968024410531 1.76305421407267 0.0843845743478951 0.18974334925625 -5.09572854520992
"P02771" 0.780591805289424 1.3284525812195 1.75732243219263 0.085367498674879 0.190138504747642 -5.10521036721987
"ATIC" -0.806247086008915 0.705165706461896 -1.75633443996437 0.0855378877399416 0.190138504747642 -5.10684202940381
"ITIH4" -0.729978727824756 5.57714384362311 -1.74821933209026 0.0869481804963141 0.192175239846967 -5.12021368776817
"COL6A1" 0.56755125431368 1.0531367631725 1.73373540985801 0.0895134124769182 0.196727217251532 -5.14394468159695
"TTR" -0.770155910831308 3.64932677107665 -1.72365833258108 0.0913350093068548 0.199602913597565 -5.16035310865934
"HSPA2" -1.33117277566396 0.839082397910449 -1.70106705167962 0.0955306570621436 0.206963007983864 -5.19683242272129
"P07900" 1.00655697860733 1.43066996680378 1.69981936826372 0.0957669445683689 0.206963007983864 -5.19883476321253
"P06396" 1.2772985042673 2.02434651694114 1.68769138466894 0.0980890039851136 0.210810069338172 -5.21823073616499
"H2AZ1" -1.0679132874948 0.791597280724162 -1.66695156698752 0.102167354957128 0.218368687243532 -5.25111471203331
"FBLN1" 0.829851521489105 1.37059447289955 1.65101432779541 0.105395086111954 0.224036549166939 -5.27613900096967
"P08238" 1.00375672199003 1.23310560991947 1.58922087973004 0.118707701547214 0.250963564684056 -5.3711386728819
"VCL" 1.16622892007266 1.09331505663949 1.58569851978622 0.119505827102428 0.251285225636997 -5.37645622205675
"KRT28" -1.69449221825201 1.28856412177471 -1.55454173650479 0.126755961862117 0.265097146044964 -5.42303065154172
"HRG" -1.05974300718077 1.92868671409551 -1.53888021823902 0.13053163291046 0.271533717658657 -5.44612783552449
"P08729" 0.899605489073176 0.884330985275087 1.53414971830208 0.131689604795194 0.272485405666652 -5.45306275960874
"BLVRB" -0.912152788279868 1.38693584183561 -1.51242946695059 0.137112301672349 0.282204684394412 -5.4846569151076
"eNO3" -1.33117277566396 0.933274938181608 -1.50505886475094 0.138992346550567 0.283855861295868 -5.4952854713856
"SeRPINA3-8" -1.15987293747208 2.79758284602325 -1.50280758869177 0.139570654514888 0.283855861295868 -5.49852247459418
"POSTN" 0.903148837643349 1.03572541643493 1.50073920556867 0.140103664187164 0.283855861295868 -5.50149263199096
"TBA1B" -1.23547796824764 2.90659736747237 -1.47010181638597 0.148189388019342 0.298682238028622 -5.54505202414947
"YWHAB" -0.740354431211971 0.834450549216714 -1.45772247703232 0.151559104377166 0.303899441251122 -5.56242062785914
"P63000" 0.680885501055827 0.746602443699595 1.43557968233151 0.157736369892922 0.313644344829463 -5.59315327543359
"SeRPINA3-6" -1.66956526767147 3.86773204855871 -1.43453854345696 0.158031597908933 0.313644344829463 -5.59458772094388
"CSN1S2" -0.814840780132985 0.933327611109683 -1.41927707945752 0.162408906916734 0.320695760358425 -5.61550510740776
"TUBA8" -1.06702641675477 0.761675413084207 -1.4083129408443 0.1656115182952 0.325368083923399 -5.6304060020566
"IGFBP2" -1.40308564576352 2.49221021613105 -1.40404168842625 0.166872340324465 0.326197690382999 -5.63618218198389
"HABP2" -0.659787828433575 1.22761421618688 -1.39035859491346 0.170961584867815 0.332520282567901 -5.65457782941838
"F11" -0.727147708673058 0.873681843585717 -1.38008095513856 0.174083714533283 0.336908283350483 -5.66828618748505
"IGFBP6" -0.635361637239654 0.737406371623844 -1.35921414621326 0.180557579177225 0.347707417326439 -5.69583007432958
"C4B" 1.30995283277455 0.825451840140098 1.35313954882407 0.182476478235444 0.349671675042305 -5.70377568263812
"KRT81" -1.24810320941997 0.813650693129048 -1.33704273464202 0.187636729409467 0.357797488922955 -5.72467131515915
"KRT80" -1.03954890210256 1.43445392804139 -1.32953213435506 0.190082163755371 0.360692496101656 -5.73434181820547
"AHSG" -0.421044737468875 6.33992813471078 -1.31660538007725 0.194347708311208 0.366996400645922 -5.75086783824055
"P01008" 0.903148837643349 1.71175059502475 1.31262407661781 0.195675949454176 0.367719537863161 -5.75592751342253
"P26038" 0.727028661497006 1.29594388763761 1.30790448330535 0.197259380919634 0.368912976816045 -5.76190702750812
"APOB" 1.07078287378116 1.74147644688934 1.30344266732178 0.198765211196195 0.369950560551769 -5.76754155663959
"UBA52" -0.724742193945143 1.32474527356399 -1.28339942564888 0.205636760251556 0.380917617799312 -5.79263194774987
"CLIC1" -0.510330888551755 0.811425802114727 -1.26715567467269 0.211335203544155 0.386808848940008 -5.81270041378581
"CL43" -0.705684794144422 1.01997150344783 -1.26534960074421 0.211976000004274 0.386808848940008 -5.81491701755866
"SPP2" -0.835876055027205 1.00746553062325 -1.26367437254519 0.212571666678108 0.386808848940008 -5.81697039675542
"PZP" 1.23586529622618 1.74957636782378 1.25932896146636 0.21412259379293 0.386808848940008 -5.82228486767363
"AFP" -0.398961810416441 5.71185561573929 -1.25534244735075 0.215552820693715 0.386808848940008 -5.8271453719517
"ANXA5" -0.547830805766011 0.90890180110496 -1.25497130219981 0.215686335628058 0.386808848940008 -5.82759715340932
"AZGP1" 0.680885501055827 0.821127098909867 1.25471746198251 0.215777686940827 0.386808848940008 -5.82790607199567
"GAPDH" -0.608628565806838 3.11524845379032 -1.24548566524367 0.219119569389037 0.387733645224033 -5.83910130577292
"KRT5" -0.78223480355178 4.73730482687423 -1.24509918163677 0.219260307319353 0.387733645224033 -5.83956830207963
"MST1" -0.730587811286056 1.62360500018283 -1.24503465930276 0.219283809638271 0.387733645224033 -5.83964625257825
"PFN1" -0.974063051463695 1.84309090327684 -1.2159262804974 0.230077808224748 0.404978585517769 -5.8744267489784
"P15311" 0.56755125431368 0.943878802764833 1.20806755634237 0.233057782106661 0.407573717273226 -5.88368458878062
"KRT25" -1.42224101208061 1.02313114472002 -1.20652068649142 0.233647657974112 0.407573717273226 -5.88550021655891
"B4GALT1" -0.63612283714781 0.74343284348161 -1.20270224092053 0.235108440010836 0.408290996268818 -5.88997273898881
"P00747" 0.903633025882614 1.16782470389664 1.16777769956328 0.248779537069006 0.430112177421526 -5.9302607342133
"F2" -0.709410855339307 4.54461174228961 -1.16350102993855 0.2504922935283 0.431157089303136 -5.93511733033783
"IGF2" -0.547830805766011 0.832300800560946 -1.14933003868165 0.256228289869352 0.435279567231862 -5.95108978086169
"P11142" 0.547074257763729 1.4286386572736 1.14879452381171 0.256446882248534 0.435279567231862 -5.95168974864137
"LDHA" -0.931200279674808 1.66580828478678 -1.1479653480137 0.256785608038545 0.435279567231862 -5.95261820045903
"HBA" -0.417874333618679 4.58751823349648 -1.14655315267392 0.257363240265625 0.435279567231862 -5.95419801832518
"KRT74" -1.14619952246088 1.00583262753999 -1.13311827501767 0.262905090749962 0.442727620353832 -5.96913564290946
"PPIA" 0.678760838130867 1.38578062735525 1.12826799367522 0.264926562861094 0.4442087627283 -5.97448753711658
"SeRPINA3-1" -1.33896487812419 3.96706252848331 -1.12244545844309 0.267367814475517 0.446378025025649 -5.98088353532255
"TUBA1D" -1.28262587250663 1.84952967490154 -1.11201150216922 0.27178236971861 0.451809153079228 -5.99226671846814
"COL1A2" -0.641639514618135 1.39275872210061 -1.10860346082074 0.27323539550539 0.452291782347221 -5.99596297614275
"ITIH1" -0.849874578115442 3.87981031137867 -1.09065735452447 0.28097716790531 0.462602934160924 -6.0152491726172
"TUBA4A" -0.912376613170968 3.02607971102588 -1.08867214650551 0.281842918756142 0.462602934160924 -6.01736426441495
"CALD1" -0.547830805766011 0.74005781239672 -1.07963846072509 0.285806092285838 0.467136848315928 -6.02694274053126
"TUBB2B" -1.01056035815241 0.92920761844114 -1.07387196728309 0.288356150191308 0.469332813491293 -6.03301730997285
"F12AI" -0.642463064897737 4.17877512795676 -1.0626818392396 0.293349711341487 0.475470990465993 -6.04471694368318
"AOCX" 0.780591805289424 0.823072621196081 1.04989718462191 0.299127743171006 0.482824448520835 -6.05794082754766
"TUBB4A" -0.9483866298607 0.896577065405481 -1.04473347214612 0.301483567302025 0.484616147440032 -6.06323868462752
"RPS4" -0.633103308606667 0.819531956561856 -1.04195640291855 0.302755799792179 0.48465846139571 -6.06607759470715
"C4BPA" -0.692244833857575 1.20731446658283 -1.03742512664385 0.304839572335014 0.485994236222625 -6.07069429465218
"TAGLN2" -0.819342218078051 1.83077279292619 -1.02978446687457 0.308375443385533 0.489624683579479 -6.07843549243185
"AHCY" -0.745751133921323 2.09580206176725 -1.027049217075 0.309648015427849 0.489646658542412 -6.08119344886236
"CLeC3B" -0.630994185112058 2.73554187031115 -1.02377344647322 0.311176769952777 0.490071917051134 -6.08448719071696
"P04272" 0.91819223610442 1.30785720245291 1.02024092959753 0.312831093548124 0.49069070721863 -6.08802781821233
"C3" -0.401178165607422 6.67762398894577 -1.01487513038134 0.315355384960181 0.491495436247671 -6.09338355289382
"P63267" 0.762973500204203 0.87805768071294 1.01378247442839 0.315871102986935 0.491495436247671 -6.0944708495512
"COL2A1" -0.468336462788509 0.758061130802922 -1.01003680540587 0.317643341288523 0.492112435016852 -6.09818964294598
"CATHL4" -0.547830805766011 1.03048592688038 -1.00760448592444 0.318797772812974 0.492112435016852 -6.10059745696464
"BPT2" -0.547830805766011 0.757961507238932 -0.993410837454384 0.325590875328281 0.498809770850837 -6.11453724217272
"CD14" -0.648629461536102 1.00797114158891 -0.990867419083652 0.326818352354296 0.498809770850837 -6.11701515445139
"ITIH3" -0.740267073850568 4.77000855321383 -0.986449589591134 0.328957802743564 0.498809770850837 -6.12130472928921
"HSPA1B" -0.75873209578609 2.44510387229831 -0.98440824659106 0.329949534932523 0.498809770850837 -6.12328060225662
"HSPA1A" -0.75873209578609 2.44510387229831 -0.98440824659106 0.329949534932523 0.498809770850837 -6.12328060225662
"GGH" -0.466676590680012 0.733620435019389 -0.98259909669486 0.330830130795671 0.498809770850837 -6.12502844831918
"VNN1" -0.594124465831078 2.81274626416241 -0.969674547560159 0.337166710439438 0.506235694977815 -6.13742529824014
"FAP" -0.462272775230635 0.71726928331621 -0.967262679000357 0.338358048057152 0.506235694977815 -6.13972124695409
"F9" -0.57311810260994 1.31060263913142 -0.960334538145897 0.341795685669771 0.508107865531056 -6.14628585899974
"KRT75" -0.638148752810062 3.76148145514914 -0.959479070541013 0.342221750049195 0.508107865531056 -6.14709329445063
"KRT27" -1.00511182431116 0.96613086091488 -0.949782347843446 0.347075683763757 0.513355288912933 -6.15619721514803
"P00734" 0.779477931306805 1.13249756310267 0.944469684910071 0.34975415210546 0.51410474170735 -6.16114738240166
"P05786" -1.06683113939637 1.65283958906743 -0.94353735430159 0.350225595250508 0.51410474170735 -6.16201334258714
"IGKC" 0.692029266374085 0.881565498792972 0.919046365462183 0.362758568244282 0.529660999569204 -6.1844658618896
"P0CG53" 0.617141689824625 1.11835979345701 0.917525620234529 0.363546238778863 0.529660999569204 -6.18584126740724
"SeRPIND1" 0.514314556145386 0.867886758831868 0.910964597354963 0.366957170043846 0.529849416027834 -6.19175006101797
"TUBB3" -0.919873875191555 1.6240475161786 -0.907089717768939 0.368981274211517 0.529849416027834 -6.19522052559503
"CDH5" -0.586502070442718 1.06888632862755 -0.905532152019027 0.369796908978577 0.529849416027834 -6.19661150829157
"AMY2B" 0.427183877664099 0.923538375654455 0.904239203498948 0.370474852056615 0.529849416027834 -6.19776442229309
"P36955" 0.490424522994178 0.913183336911223 0.904218018141126 0.370485966991185 0.529849416027834 -6.19778329990261
"eNO1" -0.710215325158788 3.04866362792199 -0.900484605137881 0.372448045539223 0.530131530017436 -6.20110335995399
"P62736" 0.762973500204203 0.819421742950362 0.898661006786162 0.373408841194801 0.530131530017436 -6.20272023343463
"ILK" 0.47934216765395 0.777665343783164 0.894206547509246 0.375762404858834 0.531533001782132 -6.20665642102518
"UBC" 0.617141689824625 1.17848232632556 0.87888400727757 0.38393022126827 0.541119043744048 -6.22005185331557
"GDI2" -0.382850281100345 0.954614465279186 -0.871629398683735 0.387836188986227 0.54465082135611 -6.22631595448716
"AMY1A" 0.427183877664099 0.931305959676543 0.852494926346244 0.398257757972038 0.55329381375401 -6.24259675391692
"AMY1B" 0.427183877664099 0.931305959676543 0.852494926346244 0.398257757972038 0.55329381375401 -6.24259675391692
"AMY1C" 0.427183877664099 0.931305959676543 0.852494926346244 0.398257757972038 0.55329381375401 -6.24259675391692
"CNTN1" -0.462272775230635 0.80892075336057 -0.844357827544113 0.402741912355121 0.557532398242499 -6.2494141876011
"S100A9" 0.433497605499514 0.904075742037082 0.838063003673717 0.406232174619006 0.560227229111336 -6.25464462881093
"YWHAe" -0.458396266267137 0.998097233620771 -0.835660985202549 0.407568909610561 0.560227229111336 -6.25663048561743
"TUBB4B" -0.75322467969764 2.09910667943565 -0.830966505305286 0.410189211858522 0.561843673989314 -6.26049565573961
"GPI" -0.430486496390134 1.13820514753854 -0.825220522766926 0.413410456250032 0.562913006247363 -6.26519780675131
"HPX" -0.369474974022379 4.50017515274439 -0.824413595507509 0.413864061148447 0.562913006247363 -6.26585560869066
"IGF2R" -0.602417616839323 1.02689686977619 -0.804301716900079 0.425267669575297 0.576408095696134 -6.28204866723128
"FTL" -0.375481837736779 0.818609137257954 -0.7921893532664 0.43222597208264 0.582566631312226 -6.29161329102149
"P68133" 0.762973500204203 1.28977698708408 0.791183997774787 0.432806571848929 0.582566631312226 -6.29240083083003
"ACTC1" -0.924679395572274 3.26018247841033 -0.78760321693219 0.434878278852126 0.583336725770611 -6.29519790813481
"FMOD" -0.458396266267137 1.14447821963996 -0.783812717627491 0.437077746810438 0.584272314464813 -6.29814534521572
"TLN2" 0.455408093419723 1.10544850568922 0.768024729440037 0.446309691085148 0.593577591071928 -6.31027284501993
"FeRMT3" -0.558658715703133 1.8407830556546 -0.766698168787642 0.447090576308676 0.593577591071928 -6.31128088662834
"RAN" 0.309909872729221 0.88421758480203 0.755816326781866 0.453526421101848 0.598173911989963 -6.31948575412412
"CFB" -0.49763563211285 4.64449267391141 -0.75347191343509 0.454920009273072 0.598173911989963 -6.32123845345699
"Q32LP2" 0.496573698340858 0.975408792624857 0.75262841836573 0.455422015873586 0.598173911989963 -6.32186775649086
"KRT31" 0.555474105986949 0.79207591293003 0.750477695813429 0.456703475221129 0.598173911989963 -6.3234692246597
"PLG" -0.449734674096066 5.15979702787067 -0.736322951154505 0.465189261564538 0.607243700498676 -6.33389748352885
"P12259" 0.433497605499514 0.921348733982136 0.730015600679055 0.468999481071137 0.607680435564631 -6.33848184594365
"TUBB5" -0.670533951865171 2.13253707445975 -0.729491255918546 0.46931703390393 0.607680435564631 -6.33886121973112
"CPB2" 0.521575527104583 2.51229027992346 0.728017356774146 0.470210311323789 0.607680435564631 -6.33992618803197
"TG" 0.514314556145386 0.984270444492584 0.705917278296805 0.483720014207232 0.623069819624547 -6.35564205040162
"CFH" -0.388259293241437 4.72189086334204 -0.702270267105827 0.485970140664778 0.623278876275097 -6.35818995883125
"F13A1" -0.372751065816961 1.65008116970273 -0.700463829626904 0.487086833901361 0.623278876275097 -6.35944720456611
"P63104" 0.238169061004911 1.02876247999891 0.695810219796591 0.489970154205278 0.624912754051977 -6.36267142343949
"Q9BUF5" 0.372485716571211 0.772245621082417 0.688868549350205 0.494288687006889 0.628360455051242 -6.36744179084715
"TF" 0.223773331129233 6.50277193165561 0.681596108239839 0.498835445374158 0.632074880294943 -6.37238920115001
"A2M" -0.234053274512679 6.92086440788217 -0.667873558668415 0.507476968287205 0.639304368843383 -6.38158438353262
"KLKB1" -0.404588256666822 2.46678569176775 -0.665916534145941 0.508715947210449 0.639304368843383 -6.38288079986065
"MYH10" -0.580036773618608 1.68204094622377 -0.664724609209931 0.509471347921462 0.639304368843383 -6.3836685529635
"P02787" 0.583360587018369 0.998359047154502 0.642665906014021 0.523560112841383 0.65487100930964 -6.39799726753773
"eeF1A1" -0.421143629207552 3.0991127531867 -0.638949591379352 0.525953853853078 0.655756567784767 -6.40036454203982
"HP20" -0.287287838925753 0.816240202931749 -0.625630576073437 0.53458004905926 0.664382233495374 -6.40873785895545
"P02774" 0.490424522994178 0.984024814349377 0.621753706784876 0.537104720758454 0.665394064888658 -6.41114256212061
"GSTA2" -0.455731048614459 1.55368427847348 -0.613286381796804 0.54264019020496 0.669478201857328 -6.41634346332629
"P05452" -0.264054203793425 0.807739349953079 -0.611451678833132 0.543843475030632 0.669478201857328 -6.41746114855103
"KRT72" -0.595009452287323 1.86530528201292 -0.597505544634881 0.553034564137354 0.677349500257124 -6.42584926369208
"TUBB6" -0.48091795166593 0.943824000293477 -0.59618490453498 0.553908979759061 0.677349500257124 -6.42663370736653
"C5" 0.427183877664099 0.94545995618737 0.592528995552184 0.556333250174246 0.677349500257124 -6.42879635567039
"ACTG2" -0.623368050906956 1.27257902236426 -0.586010806231607 0.560668735467973 0.677349500257124 -6.43261967436479
"ACTA2" -0.623368050906956 1.27257902236426 -0.586010806231607 0.560668735467973 0.677349500257124 -6.43261967436479
"CDH1" -0.286169371651104 0.741230459058091 -0.585986115179538 0.5606851904442 0.677349500257124 -6.43263407797317
"LOX" -0.264054203793425 0.816160085207953 -0.581058870747198 0.563973699244633 0.678815069670663 -6.43549643564081
"TGFBI" -0.460876305969453 2.48367420342353 -0.57894361247729 0.565388387077879 0.678815069670663 -6.43671793371152
"PGK1" -0.420121022462653 1.51916776793932 -0.566266764136195 0.573903371326544 0.686918189064695 -6.44394640090113
"COL10A1" -0.264054203793425 0.950811369126076 -0.554640996548059 0.581767072932583 0.694194452057591 -6.45043677473039
"P06733" -0.264054203793425 1.16215827316113 -0.548220949243719 0.586131779520725 0.697263798879395 -6.45396398580809
"MSN" -0.528280108052773 1.42360330958695 -0.53812208158066 0.593029108799111 0.703318058911141 -6.45943031782771
"P34931" -0.264054203793425 0.857992294258848 -0.534002848257096 0.59585344705434 0.703526063422293 -6.46163116545184
"P02649" -0.264054203793425 0.800040951030369 -0.532592942359961 0.596821596219426 0.703526063422293 -6.46238062090907
"eDIL3" -0.264054203793425 1.05310899536172 -0.52026849118685 0.605315787869284 0.711383206891697 -6.46884850558184
"LRP1" 0.238169061004911 0.778836242934973 0.516692000427527 0.60779118593777 0.712084598059698 -6.47069743660957
"HBB" -0.381058467186363 3.6927480636675 -0.513902076996397 0.609725406197775 0.712084598059698 -6.4721309840762
"AFM" -0.338983959770903 3.70682550964005 -0.511483789415094 0.61140425643172 0.712084598059698 -6.47336736541457
"PROS1" -0.516164571616256 2.09391382770784 -0.506495502402922 0.614873937979086 0.713987945892133 -6.47589947709783
"SeRPINA3-5" -0.41205956287305 4.180000474502 -0.501087071786567 0.618645928457317 0.716229958838977 -6.4786171274565
"FeTUB" -0.186565517523032 4.59737110107439 -0.494277525602791 0.623409874183339 0.718208762867741 -6.48199776937425
"CHI3L1" -0.264054203793425 0.89653022475856 -0.490620797049226 0.625974859649229 0.718208762867741 -6.48379428684056
"F12" -0.290585872985558 1.484624969185 -0.488284580097028 0.627616033605329 0.718208762867741 -6.48493513732594
"ACTA1" -0.623368050906956 2.30705589697583 -0.486823098006235 0.628643681467536 0.718208762867741 -6.48564608603804
"DDBX" -0.272110536277017 1.17015546864944 -0.48548304103741 0.629586601896914 0.718208762867741 -6.48629611280376
"Q14624" 0.372485716571211 0.847102710185448 0.482803123363635 0.631474173816418 0.718255712323352 -6.48759075080585
"K2C4" 0.51359479026096 1.19799091914634 0.473257305414686 0.638217776435547 0.72380966482049 -6.49214457711336
"LASP1" -0.264054203793425 0.732436238002766 -0.464806952468047 0.644213405693282 0.726149207399945 -6.49610065784488
"NACA" -0.264054203793425 0.91529785373374 -0.464551070955015 0.644395332646292 0.726149207399945 -6.49621934886204
"SeRPINC1" -0.276082486847654 5.03021048165686 -0.462462925222901 0.645880786016404 0.726149207399945 -6.49718551797593
"RNASe4" -0.264054203793425 0.913827514006548 -0.459113937576807 0.648266214399521 0.726730712972374 -6.49872606390137
"KNG2" 0.29687819656127 4.18853710619748 0.454460006667495 0.651587324107273 0.728354796200371 -6.50084846518089
"KRT19" -0.419437392808687 2.98511971955223 -0.448965840704397 0.655517235407388 0.730648150640327 -6.50332646490143
"LDHB" -0.336701243760449 1.6409401660241 -0.435882530174088 0.664915130521189 0.739005673636407 -6.50910703739635
"HBD" -0.264054203793425 0.958828187301187 -0.422716967906114 0.674427292422093 0.747442212969214 -6.51475278488193
"RAP1A" -0.264054203793425 0.740491933861778 -0.418209453718299 0.677696466340402 0.748931606268228 -6.51664624930313
"KRT10" -0.670477189792753 2.01517132558285 -0.409898337706919 0.6837407006563 0.753470630468274 -6.52008466373471
"LTF" -0.410521611349512 2.30720693197382 -0.395932094347843 0.693944702107718 0.762555054011023 -6.52570833831778
"Q9NY65" -0.264054203793425 0.950188341295903 -0.387841742494355 0.699882119640246 0.766913083211424 -6.52887744944731
"ACTN1" -0.268733804661843 0.903885631692904 -0.383706770278981 0.702924085301124 0.768082778601509 -6.53047207883882
"MYH11" 0.154342751425244 0.813994716585664 0.355780046321489 0.72359536897888 0.788455458075026 -6.54079698309724
"JUP" 0.323183144017517 1.99121040639514 0.341382306098777 0.734335574782794 0.797923292152254 -6.54581702842542
"P00558" 0.154342751425244 0.941550110779888 0.332303663034839 0.74113576367494 0.803069114399865 -6.54887640911211
"HMGB1" -0.191979786264002 1.48550073254135 -0.294275489012041 0.769841661827073 0.831856684585365 -6.56079917055188
"P02765" -0.264054203793425 1.23196355966353 -0.281775234233795 0.779351393738909 0.839799701286525 -6.56440346704511
"P02751" -0.264054203793425 0.834444741245757 -0.274118090165386 0.785193651327214 0.84294867885636 -6.56653431728469
"HSP90AA1" -0.243668926347149 2.06333001962018 -0.272267331460751 0.786607636053621 0.84294867885636 -6.56704057104415
"PGLYRP1" -0.20438791704696 1.5938618371208 -0.266663313067677 0.790893534236564 0.84521314510446 -6.56855263686918
"HMGB2" -0.177142162478481 1.53454097001781 -0.259338169211683 0.796505567894002 0.848878536741826 -6.57048182078882
"F5" 0.204574076188098 4.70170584827196 0.247291386660278 0.805758536038923 0.8563936352982 -6.57353799993053
"Q13509" 0.15899984243568 1.07733684802175 0.240681366790864 0.810847646876295 0.859454317806209 -6.57515332271423
"H2B1" -0.120130915454915 0.994790927341528 -0.220939837933524 0.826095178317461 0.872298844698949 -6.57971774071334
"H2BC12" -0.120130915454915 1.06456876744601 -0.219189315648875 0.827450575048617 0.872298844698949 -6.5801036747089
"COL1A1" 0.156894301004658 1.32880881656069 0.214935158131266 0.830746693714238 0.873406659067131 -6.5810288102689
"CPN1" -0.175051664137787 2.28334598915311 -0.211632207915807 0.833307941965943 0.873737976886123 -6.58173461159983
"Q3SWY2" 0.112702503391915 1.08367909387548 0.198679593011117 0.843369328675793 0.881910400147536 -6.58439714973016
"P23528" -0.0638452726638735 0.892579134525166 -0.184731131361378 0.85423380958047 0.889448320083712 -6.58707671902006
"RAP1B" 0.112743552999243 1.4255291648707 0.183555525655747 0.855150827021359 0.889448320083712 -6.58729366381218
"HSPA6" 0.083365195452422 0.881838350545178 0.155816653429442 0.876844076178743 0.909579588356083 -6.59201117375631
"THBS4" -0.0966023789957138 2.68668185264539 -0.137275732600861 0.891398552005126 0.922218182792537 -6.59473483653848
"RPS27A" -0.0829026724645954 1.46532108751238 -0.125959783692238 0.900300409325067 0.928957186279711 -6.59622794882166
"P02647" 0.0833651954524219 1.00542398438452 0.114440794583821 0.909375297978046 0.935838600300159 -6.59761609075601
"IGFBP3" 0.0622720200293847 1.51430664029472 0.0884409097124936 0.929901577389727 0.954437239062279 -6.60026054518072
"KRT17" 0.0811989698009117 3.23306572574161 0.0621505685166357 0.950706170943048 0.971159161503368 -6.60224555092031
"LGALS3BP" -0.0267058724375129 0.833459978619394 -0.0563515197916933 0.955300377643842 0.971159161503368 -6.60259011478827
"GC" -0.0174952769876073 5.06743320271011 -0.0555214902881795 0.955958084805042 0.971159161503368 -6.60263667441499
"GPLD1" 0.0408818589125983 1.3278744502177 0.0552416394777514 0.956179842816941 0.971159161503368 -6.60265221663335
"TUBA1A" 0.0362784949981892 1.4003424540644 0.0473022591129143 0.962472519129245 0.97500471338874 -6.60306043413648
"Q9BQe3" 0.0362784949981894 1.17739584610662 0.0408368124077352 0.96759877151832 0.977651745767861 -6.60334617259464
"ARG1" -0.0195360130796561 0.902931337311827 -0.0309287808044177 0.975457149966506 0.983038423152774 -6.60370271514686
"Q0VCM4" 0.00298218696286701 1.13011134261554 0.00478058183602512 0.99620587209608 1 -6.60417092366757
"HSP90AB1" 0.000248438235319171 1.71077618304505 0.000325175785803299 0.999741921937129 1 -6.60418233056172
"ALB" 0 7.89886994691184 0 1 1 -6.60418238358375
