"logFC" "AveExpr" "t" "P.Value" "adj.P.Val" "B"
"FLNA" -3.74020359106128 1.94622889739667 -6.30172921791095 9.34743544479944e-08 3.63615238802698e-05 7.75064526214514
"eDIL3" -3.08707153269594 1.05310899536172 -6.08248619195656 2.01062760977111e-07 3.91067070100481e-05 7.02846873239524
"P06733" -2.84097948466188 1.16215827316113 -5.89835135168581 3.81980443792246e-07 4.95301308783945e-05 6.42335058484049
"P68366" -2.32578760331905 1.95366699123422 -5.38122714716501 2.28652254806352e-06 0.000205389117106832 4.73688492985198
"P26038" -2.96800581831309 1.29594388763761 -5.33936049818861 2.63996294481789e-06 0.000205389117106832 4.60152757557655
"MYH9" -3.38478346215211 2.01663136304521 -5.2486802896647 3.6014841662844e-06 0.000233496223447438 4.30912528493997
"TUBA1A" -3.60315402577732 1.4003424540644 -4.6980263475529 2.31206824924184e-05 0.00128484935565011 2.56188054235529
"TUBA1B" -2.43831777374013 1.83936878995559 -4.52771874389482 4.06226060002788e-05 0.00197527421676356 2.03385329278151
"P68371" -2.48052558893229 1.62509992330438 -4.40969073661988 5.98029193029825e-05 0.00258481506765113 1.67210951041641
"P11142" -2.03288312484038 1.4286386572736 -4.26882633979547 9.44508671149288e-05 0.0036652766548542 1.24531769913651
"H2BC18" 1.6858283530128 0.923136078527918 4.22492722670365 0.000108791858436218 0.0036652766548542 1.11348378648366
"KRT3" 2.3855311838507 1.68289539879105 4.2129267532666 0.000113067660303986 0.0036652766548542 1.07754592205654
"SYNCRIP" 1.98736547815313 1.12831937205131 4.14655962146663 0.00013983332773462 0.00418424342221287 0.879597645891583
"TUBB" -2.4536024265489 1.55550919138058 -3.99313843769395 0.00022738824759106 0.00631814487949444 0.427439148943215
"eeF1A1P5" 1.52404476925036 1.9684402153512 3.72571911407426 0.000521189382684051 0.0135161779909397 -0.340795165928347
"ATIC" -1.69405481415498 0.705165706461896 -3.69034116825935 0.000580559435647255 0.0141148512791739 -0.440374852551821
"CCN2" 1.8532927521788 0.848101510689783 3.63308064821803 0.000690644838601803 0.0158035789538883 -0.600468052461176
"P09429" 2.01461486578013 1.26815882585194 3.56787199717704 0.000840385437920119 0.0169602784089047 -0.781114244367139
"P08727" 2.5883096386075 1.416951926209 3.55407503779993 0.000875829390247797 0.0169602784089047 -0.819102813885713
"KRT13" 1.77536782866382 1.66250528245446 3.53175310518433 0.000936219855393255 0.0169602784089047 -0.88038902121984
"P07900" -2.08852836152663 1.43066996680378 -3.52699453239396 0.000949598888746502 0.0169602784089047 -0.893425810933302
"Q13509" -2.32778820859672 1.07733684802175 -3.5236214015203 0.000959193123382786 0.0169602784089047 -0.902660962405957
"Q86Y46" 2.53546331560367 1.1857206287167 3.49482022981534 0.00104497019427765 0.0176736263293046 -0.981309831144883
"LIMS1" 0.998041659500049 0.815161218650176 3.45099299986276 0.001189684615256 0.0192828048056077 -1.10027985429157
"P15311" -1.61302586716773 0.943878802764833 -3.43342421121558 0.00125290095987719 0.0194951389356891 -1.14772632664487
"H4C1" 1.50401877171913 1.01386474095244 3.41164095391413 0.00133573100492943 0.019984590804521 -1.20635772693541
"P62979" 1.24860789822916 0.826696115854738 3.37756869473055 0.00147582376897766 0.0209189765447673 -1.29762436196816
"SeRPINA3-4" -3.00452076040454 4.36803406739786 -3.36188751204369 0.00154489422988836 0.0209189765447673 -1.33944529928978
"FN1" -2.97570386283243 3.71655401057699 -3.33259191051828 0.00168224004427112 0.0209189765447673 -1.41726251751772
"SeRPINA3-2" -1.85215303586769 4.76093658631639 -3.32829392541904 0.00170333989088198 0.0209189765447673 -1.42864463866774
"P62826" 1.03377751462995 0.922613212676283 3.32324857090134 0.00172842921064792 0.0209189765447673 -1.44199464453381
"P0DMV8" 2.05507551639457 1.01534727561345 3.31413935879484 0.00177461754749954 0.0209189765447673 -1.46606653368169
"P0DMV9" 2.05507551639457 1.01534727561345 3.31413935879484 0.00177461754749954 0.0209189765447673 -1.46606653368169
"LYZ" 1.26619148109128 0.816234948298071 3.27656058682708 0.00197782698502175 0.0226286675639253 -1.56494557721222
"FHL1" 1.19707359312631 0.837231346343477 3.19828252678437 0.00247399074788007 0.0274966400264385 -1.76867161400535
"P68104" 1.52404476925036 1.89863603467514 3.17362196940732 0.00265323406252421 0.0282081914508844 -1.83221256483175
"P35900" 1.11237347077692 1.05611255282155 3.16967420360525 0.00268304134622808 0.0282081914508844 -1.84235554303436
"Q14CN4" 1.82197386670625 1.17514041604347 3.1311679932347 0.00299080836906529 0.0296886477241829 -1.94086680159286
"KRT8" 2.26214770328581 1.48481870418941 3.13052610411892 0.00299620990693386 0.0296886477241829 -1.94250242562239
"TUBA1D" -3.60315402577732 1.84952967490154 -3.12386394710825 0.00305281724670262 0.0296886477241829 -1.95946580799847
"H2B1" 1.6858283530128 0.994790927341528 3.10050615770237 0.00325933472191548 0.0304132698470869 -2.01875584523418
"P13647" 2.05293903597207 2.60010411438863 3.09784331216634 0.00328369494492969 0.0304132698470869 -2.02549676671377
"HMGB1" 2.01461486578013 1.48550073254135 3.08809477464004 0.00337434419781458 0.0305260440220901 -2.05014283471245
"H2BC12" 1.6858283530128 1.06456876744601 3.07594062360262 0.00349065648717542 0.03086057667071 -2.08079988768981
"P63104" -1.02534924672179 1.02876247999891 -2.99555484545091 0.00435990381646565 0.0376889463245586 -2.28155424864678
"KRT14" 1.67451981393025 2.59721950884683 2.98616545621747 0.00447371364566709 0.0378320566992282 -2.30477268307361
"UBB" 1.04839896709961 0.754972106198902 2.96320172773322 0.00476386836851908 0.0386071832365401 -2.36135208018465
"P0CG48" 1.04839896709961 0.754972106198902 2.96320172773322 0.00476386836851908 0.0386071832365401 -2.36135208018465
"TBA1B" -2.43831777374013 2.90659736747237 -2.90136730903085 0.005634866246211 0.0447339381586955 -2.5122305000591
"Q7RTS7" 1.80299195451801 1.27703309365531 2.87620048612918 0.006030110339784 0.0469142584435195 -2.57301481130506
"KRT75" 1.87422973095198 3.76148145514914 2.8179702495938 0.00704544358727369 0.0528807470911698 -2.71224688958193
"KRT1" 1.08882684079284 3.40895010581031 2.81671979263626 0.00706889164200728 0.0528807470911698 -2.71521500421071
"Q5XKe5" 1.75218836482911 1.49693522987368 2.80886038619029 0.00721793103863265 0.0529768900760019 -2.73384911591568
"CLeC3B" 1.71524444671917 2.73554187031115 2.78294437602447 0.00773024438801037 0.0547484274415459 -2.79503434528134
"P00558" -1.29208850340104 0.941550110779888 -2.78189768343823 0.00775162562250838 0.0547484274415459 -2.79749707340249
"TUBA4A" -2.32578760331905 3.02607971102588 -2.77519189539637 0.00788991007089085 0.0547484274415459 -2.81325933762013
"AFM" -1.82900791298516 3.70682550964005 -2.75974089994138 0.00821725821860807 0.0547484274415459 -2.84947485496533
"Q04695" 1.72162046173135 2.13005613425584 2.75971867338693 0.008217738019987 0.0547484274415459 -2.8495268481768
"SeRPINB3" 1.78633922847525 0.93675025011604 2.75465710144209 0.00832767762713916 0.0547484274415459 -2.86135930850028
"SeRPINB12" 1.0962698164138 0.756539404534591 2.74934636939792 0.00844448752311762 0.0547484274415459 -2.87375759146608
"TUBB4B" -2.48052558893229 2.09910667943565 -2.73654559590748 0.008732282863169 0.055686197274963 -2.90357168172443
"H4" 1.50401877171913 1.62809441033654 2.70172439195466 0.00956152972505811 0.0594886524038262 -2.984167746938
"Q9NY65" -1.83742237527512 0.950188341295903 -2.6987985250268 0.0096344090011338 0.0594886524038262 -2.99090599947652
"TUBB5" -2.45360242654889 2.13253707445975 -2.66933763859261 0.0103972392203116 0.0631957196359566 -3.05845933324262
"FGA" -1.75016936256212 3.23023216956481 -2.65808324364726 0.0107030095613756 0.0640533956826942 -3.08412313440332
"P26583" 1.47758288164229 1.24120552866906 2.64060512804669 0.0111942598214534 0.0659782889476569 -3.12382205738507
"VTN" 0.984193337932437 1.40921416454494 2.63154501431662 0.0114569626890579 0.0665187833737841 -3.14432522906508
"P06396" -1.98130446010204 2.02434651694114 -2.61789272949826 0.0118634956991644 0.0670615436858075 -3.17512271151749
"P62987" 1.04839896709961 0.778036181657141 2.61684494826772 0.0118952352553232 0.0670615436858075 -3.1774814737588
"KRT9" 0.936636454024412 2.91951637462526 2.59907206098349 0.0124455844347551 0.0691618906445676 -3.21738552733884
"eZR" -1.81319122359436 1.35680174757089 -2.58180042882091 0.0130026106608585 0.071239655592591 -3.2559711599844
"P08238" -1.62565279628425 1.23310560991947 -2.57385212018747 0.0132665192156709 0.0716760552068885 -3.27366382815997
"FGB" -2.08030340525321 2.98846075906545 -2.55992635902776 0.0137407047324486 0.0732210156290757 -3.30456408235289
"Q9BQe3" -2.26644053778363 1.17739584610662 -2.55121407542887 0.0140451689694018 0.0738320368796933 -3.32383232486452
"SeRPINA3-1" -3.02268040417762 3.96706252848331 -2.53389311954709 0.0146687962524124 0.0760821565625125 -3.36199341969823
"KRT84" 1.87066917357326 0.773961847807489 2.52212942509487 0.0151065910778233 0.0763646306081128 -3.38779947065822
"RAN" 1.03377751462995 0.88421758480203 2.52120371944389 0.0151415409760241 0.0763646306081128 -3.38982635575594
"P13645" 0.825730027420819 3.13597377247352 2.51671154550248 0.0153121881425008 0.0763646306081128 -3.3996542585943
"APOH" -1.16738492588821 3.65061751575342 -2.49203202793043 0.0162812548318607 0.0801697231594154 -3.45341124517214
"KRT16" 1.49866646212526 2.4557089568436 2.45855745667779 0.0176845295715139 0.0859910250414861 -3.52568195503763
"HSPA8" -2.03288312484038 2.20683238143488 -2.44271683285266 0.0183859710724275 0.0882980586070901 -3.55962108215371
"HSPA1L" -1.86276919855752 1.4491341242286 -2.43400340444141 0.0187824367779202 0.0891020476415971 -3.57821817992582
"POTee" -1.28153256041503 1.39968024410531 -2.42137748238925 0.0193706205046452 0.0907851973049032 -3.60507501818717
"Q02413" 1.51087434333003 1.12524440089699 2.39984795937131 0.0204119865146186 0.0945269375498408 -3.65062219374567
"GSTA2" 1.73801401616409 1.55368427847348 2.33888020297502 0.0236396760759797 0.108183256376323 -3.77788582820178
"PGLYRP1" 1.78892371161363 1.5938618371208 2.33399474223622 0.0239171209469505 0.108183256376323 -3.78797283292
"eeF1A1" 1.52404476925036 3.0991127531867 2.31224626237061 0.0251878952487927 0.112621738526211 -3.8326754982928
"SeRPINA3-6" -2.67601478110727 3.86773204855871 -2.29930894029253 0.0259721297193364 0.114562786577908 -3.85911072971924
"TUBB3" -2.32778820859672 1.6240475161786 -2.29543723993919 0.0262110231502154 0.114562786577908 -3.86699909055731
"RPS4" 1.39113111493153 0.819531956561856 2.28951255316006 0.0265803858244227 0.11488633428556 -3.87904990598588
"P34931" -1.12770363753894 0.857992294258848 -2.28058082690778 0.02714598808992 0.116041641395372 -3.89717035211481
"C7" -1.67237996152191 3.25915321358906 -2.25204296430853 0.0290256499987016 0.122728020103206 -3.95468934851142
"TLN2" -1.31301837665367 1.10544850568922 -2.21434488769575 0.0316854606534921 0.131970488260692 -4.02978221562366
"P01008" -1.52166218659334 1.71175059502475 -2.21156285581144 0.0318900408650515 0.131970488260692 -4.03528354100587
"P04272" 1.9779789265413 1.30785720245291 2.19781324584118 0.0329183888440519 0.134792139582486 -4.06239081031111
"APOB" -1.80070381803786 1.74147644688934 -2.19196089619144 0.0333649090743578 0.135197391978387 -4.07388726897276
"KRT7" 1.41316968778706 3.17526847580436 2.18276383601805 0.0340774315222477 0.135772060223746 -4.09190403452364
"KRT19" 2.03768460838023 2.98511971955223 2.18113787415497 0.0342047863802753 0.135772060223746 -4.09508286507954
"HMGB2" 1.47758288164229 1.53454097001781 2.16319838271244 0.0356380167333243 0.140032207164274 -4.13002780187517
"P14923" 1.60113121276894 1.10005277187694 2.1495225078074 0.0367658707218324 0.143019237107928 -4.15650982670028
"SeRPINA1" -0.698979703086621 6.35969402538638 -2.13562253203545 0.0379442398535903 0.146141676267789 -4.18328542866703
"QSOX1" 0.641341842291084 0.978259002730328 2.09850233535581 0.0412549639372237 0.15733510756451 -4.25409254152285
"AHSG" -0.664182856357418 6.33992813471078 -2.07689740356841 0.0432959570685716 0.163515799025965 -4.29483360409545
"TLN1" -0.861381166067216 2.87545084798534 -2.07075249188473 0.0438923143797624 0.164174137439688 -4.30635763361497
"O95678" 1.82113096037382 1.53894183147187 2.03795601047354 0.0471976685618493 0.172298557789998 -4.36738438634374
"HSPA1B" -1.56704595674497 2.44510387229831 -2.03314578515186 0.0477001995952309 0.172298557789998 -4.37626700037448
"HSPA1A" -1.56704595674497 2.44510387229831 -2.03314578515186 0.0477001995952309 0.172298557789998 -4.37626700037448
"H1-3" 0.991417295554514 1.12736348218594 2.02820715935591 0.0482209674263459 0.172298557789998 -4.38536852288678
"Q8N1N4" 1.31472959870575 1.04438723187023 2.02765939765235 0.0482790303319019 0.172298557789998 -4.38637687035686
"P05109" 0.997355408279441 0.857391557633852 2.02178365898531 0.0489056819224975 0.172948275162287 -4.39717893510425
"HSP90AB1" -1.53146099179454 1.71077618304505 -2.0044983446051 0.0507901871695572 0.17799443972034 -4.42880465407492
"CSN1S2" 1.13827302419043 0.933327611109683 1.9826263642998 0.0532644500640148 0.184998848883051 -4.46849600568901
"CHIA" -1.22367912222048 2.4685420252052 -1.96388194138656 0.0554669185358714 0.19061095166154 -4.5022202578709
"PPIA" 1.17948904476691 1.38578062735525 1.96060182518145 0.0558602788930993 0.19061095166154 -4.50809395514394
"H1-2" 0.991417295554514 1.09669133478812 1.93977870550666 0.0584137849971498 0.197590977077315 -4.54518828811787
"eHD3" 0.63445677670753 1.05773225180497 1.91502717777043 0.061578583429749 0.203593648547616 -4.58884381456618
"ORM1" -0.903050292658696 3.90623180911046 -1.90914145305128 0.0623523559941036 0.203593648547616 -4.59915462850161
"AGT" -0.780077643095665 5.18031301631619 -1.90367549504843 0.0630783619362082 0.203593648547616 -4.60870587446364
"IGFBP3" 1.33878832502721 1.51430664029472 1.90139419472823 0.0633834976692008 0.203593648547616 -4.61268532883404
"TUBB1" -0.691373682932648 1.42581639624191 -1.89950590933904 0.0636370169148209 0.203593648547616 -4.61597613838713
"RPS27A" 1.24860789822916 1.46532108751238 1.89709663273558 0.0639617386332994 0.203593648547616 -4.62017085614452
"LRP1" -0.873677675566561 0.778836242934973 -1.89538584068252 0.0641931752517274 0.203593648547616 -4.62314670588236
"GSTA1" 1.12556588799908 1.25008334825289 1.89404274344932 0.0643753695921768 0.203593648547616 -4.6254813605707
"Q0VCM4" -1.17530659947768 1.13011134261554 -1.88407013080824 0.0657420045276391 0.206239030332674 -4.64277215126298
"APOA4" -1.28893747492245 2.32307816207925 -1.87733602986552 0.0666787333790142 0.207504218275492 -4.65440376879099
"HBA1" 1.00424807776603 1.82643888532008 1.86314333711757 0.0686901588296951 0.212067236386916 -4.67880154233184
"UBA52" 1.04839896709961 1.32474527356399 1.8565424277317 0.0696430523188672 0.212596641667841 -4.69009463199852
"KRT4" 0.921175997091073 0.990790724299546 1.85362920994928 0.0700671475278428 0.212596641667841 -4.69506772702879
"KRT76" 1.53641585966787 1.62000062950684 1.85066301694949 0.070501199936122 0.212596641667841 -4.70012435828503
"MYH11" -0.790383775568954 0.813994716585664 -1.82193704392964 0.074823732302237 0.223895629735155 -4.74873407003604
"YWHAZ" -1.02534924672179 1.68859588819734 -1.81532364185486 0.0758499260844503 0.225233749975963 -4.75983221755436
"P68032" -1.25122968212749 2.03404680916652 -1.8084941808233 0.0769220583139166 0.226686974879648 -4.77125630008793
"GAPDH" 0.878712209932444 3.11524845379032 1.79817958411894 0.0785654558481522 0.228742473785821 -4.78843948986478
"APOe" 1.00361324988666 3.52932592597854 1.79674956576324 0.0787956079365039 0.228742473785821 -4.79081504667114
"KRT80" 1.40021901195809 1.43445392804139 1.79081154120588 0.0797573583451167 0.229515428127249 -4.80066179270116
"HSPA5" -0.894857784529134 0.931138588922949 -1.78784263160499 0.080241897751429 0.229515428127249 -4.80557438366709
"C4B" 1.70175469239989 0.825451840140098 1.75785838930243 0.0852751860890782 0.240994048248834 -4.85479096306328
"FeRMT3" -1.2799476473426 1.8407830556546 -1.75658857505965 0.0854940325407175 0.240994048248834 -4.85685923888235
"Q32LP2" -1.1480912627738 0.975408792624857 -1.74009641293534 0.0883791765322815 0.245977084311531 -4.88360305567217
"HRG" 1.19773820642242 1.92868671409551 1.73926661464456 0.0885264570787002 0.245977084311531 -4.88494283290925
"P02788" 0.746062435491134 1.35017089856469 1.73305207311951 0.0896359753036108 0.247293577256061 -4.89495893085661
"KRT5" 1.08606361773636 4.73730482687423 1.72870973716461 0.0904180762624455 0.247694589197826 -4.90193891600798
"BLVRB" 1.02128049520659 1.38693584183561 1.69337279326324 0.0969955076507471 0.26310000802222 -4.95816827665956
"JUP" 1.60113121276894 1.99121040639514 1.69129447466532 0.0973943474426727 0.26310000802222 -4.96144353839302
"AFP" -0.536149659758191 5.71185561573929 -1.6870071481894 0.0982213815641004 0.263504258127138 -4.96818881178565
"P63267" -1.26467892365204 0.87805768071294 -1.68041134880078 0.0995050216484214 0.265119543981068 -4.9785365161411
"ANXA5" -0.725249222294907 0.90890180110496 -1.66140157023514 0.103282046733586 0.273310994417448 -5.00815918893316
"DSP" 1.3430903098099 1.47603450015398 1.64488754006899 0.106657949887727 0.278991307672745 -5.03365040848919
"MSN" -1.61383232563767 1.42360330958695 -1.64389837352639 0.106862994455627 0.278991307672745 -5.03517012403364
"F10" -0.945633691841183 1.80970480432474 -1.63720872879242 0.108258168771283 0.280749517680194 -5.04542650938116
"P36955" 0.882226382619515 0.913183336911223 1.62660094232992 0.110500969625929 0.284668060824414 -5.06161385044221
"FGG" -1.50003236040584 1.93986478329212 -1.61314300134325 0.113400729691812 0.290216341119177 -5.08201563358163
"SeRPINF2" -0.69742771528226 4.39142943819755 -1.60557140500559 0.115059177730221 0.292536079327163 -5.0934274704994
"eNO1" -1.260821521716 3.04866362792199 -1.59860021308036 0.116603474251045 0.29453734729647 -5.10389199382673
"KRT15" 1.48709458154702 1.05196784790562 1.5892329849928 0.118704966091054 0.297911172964 -5.11788913133253
"P01024" -1.06397077923456 2.31548225916967 -1.58051928417822 0.120687255853797 0.300944503379018 -5.13084362437228
"C9" -1.04254966366504 2.64589591784853 -1.57128905970979 0.122816124200447 0.304302371426584 -5.14449640460326
"HBD" -0.976816267247219 0.958828187301187 -1.56375776170239 0.124575490876748 0.306708012348448 -5.15558308332554
"P0CG53" 1.04839896709961 1.11835979345701 1.55869053801026 0.125770607748726 0.307702933422983 -5.16301552494752
"SeRPINF1" -0.519595260536929 4.44950328492584 -1.55049290703863 0.127723542497237 0.309995569502212 -5.17499362799404
"KRT77" 1.22701955108289 1.25641552382787 1.54808614946091 0.128301508200144 0.309995569502212 -5.17849951219416
"AHCY" -1.10820079718176 2.09580206176725 -1.52621526047522 0.133650303377267 0.318087926727016 -5.21013352555585
"P19823" 0.66580430219423 1.84784059236717 1.52467625351705 0.134033296272118 0.318087926727016 -5.21234425252334
"IQGAP1" 1.02558683749793 0.948345697714533 1.52439289526107 0.134103907411904 0.318087926727016 -5.2127510667587
"KRT2" 1.02356562371698 3.01917522849957 1.51846270078239 0.135588499347621 0.319660159068028 -5.22124930940603
"AZGP1" 0.819377401691824 0.821127098909867 1.50992660625372 0.137748432098101 0.32279602461543 -5.23342936083569
"UBC" 1.04839896709961 1.17848232632556 1.49304624954443 0.142100287794804 0.329164556705534 -5.25733272757245
"PFN1" 1.19492293191023 1.84309090327684 1.49162643413625 0.1424712392476 0.329164556705534 -5.25933214913321
"P62736" -1.26467892365204 0.819421742950362 -1.48958991955317 0.143004653170271 0.329164556705534 -5.26219701099209
"VNN1" -0.892391687185468 2.81274626416241 -1.45647849109793 0.151901028092831 0.347585293694772 -5.3082772942211
"IGKC" 1.08383112599942 0.881565498792972 1.43937706904162 0.156663226889287 0.356385937192589 -5.33170736344698
"P00734" 1.17127979093214 1.13249756310267 1.41920407320396 0.162430071331487 0.366403032489233 -5.35902067955755
"Q9BUF5" -0.766424144087255 0.772245621082417 -1.41741136595616 0.16295044889624 0.366403032489233 -5.36143086152151
"P02765" -1.32065651856761 1.23196355966353 -1.40928754216275 0.165324866935597 0.369605593321535 -5.37231786057253
"THBS4" 0.980207112803041 2.68668185264539 1.39291237865459 0.170192552436191 0.378313730843875 -5.3940883205059
"HBA" 0.494911297073836 4.58751823349648 1.35792524762182 0.180963430106989 0.399970308588742 -5.43981888127787
"GSN" -0.468110734027006 4.70798588107988 -1.34779469194411 0.184177732912983 0.403538674742467 -5.45286002598715
"SeRPINA6" -1.14077308334033 1.96343800635878 -1.3460518317496 0.184735093651436 0.403538674742467 -5.45509453541349
"A1BG" -0.474530074042118 4.21514638674972 -1.34307506017891 0.185690032850647 0.403538674742467 -5.45890485880351
"KRT6A" 1.06936214301819 2.57447632704768 1.33892835163604 0.187026556913097 0.404185170217749 -5.46419973237582
"ITIH1" -1.03465427979452 3.87981031137867 -1.3277880392074 0.190653488789365 0.409747000768303 -5.47834966246067
"KRT20" 0.829614785341927 1.26862606673491 1.32407056759811 0.191875599237494 0.410107736831787 -5.48304708585024
"GDI2" -0.573009207624002 0.954614465279186 -1.30456132785402 0.198386859188813 0.421707585925948 -5.50749898540297
"LGALS3BP" -0.614726644655604 0.833459978619394 -1.29712222522761 0.200913136305311 0.424756576210684 -5.5167340949703
"F5" -1.06209400948354 4.70170584827196 -1.28387088561145 0.205473105612422 0.432048854503957 -5.53306310736865
"P63261" -0.344493719482664 2.61637983050475 -1.2744739821643 0.208753455234979 0.434251840034261 -5.5445479506571
"P60709" -0.344493719482664 2.61637983050475 -1.2744739821643 0.208753455234979 0.434251840034261 -5.5445479506571
"TUBB6" -0.997047083397247 0.943824000293477 -1.2360204441796 0.22258561935874 0.460562797502924 -5.5907256334872
"SeRPINA7" -0.687383154036782 3.67551016269991 -1.23054368099397 0.22460955745503 0.462291628836013 -5.59719497532525
"ACTB" -0.344493719482664 4.64889836020568 -1.1987637609741 0.236622121810126 0.481916258555701 -5.63420315208691
"ACTG1" -0.344493719482664 4.64889836020568 -1.1987637609741 0.236622121810126 0.481916258555701 -5.63420315208691
"ACTG2" -1.26467892365204 1.27257902236426 -1.18888915560427 0.24044847884545 0.484634498812849 -5.64551721955135
"ACTA2" -1.26467892365204 1.27257902236426 -1.18888915560427 0.24044847884545 0.484634498812849 -5.64551721955135
"A2M" -0.414796312974794 6.92086440788217 -1.18362578026657 0.242506300656489 0.486262633790589 -5.6515119243782
"ARG1" 0.743573279991911 0.902931337311827 1.17720104379131 0.245035466963952 0.488814341789628 -5.65879545287266
"GPI" -0.602207131604523 1.13820514753854 -1.15440016846959 0.254165325660471 0.499964560038598 -5.68434271054168
"APOA2" 0.62036738431169 2.08057150987048 1.15370757870778 0.25444642511618 0.499964560038598 -5.68511135246198
"F12AI" -0.696869833276352 4.17877512795676 -1.15267469306516 0.254866054091341 0.499964560038598 -5.68625684926994
"ANXA2" -0.570735204203696 1.17048389688045 -1.15046381898069 0.25576593174211 0.499964560038598 -5.68870551230802
"VCL" -0.843568007515387 1.09331505663949 -1.14698282458372 0.257187392557355 0.500229478524055 -5.69255191129451
"P02751" -1.09064537063115 0.834444741245757 -1.13221309015409 0.263281511999334 0.506898210239522 -5.70874959472341
"IGF2R" -0.845826608703357 1.02689686977619 -1.12928270117527 0.264502747082572 0.506898210239522 -5.71193970945546
"TPI1" -0.545872449771478 1.21743964433329 -1.12922870636339 0.264525287091576 0.506898210239522 -5.71199841658531
"KRT6C" 1.05401294967375 2.32059859033938 1.12167570648228 0.267691744254247 0.510418707948964 -5.7201844297295
"GC" -0.351867708764104 5.06743320271011 -1.11665677478033 0.269810654875164 0.510418707948964 -5.72559524494971
"CLU" -0.734160834834376 3.15427172728283 -1.11436749477418 0.270781084866003 0.510418707948964 -5.72805564549629
"CPB2" 0.796970136441207 2.51229027992346 1.11241433312786 0.271610983407289 0.510418707948964 -5.73015102322468
"P61224" 0.3427948097091 1.06500774225224 1.0885795028877 0.281883366278248 0.527176103279992 -5.75544056650168
"RAC1" 0.508819138917545 0.753457032582295 1.08227921237343 0.284643565875857 0.529791134572767 -5.76203851992055
"P63000" 0.508819138917545 0.746602443699595 1.07279478954795 0.288834249302292 0.533234678281201 -5.77190242037912
"THBS1" -0.552975051932652 3.8930104496408 -1.07147009665511 0.289422962159529 0.533234678281201 -5.77327354644593
"KRT6B" 1.02976570881849 2.38420675803211 1.06830885272191 0.290831233851227 0.533234678281201 -5.77653908866179
"ACTC1" -1.25122968212748 3.26018247841033 -1.06574508687387 0.291976828981738 0.533234678281201 -5.77918070048376
"APOD" -0.555185081542012 2.03025949694095 -1.04675930511971 0.300557812295976 0.546341070014649 -5.79855487800102
"MYH10" -0.90545394265235 1.68204094622377 -1.03765406877966 0.304734054910569 0.551356034233541 -5.80772863140429
"HSPA6" -0.547855533747121 0.881838350545178 -1.02398867258695 0.311076169604989 0.558070263175056 -5.82135333537268
"PKM" 0.428363320276346 1.51734925952507 1.02347937467011 0.311314259920276 0.558070263175056 -5.82185778345967
"LDHB" -0.74300723162787 1.6409401660241 -0.961873108761126 0.34103028478736 0.608535691661848 -5.88110458883473
"SeRPINA3-8" -0.728090134575061 2.79758284602325 -0.943361418428952 0.350314605786443 0.62224831804076 -5.89821781853088
"TG" -0.67576527965578 0.984270444492584 -0.927514847250871 0.358392506104274 0.633703113066194 -5.91261312977865
"ITIH3" -0.689797229503668 4.77000855321383 -0.91919554169223 0.362681361801044 0.638384840455231 -5.92007653314569
"P02771" -0.40434069175771 1.3284525812195 -0.910279819822928 0.367314353770537 0.63877495246762 -5.92800304694953
"P05452" -0.392974407567191 0.807739349953079 -0.909983093597685 0.367469197212881 0.63877495246762 -5.92826557033745
"HBB" 0.671983178396133 3.6927480636675 0.906248202891978 0.36942179830885 0.63877495246762 -5.93156289154275
"K2C4" 0.983388386991551 1.19799091914634 0.906153541719622 0.369471373535255 0.63877495246762 -5.93164629250966
"COMP" -0.674763009196321 2.11594427770156 -0.890991169142129 0.377467148554742 0.649711153928294 -5.94489651731955
"AMBP" -0.430459903259591 3.38053727812444 -0.88172461573786 0.382407597015701 0.653135528743992 -5.95288813650638
"YWHAe" -0.483247212971794 0.998097233620771 -0.880964509979356 0.382814654379512 0.653135528743992 -5.95354008060284
"CDH1" 0.428080354623527 0.741230459058091 0.876575793360421 0.385170287523247 0.654284898893201 -5.95729366194143
"APOA1" -0.359642841723103 5.73016030923517 -0.861101055894198 0.393549055638507 0.665611228884258 -5.97038419623827
"CAP1" -0.671937533426252 1.40666138507366 -0.843426797004727 0.403256964595299 0.67761559578189 -5.98505917676439
"CFB" -0.555397278331741 4.64449267391141 -0.840929031236171 0.404640755667086 0.67761559578189 -5.98710929401629
"ITIH4" -0.349921166333787 5.57714384362311 -0.838022978443773 0.406254426699463 0.67761559578189 -5.98948710611263
"KRT79" -0.668552380406361 2.46167221409469 -0.835579106938657 0.407614522912499 0.67761559578189 -5.9914805700485
"LDHA" 0.667679681332577 1.66580828478678 0.823102349164131 0.414601811312754 0.686298317449622 -6.00156981779552
"LUM" -0.434198574802582 3.21823144904628 -0.815403343161366 0.418949692205171 0.690556907914456 -6.00772205296473
"FBLN1" -0.39653365617424 1.37059447289955 -0.788915523854184 0.434118341605068 0.711860510367507 -6.02845905120085
"RBP4" -0.641557866725894 1.86564983922821 -0.784302032157812 0.436793446986499 0.711860510367507 -6.03200278530861
"FeTUB" -0.295664849206387 4.59737110107439 -0.783319940435477 0.437364169608828 0.711860510367507 -6.03275454202679
"P08729" 0.457004911250808 0.884330985275087 0.779357134181583 0.439671569768454 0.711971115871024 -6.03577861543739
"C4A" 0.448525947582485 1.81106546131638 0.776922661758675 0.4410926450512 0.711971115871024 -6.03762899013346
"CLIC1" -0.311070598226943 0.811425802114727 -0.772390781372668 0.443745263775174 0.713293006646871 -6.04105852847656
"AMY2B" -0.356348145820978 0.923538375654455 -0.754298044456767 0.454428648868163 0.727459853537923 -6.05455547587242
"KRT10" 1.22165338111444 2.01517132558285 0.746861634961261 0.458862730837189 0.731547550392076 -6.06001246746622
"KLKB1" 0.449589024327468 2.46678569176775 0.739983822903563 0.462985929183576 0.73510827123433 -6.06501258052358
"PLG" -0.448213005352739 5.15979702787067 -0.73383161640915 0.466692130713728 0.737980645722114 -6.06944691500802
"F13A1" 0.387583976542035 1.65008116970273 0.728337438594937 0.470016238854851 0.740228003702579 -6.07337639604083
"COL1A2" -0.415543514946656 1.39275872210061 -0.717962295488681 0.476330118981742 0.742008312594237 -6.08071808054253
"AMY1A" -0.356348145820978 0.931305959676543 -0.711134015605678 0.480511567035778 0.742008312594237 -6.08549373268697
"AMY1B" -0.356348145820978 0.931305959676543 -0.711134015605678 0.480511567035778 0.742008312594237 -6.08549373268697
"AMY1C" -0.356348145820978 0.931305959676543 -0.711134015605678 0.480511567035778 0.742008312594237 -6.08549373268697
"H2AZ2" 0.428080354623527 0.75206805292264 0.710853075122381 0.480684048261562 0.742008312594237 -6.08568926460954
"Q14624" 0.530336036883821 0.847102710185448 0.687403257759147 0.495202948959827 0.753006733209934 -6.10174352285026
"CPN1" -0.567022366893842 2.28334598915311 -0.685513022880696 0.49638372818282 0.753006733209934 -6.10301465431057
"DDBX" 0.381907336228011 1.17015546864944 0.681375802360403 0.498973538656866 0.753006733209934 -6.10578485590038
"ARF1" -0.27606407386275 0.8029556509391 -0.676643938436564 0.501944645556973 0.753006733209934 -6.10893307367496
"H2A1" 0.428080354623527 1.14609188733564 0.672354048084944 0.504646569855383 0.753006733209934 -6.11176865092847
"H2AJ" 0.428080354623527 1.14609188733564 0.672354048084944 0.504646569855383 0.753006733209934 -6.11176865092847
"H2AC20" 0.428080354623527 1.14609188733564 0.672354048084944 0.504646569855383 0.753006733209934 -6.11176865092847
"P23528" -0.232065385559226 0.892579134525166 -0.671462418993283 0.505209141135817 0.753006733209934 -6.11235579015979
"TF" -0.220435127145304 6.50277193165561 -0.671428199345269 0.505230738734686 0.753006733209934 -6.1123783086336
"H2AZ1" 0.428080354623527 0.791597280724162 0.668208951318756 0.507264797743348 0.753152695886116 -6.11449172438434
"CFD" -0.33636138082816 1.78210932271283 -0.656650417632903 0.514604411952588 0.761144928705539 -6.12199772095837
"ARF3" -0.27606407386275 0.811710042282273 -0.648010055175271 0.520127994464372 0.761918396265483 -6.12752473611848
"MST1" 0.379639908447731 1.62360500018283 0.646965137893443 0.520798118217794 0.761918396265483 -6.12818827150949
"KRT73" 0.433185695009339 2.38587391724535 0.645710341197872 0.521603447465078 0.761918396265483 -6.12898369358483
"PZP" -0.630163232521804 1.74957636782378 -0.642127270333784 0.523906699415718 0.761918396265483 -6.13124667339723
"COL6A1" -0.209689673592188 1.0531367631725 -0.640552565825912 0.524920643185474 0.761918396265483 -6.13223730643707
"PROC" -0.414543279345658 1.6725020153346 -0.63631026612004 0.527657388040708 0.763043583449203 -6.13489421215297
"SeRPINA5" 0.252874604341193 4.45273357818194 0.626774295491357 0.533836425188115 0.76737126605252 -6.1408031614673
"GGH" 0.29712639300025 0.733620435019389 0.625606964645104 0.534595406427334 0.76737126605252 -6.14152047196195
"FTL" -0.292508186290324 0.818609137257954 -0.617132035784115 0.540122480134809 0.772454576369267 -6.14668879029851
"CATHL1" 0.275651180332466 0.722043678629876 0.607446970903455 0.546474701691116 0.776478318399498 -6.15251020183987
"TUBB4A" 0.550801702061017 0.896577065405481 0.606757789007128 0.54692817285723 0.776478318399498 -6.15292099640378
"YWHAB" -0.306621809106996 0.834450549216714 -0.603723681847742 0.548926852835698 0.776481984556678 -6.15472405254009
"KRT72" 0.590690501431961 1.86530528201292 0.593168475579652 0.555908819320312 0.783509169259425 -6.16092729746982
"LBP" 0.415016808263272 1.87657596517871 0.589962733267483 0.558038149399656 0.783670902947531 -6.16278996899104
"TUBB2B" 0.550801702061017 0.92920761844114 0.585309430162642 0.561136250819915 0.785187056003406 -6.16547604496303
"CRYZ" 0.423663853289073 0.885192587043593 0.57869403854519 0.565555418507334 0.788534257345351 -6.1692586460325
"KRT17" 0.743101650369483 3.23306572574161 0.568778029442377 0.57221159359151 0.79406905677964 -6.17484913616983
"P12259" 0.336271679270818 0.921348733982136 0.566285877522606 0.57389048587612 0.79406905677964 -6.17623919379419
"GFAP" 0.420977926911579 1.17734737471369 0.562456713189644 0.576474769790626 0.79406905677964 -6.17836327290802
"RAP1B" 0.3427948097091 1.4255291648707 0.558097379533871 0.579423741335035 0.79406905677964 -6.18076414056976
"C3" -0.220435127145304 6.67762398894577 -0.557642831990852 0.579731650708015 0.79406905677964 -6.18101341812161
"F2" -0.328488896795579 4.54461174228961 -0.538752919931331 0.592597136264131 0.808843108795604 -6.19119554161484
"KRT27" -0.566322007485831 0.96613086091488 -0.535147068112484 0.595068281873257 0.809376089680759 -6.19309981379615
"S100A9" 0.270134271293265 0.904075742037082 0.522239421678877 0.603953642449318 0.818599187849424 -6.19981288095489
"CFL1" -0.232065385559226 1.04426362624368 -0.51232644560895 0.61081901844509 0.825029854774792 -6.20485851154193
"Q3SWY2" 0.273882012262503 1.08367909387548 0.482817728903112 0.631463879817676 0.848963897903044 -6.21931214610664
"KNG2" 0.314069181744373 4.18853710619748 0.480775900968347 0.632903677099955 0.848963897903044 -6.22028087467416
"B4GAT1" 0.158432606695193 0.751939136810005 0.441837766895055 0.660630556724872 0.883110950398541 -6.23797640239431
"TAGLN2" -0.347729419600846 1.83077279292619 -0.437041259536501 0.664080575921496 0.883634138738699 -6.24005376756418
"P02768" -0.175281317587268 3.38571285078241 -0.43498057429595 0.665565045373879 0.883634138738699 -6.24093934417658
"ADIPOQ" 0.192867563231907 2.9311360628011 0.42980583434176 0.669298765122434 0.885568774260635 -6.24314488055487
"FAP" 0.2035354374781 0.71726928331621 0.425878924901763 0.672137788630715 0.886310507719824 -6.24480110295214
"OGN" -0.194348486092572 0.995878796308399 -0.422628317046168 0.674491527554645 0.886409473712017 -6.2461606777364
"AOCX" 0.300404434478923 0.823072621196081 0.404044428688845 0.6880105579728 0.901131673573802 -6.25373491787222
"KRT35" 0.365095987187825 1.15178337413476 0.399035709791589 0.691672105184431 0.902887412472294 -6.25571848226654
"TGFBI" -0.305790336461063 2.48367420342353 -0.384127714439604 0.70261418468524 0.91108435757751 -6.26147694871783
"CD14" -0.251400575796473 1.00797114158891 -0.38404767971171 0.702673102615936 0.91108435757751 -6.26150727573647
"C4" 0.158716013264651 4.65920312784159 0.375464953223659 0.709001949190053 0.91108435757751 -6.26472302617192
"LTF" 0.388719890734922 2.30720693197382 0.374905184522207 0.709415445888803 0.91108435757751 -6.26493024973031
"CORO1A" -0.156182358235113 0.712513251951128 -0.37457132295154 0.709662108858575 0.91108435757751 -6.26505369731824
"PROS1" -0.358259943414188 2.09391382770784 -0.351548827658239 0.726745997699324 0.92994800363499 -6.2733026635704
"IGFBP2" -0.33801917479853 2.49221021613105 -0.338249496270995 0.736679750809532 0.937951804768568 -6.27783073668343
"P02787" 0.299274780991812 0.998359047154502 0.329699507565797 0.743090243759468 0.937951804768568 -6.28065003462651
"TTR" -0.146554163774644 3.64932677107665 -0.32799761971826 0.744368475699724 0.937951804768568 -6.28120264804612
"ACTN1" -0.229422042629023 0.903885631692904 -0.327576171962293 0.744685123708716 0.937951804768568 -6.28133905499604
"PRDX6" -0.186730114055895 0.949518417498619 -0.327081516378276 0.745056832065521 0.937951804768568 -6.28149893391623
"C4BPA" -0.213296500946701 1.20731446658283 -0.319654461376376 0.750645205462881 0.940609905187222 -6.28387053705583
"LYSM" 0.127747655831913 1.09459348779693 0.307623415860757 0.759726380904635 0.940609905187222 -6.28759720179478
"SeRPINA3-5" -0.245662988421851 4.180000474502 -0.298739693495641 0.76645401404936 0.940609905187222 -6.2902575968781
"APCS" 0.208162638232092 0.844120548981667 0.297367997919431 0.767494434108505 0.940609905187222 -6.29066145638495
"POSTN" -0.177356890474662 1.03572541643493 -0.294709385451462 0.769512200680171 0.940609905187222 -6.29143894262805
"COL2A1" 0.13161661718378 0.758061130802922 0.283850688812722 0.777770058690441 0.940609905187222 -6.29454223485313
"LOX" 0.127747655831913 0.816160085207953 0.281112391213297 0.779856627599939 0.940609905187222 -6.29530648302417
"CAPNS1" 0.127747655831913 0.858051979934831 0.275208534116216 0.784360891207238 0.940609905187222 -6.29692910694295
"IGFBP6" 0.127747655831913 0.737406371623844 0.27328754330634 0.785828101231921 0.940609905187222 -6.29744967325312
"SeRPINA3-7" 0.109196411514615 4.07790237558185 0.272481532738696 0.78644394841763 0.940609905187222 -6.29766701041881
"IGF2" 0.127747655831913 0.832300800560946 0.268010153268916 0.789862882647718 0.940609905187222 -6.2988610767527
"GARIN1B" 0.127747655831913 1.00494114708315 0.263919318414758 0.792994505941032 0.940609905187222 -6.29993626800873
"FMOD" 0.152104935245402 1.14447821963996 0.260084541329518 0.795933244933897 0.940609905187222 -6.30092918790805
"P02649" 0.127747655831913 0.800040951030369 0.257664899561051 0.797789051990693 0.940609905187222 -6.30154823802954
"CDH5" -0.166100491743468 1.06888632862755 -0.256451500037067 0.798720145258885 0.940609905187222 -6.30185650663253
"CALD1" 0.127747655831913 0.74005781239672 0.251758902661113 0.802323745309774 0.940609905187222 -6.30303502173861
"P02647" -0.182980487646603 1.00542398438452 -0.251189147772866 0.802761576126868 0.940609905187222 -6.30317663443423
"KRT222" 0.127747655831913 0.969104467853743 0.250103302218111 0.803596176093124 0.940609905187222 -6.3034456356047
"CNTN1" -0.136737308434226 0.80892075336057 -0.249755605088684 0.80386347112729 0.940609905187222 -6.3035315264547
"COL1A1" 0.178278064225135 1.32880881656069 0.24422954613519 0.808114832176403 0.940609905187222 -6.3048806184436
"HSP90AA1" 0.216436341160529 2.06333001962018 0.241838571385799 0.809956102333131 0.940609905187222 -6.30545500302249
"CHI3L1" 0.127747655831913 0.89653022475856 0.237359056682376 0.813408656178293 0.940609905187222 -6.30651594588025
"COL10A1" 0.112208807785627 0.950811369126076 0.235692536144502 0.814694074666242 0.940609905187222 -6.30690560019697
"CATHL4" 0.127747655831913 1.03048592688038 0.234961432850758 0.815258151086376 0.940609905187222 -6.30707567742122
"HPX" 0.104038322189619 4.50017515274439 0.232141858846758 0.817434492153267 0.940609905187222 -6.30772666096798
"CKM" 0.127747655831913 1.35290143801116 0.229525194730651 0.819455514225465 0.940609905187222 -6.30832378210735
"CFH" -0.125147143313402 4.72189086334204 -0.226361916616332 0.821900374784029 0.940609905187222 -6.30903662343266
"RAP1A" -0.142914519550957 0.740491933861778 -0.226348235669736 0.82191095252427 0.940609905187222 -6.30903968498326
"LASP1" 0.127747655831913 0.732436238002766 0.224870491509467 0.823053700931006 0.940609905187222 -6.30936929061708
"NACA" 0.127747655831913 0.91529785373374 0.224746697746705 0.823149449010867 0.940609905187222 -6.30939680459356
"CSN2" 0.127747655831913 0.834847588435451 0.222946778405724 0.824541899924129 0.940609905187222 -6.30979514062741
"RNASe4" 0.127747655831913 0.913827514006548 0.222116249022416 0.825184605330504 0.940609905187222 -6.30997786559395
"TRAP1" 0.127747655831913 0.747289114942391 0.219819013979698 0.826962950061774 0.940609905187222 -6.31047973652467
"APOC3" 0.127747655831913 1.26793116509266 0.208677617886107 0.83560060607954 0.947663661122278 -6.31283990221497
"SPP2" 0.127747655831913 1.00746553062325 0.193128440343056 0.84768957123024 0.955995780220529 -6.3159290006942
"KNG1" -0.0824310822177825 4.61740896634327 -0.187691276777497 0.851925685705376 0.955995780220529 -6.31695285748154
"KRT71" 0.127747655831913 2.1048396744389 0.182956922900751 0.85561783775804 0.955995780220529 -6.31782059462038
"P04406" 0.0929773685186994 1.55420244363732 0.178114488894455 0.859397654785845 0.955995780220529 -6.31868524202481
"GPLD1" 0.125310616810248 1.3278744502177 0.169326055631808 0.866266008135045 0.955995780220529 -6.32019531178844
"TUBA8" 0.127747655831913 0.761675413084207 0.168607519031981 0.866828029016929 0.955995780220529 -6.3203154001621
"SeRPIND1" -0.0949780365387236 0.867886758831868 -0.168227066061505 0.867125637722743 0.955995780220529 -6.32037877839798
"F12" 0.0993784941659526 1.484624969185 0.16699017676234 0.868093326453868 0.955995780220529 -6.32058383901157
"HSPA2" 0.127747655831913 0.839082397910449 0.163245021410978 0.871024612218956 0.955995780220529 -6.3211955216021
"HP20" -0.0746319963889097 0.816240202931749 -0.162527098497794 0.871586731659184 0.955995780220529 -6.32131119450709
"F11" 0.0845270954113403 0.873681843585717 0.160427150053527 0.87323133301257 0.955995780220529 -6.32164661831517
"KRT78" 0.127747655831913 1.30137014592659 0.16005724853993 0.873521084886474 0.955995780220529 -6.32170525116988
"HP" 0.127747655831913 0.825622886483792 0.149634404947063 0.8816925754365 0.955995780220529 -6.32330179068197
"CRYZL1" 0.127747655831913 0.862178149099808 0.148764349220698 0.882375298543801 0.955995780220529 -6.32343020829911
"FABP1" -0.0785192250392023 0.723699590153096 -0.14270334550105 0.887133775729618 0.955995780220529 -6.3243040346616
"MDH1B" 0.127747655831913 1.38426449232822 0.140920532059791 0.888534265444678 0.955995780220529 -6.32455415537608
"CL43" -0.0785192250392023 1.01997150344783 -0.140791286532619 0.888635808331667 0.955995780220529 -6.32457216580841
"DSG1" 0.0806581340594734 1.10922966829358 0.13766231987876 0.891094680135001 0.955995780220529 -6.32500315030328
"KRT81" 0.127747655831913 0.813650693129048 0.136850922110028 0.891732487714593 0.955995780220529 -6.3251133321823
"ILK" -0.0731095119442051 0.777665343783164 -0.13638483880039 0.892098890025841 0.955995780220529 -6.32517632859528
"KRT74" 0.127747655831913 1.00583262753999 0.126289708359871 0.900040680222568 0.961856661007085 -6.32648809913739
"P05786" -0.13904555819909 1.65283958906743 -0.122976048660136 0.902649814727293 0.962002131312101 -6.32689671480229
"KRT28" 0.127747655831913 1.28856412177471 0.117196798304696 0.907202905592124 0.964212924249552 -6.32758338852468
"eNO3" -0.0968721312208699 0.933274938181608 -0.109526173090916 0.913250924724683 0.9679962117654 -6.32844378014847
"PeBP1" 0.0501247091060622 0.80566044467276 0.106193732476863 0.915880075591956 0.968144971209975 -6.32879943948611
"C1S" 0.0463704464122374 0.797910518051992 0.0988159201771399 0.921704186838789 0.969806683758026 -6.32954777111149
"P02774" 0.0758797263441515 0.984024814349377 0.0961993108261805 0.923770820138947 0.969806683758026 -6.32980024079112
"B4GALT1" -0.0493076878495812 0.74343284348161 -0.0932248666581383 0.926120720565857 0.969806683758026 -6.33007901214631
"C5" -0.0660210722282211 0.94545995618737 -0.0915750843093058 0.927424386524385 0.969806683758026 -6.33022986014371
"P68133" -0.083659094703366 1.28977698708408 -0.0867523406512985 0.931236481890106 0.97064316677815 -6.33065538888841
"F9" 0.0466623613166928 1.31060263913142 0.0781889055672728 0.938009330700974 0.97064316677815 -6.33135427220828
"CSN1S1" -0.0422697139512991 1.13340790595161 -0.0766055932926433 0.939262099962632 0.97064316677815 -6.33147554332565
"P00747" 0.0582895430124772 1.16782470389664 0.0753283982523985 0.940272772318612 0.97064316677815 -6.33157156063629
"PGK1" -0.0538744384905394 1.51916776793932 -0.0726155139175502 0.942419864373243 0.97064316677815 -6.33177015575756
"BPT2" 0.039504380828694 0.757961507238932 0.0716354020787063 0.943195673630182 0.97064316677815 -6.33184011369472
"ACTA1" -0.083659094703366 2.30705589697583 -0.0653340824904877 0.948184789946227 0.972056581494394 -6.33226718745228
"HBBF" -0.0204848375407121 5.11778033064974 -0.0635890137417182 0.94956684053437 0.972056581494394 -6.33237851329766
"KRT31" 0.0432845078250813 0.79207591293003 0.0584798775440103 0.953614032681864 0.973460557177212 -6.33268712276891
"RGN" -0.0255444200038142 1.09112540622662 -0.0555401835757348 0.955943272086619 0.973460557177212 -6.33285298393792
"P07996" 0.0189803655609895 2.00970292703318 0.0299037216615155 0.976270311157422 0.99156436302934 -6.33393694210807
"OMD" 0.00795370710254055 0.719840954152191 0.0183878120093227 0.98540722246085 0.998238045669975 -6.33421214668847
"SeRPINC1" -0.00627552717376467 5.03021048165686 -0.0105120708206909 0.991657177392494 0.998863411412922 -6.33432478280199
"KRT25" -0.00899071653345054 1.02313114472002 -0.00762703746541498 0.993946807583505 0.998863411412922 -6.33435068032589
"HABP2" 0.00300907592325483 1.22761421618688 0.0063409696153037 0.994967478956031 0.998863411412922 -6.33435957008788
"P01023" -0.00420678442582068 2.44612252397125 -0.00466747495996422 0.996295639147079 0.998863411412922 -6.33436868688453
"ALB" 0 7.89886994691184 0 1 1 -6.33437946781295
