"logFC" "AveExpr" "t" "P.Value" "adj.P.Val" "B"
"UBB" -3.13868010150225 0.754972106198902 -7.24329308467724 3.47578464570684e-09 6.7604011358998e-07 10.8210391773923
"P0CG48" -3.13868010150225 0.754972106198902 -7.24329308467724 3.47578464570684e-09 6.7604011358998e-07 10.8210391773923
"FLNA" 5.05643943304441 1.94622889739667 6.95606569565374 9.47301577785143e-09 1.00092777613375e-06 9.88338246612579
"P62979" -3.13868010150225 0.826696115854738 -6.93233493516541 1.02923164641003e-08 1.00092777613375e-06 9.80575059849183
"P63104" 2.87707533789187 1.02876247999891 6.86295361385378 1.31180872521687e-08 1.02058718821873e-06 9.57866528285142
"POTee" 3.97722142379349 1.39968024410531 6.13574066084076 1.6695452323246e-07 1.08242182562378e-05 7.19446702674512
"TUBB" 4.27363803837203 1.55550919138058 5.67887463148534 8.18606760670181e-07 4.54911471286715e-05 5.70298817079893
"P34931" 3.28777519204411 0.857992294258848 5.42883912438974 1.9412461264957e-06 9.43930929008536e-05 4.89321101265375
"P26038" 3.46392188499704 1.29594388763761 5.08799828579915 6.22751674566698e-06 0.000269167112673828 3.80104962452884
"LRP1" 2.81840058546648 0.778836242934973 4.99233228819555 8.61239004649099e-06 0.0003350219728085 3.49757795612593
"Q9BUF5" 3.24015868667202 0.772245621082417 4.89268644423074 1.20530583243616e-05 0.000426239971652423 3.18316369800314
"MYH11" 2.56700472799591 0.813994716585664 4.83143775037616 1.4806297710893e-05 0.000479970817461447 2.99081997007008
"Q13509" 3.81015204754463 1.07733684802175 4.7091492234049 2.22803418774978e-05 0.000666696383872818 2.60903736713737
"AZGP1" -3.09142388585513 0.821127098909867 -4.65141173784653 2.69938284220161e-05 0.0007339520677098 2.42988987284194
"TUBA1B" 3.05849173400671 1.83936878995559 4.63714651838593 2.83014936134884e-05 0.0007339520677098 2.38574270230054
"KRT31" -4.07151125653557 0.79207591293003 -4.4914232333551 4.57687700515415e-05 0.0010986971075632 1.9375138827048
"P68366" 2.36975652579839 1.95366699123422 4.47681730393069 4.80150406904224e-05 0.0010986971075632 1.892875032395
"eDIL3" 2.75932068711038 1.05310899536172 4.43905970374436 5.43332522069086e-05 0.00117420195047153 1.77773347309602
"POSTN" 3.22872225345205 1.03572541643493 4.38057336726281 6.57553037861689e-05 0.00134625332488525 1.60012023723363
"Q9BQe3" 4.73821719092898 1.17739584610662 4.35483703295574 7.14952302943228e-05 0.00137143668149886 1.52225612360588
"TLN2" 3.15478012104585 1.10544850568922 4.34408110973704 7.40364275359282e-05 0.00137143668149886 1.48976868602965
"Q9NY65" 3.59875022466655 0.950188341295903 4.31586189323411 8.11296335233683e-05 0.00143451942911774 1.40468847272055
"P62987" -2.04508910921109 0.778036181657141 -4.16790693325501 0.000130614121584919 0.00220908231724059 0.962397873563906
"VCL" 3.67738695658219 1.09331505663949 4.08254063163693 0.000171433281014381 0.00277864776310809 0.710261578168651
"P68371" 2.78196184053079 1.62509992330438 4.03803389272387 0.000197377605554184 0.00302554422683218 0.579743332444327
"SeRPIND1" 2.78686886217624 0.867886758831868 4.03035765408747 0.000202221465032485 0.00302554422683218 0.557298972589118
"SeRPINB12" -1.95650760374452 0.756539404534591 -4.00634099020663 0.000218132070066016 0.00314271760206222 0.487205636109392
"P07900" 2.81208917955687 1.43066996680378 3.8774648450714 0.000326485960319294 0.00453582280586448 0.114501350470475
"KRT4" -2.24724752046768 0.990790724299546 -3.69220266840965 0.00057727987438586 0.00757357554494347 -0.410514998236462
"Q8N1N4" -2.92900185482732 1.04438723187023 -3.68835386945126 0.00058408037621672 0.00757357554494347 -0.42128002124355
"SeRPINB3" -2.87552960314188 0.93675025011604 -3.62056062205117 0.000717252508940604 0.0090003621283192 -0.60990633284628
"Q7RTS7" -2.74867542371671 1.27703309365531 -3.58016626845207 0.000809961961214751 0.00984610009101682 -0.721391036151378
"MYH9" 2.78026715183714 2.01663136304521 3.52014155723612 0.000969187921625745 0.0114246697428004 -0.885767349304286
"KRT77" -3.36458164402014 1.25641552382787 -3.46600419521824 0.00113809093150931 0.0130210991869742 -1.03266948402539
"C4B" -3.83544047856424 0.825451840140098 -3.23486787510671 0.00222900920778079 0.0247738451950493 -1.64464610926064
"TUBA1A" 2.99722453362338 1.4003424540644 3.19084912652121 0.00252677943935298 0.0273032556085641 -1.75825930892108
"P68032" 2.62835971008014 2.03404680916652 3.10183897841964 0.00324720571343184 0.0341395411493239 -1.98497423676701
"C5" 2.72039023704825 0.94545995618737 3.08091936487905 0.00344256309026879 0.0352409747924884 -2.03765837699486
"P61224" -1.17296628312816 1.06500774225224 -3.04134588349892 0.0038426598988478 0.0371018472182667 -2.13668365149761
"P02768" 1.49698706784657 3.38571285078241 3.03323914608646 0.00392982840534108 0.0371018472182667 -2.15686546065804
"LYZ" -1.43399162352942 0.816234948298071 -3.02984073748381 0.00396691851139473 0.0371018472182667 -2.16531526426156
"P09429" -2.09286444315599 1.26815882585194 -3.02630503768673 0.0040058549695815 0.0371018472182667 -2.17409978708159
"HSPA6" 1.96557127069494 0.881838350545178 2.99966161702972 0.00431098140391072 0.0389993433981691 -2.24007714901455
"Q86Y46" -2.61869532207005 1.1857206287167 -2.94718129733338 0.0049765987968551 0.0439976575449235 -2.36889241637287
"P08729" -2.08787012860169 0.884330985275087 -2.90719055678654 0.00554691403766589 0.0479499902367118 -2.46601834614395
"IQGAP1" -2.33805527721333 0.948345697714533 -2.83748531607745 0.00668872163237773 0.0565633198911943 -2.63313129807955
"TUBB1" 1.25697316095303 1.42581639624191 2.81973425293571 0.00701248824826178 0.0580395303951879 -2.6752381819016
"FHL1" -1.27345668349953 0.837231346343477 -2.77801459032043 0.00783142583426658 0.0634671801985354 -2.77346979292947
"SYNCRIP" -1.59354419646598 1.12831937205131 -2.71474258882823 0.00924337412216364 0.0733810721126868 -2.92046211923393
"KRT15" -3.08523956959894 1.05196784790562 -2.69210653578326 0.00980302213169199 0.0762675121845637 -2.97245956606305
"KRT76" -2.65640100700138 1.62000062950684 -2.61256179366192 0.0120257908448984 0.0917261301699112 -3.15266707590829
"P26583" -1.76737778734011 1.24120552866906 -2.57890517849827 0.0130981821004279 0.0979844776358931 -3.22771801840226
"P08238" 1.93658069964917 1.23310560991947 2.50348944891629 0.0158246518174264 0.116146972773186 -3.39324632700639
"P02751" 2.88707390180292 0.834444741245757 2.44712910723233 0.0181881070263783 0.131021733949281 -3.51452167744663
"P05452" -1.28620731442294 0.807739349953079 -2.43183666071926 0.0188822154010476 0.1335487598365 -3.54706368060666
"P11142" 1.39131733965606 1.4286386572736 2.38548475259738 0.0211344734253291 0.146809110043804 -3.64473827998902
"COL6A1" 0.945599669180531 1.0531367631725 2.35851918647643 0.0225532354987817 0.15391594050923 -3.70088988826791
"Q02413" -1.80573960135522 1.12524440089699 -2.34188127904331 0.0234706774418703 0.15741540560151 -3.73528711644093
"P62826" -0.851563057434139 0.922613212676283 -2.23515130835434 0.0301919161258985 0.193773838335687 -3.95135892173708
"HBD" 1.70866146514015 0.958828187301187 2.23340246121302 0.0303150062987225 0.193773838335687 -3.95483257107792
"KRT13" -1.37079681816414 1.66250528245446 -2.22653459826071 0.0308027063853906 0.193773838335687 -3.96845278357437
"P68133" 2.62835971008014 1.28977698708408 2.22539553509837 0.0308842621511892 0.193773838335687 -3.97070849859504
"eHD3" -0.874670917401559 1.05773225180497 -2.15561877891087 0.0362592891110662 0.220467964587526 -4.10711102617384
"IGKC" 1.9878002266022 0.881565498792972 2.15546049065362 0.0362723643537318 0.220467964587526 -4.10741644987901
"KRT84" -1.91623400217418 0.773961847807489 -2.10946970147449 0.0402514446021384 0.240889414618952 -4.19538133865307
"TLN1" 1.06530297297665 2.87545084798534 2.09103032112133 0.0419511205128909 0.246031653036775 -4.23021255961605
"H2BC18" -1.01967963427245 0.923136078527918 -2.08652693241277 0.0423756317569767 0.246031653036775 -4.23868101960539
"eeF1A1P5" -1.01728586320978 1.9684402153512 -2.03053165800827 0.0479752429507662 0.27444661040953 -4.34271489028352
"KRT1" -0.892869575922035 3.40895010581031 -1.88593718103809 0.0654842841708454 0.369179515108099 -4.60034504659761
"P06733" 1.10404519668166 1.16215827316113 1.87156004222278 0.0674912006037919 0.375058243355358 -4.6250775350335
"P63000" -1.06597686210593 0.746602443699595 -1.83508153558529 0.0728188413117349 0.398965200989646 -4.68710113988712
"FBLN1" 1.12297728912459 1.37059447289955 1.82421402898339 0.0744731342483162 0.402361794758264 -4.70537569733672
"P05109" -1.05338661206502 0.857391557633852 -1.74351986496835 0.0877737033181389 0.467725624530904 -4.83812127104401
"P68104" -1.01728586320978 1.89863603467514 -1.72963652978797 0.0902506770671298 0.474425856474507 -4.860431796443
"KRT8" 1.49050029050329 1.48481870418941 1.68415790052672 0.0987742029512691 0.512308865973916 -4.93241838779096
"LIMS1" -0.584911839767862 0.815161218650176 -1.65135403362134 0.105325425171832 0.534084094677968 -4.9832913481242
"S100A9" -1.04254486432644 0.904075742037082 -1.6456561227582 0.106498852467582 0.534084094677968 -4.9920374412168
"QSOX1" -0.614907777689464 0.978259002730328 -1.64279827673022 0.107091412300467 0.534084094677968 -4.9964140341926
"Q14CN4" -1.02742844794063 1.17514041604347 -1.44168434496983 0.156013985577406 0.768220764425455 -5.28721145038665
"APOB" 1.42219720207415 1.74147644688934 1.41352894882827 0.164081863632513 0.793331812907121 -5.32517419932706
"P08727" -1.24981873554741 1.416951926209 -1.40123754217174 0.167704130845259 0.793331812907121 -5.34153211979206
"P35900" -0.602247621198855 1.05611255282155 -1.40117850507838 0.167721677429608 0.793331812907121 -5.34161037280362
"P63261" 0.45989786936467 2.61637983050475 1.38920210710779 0.171310725666319 0.793331812907121 -5.35742238643448
"P60709" 0.45989786936467 2.61637983050475 1.38920210710779 0.171310725666319 0.793331812907121 -5.35742238643448
"Q5XKe5" -1.02097800343621 1.49693522987368 -1.33634968939148 0.187861374765456 0.859742056279558 -5.42570841354673
"P0DMV8" 0.948067169183183 1.01534727561345 1.24835026924177 0.21807851106609 0.975086675916196 -5.53395472567616
"P0DMV9" 0.948067169183183 1.01534727561345 1.24835026924177 0.21807851106609 0.975086675916196 -5.53395472567616
"P14923" -1.12498641328441 1.10005277187694 -1.2331523107193 0.223643851497702 0.978307507819728 -5.55195366193519
"KRT3" -0.808068508844216 1.68289539879105 -1.16520238025416 0.249809907334133 0.978307507819728 -5.62989691754708
"H4C1" -0.615661904431577 1.01386474095244 -1.14026741611344 0.259945591054999 0.978307507819728 -5.65745610793496
"P04406" -0.719075157079911 1.55420244363732 -1.12473614967229 0.266405483459429 0.978307507819728 -5.67433735302753
"P02788" -0.573628027829112 1.35017089856469 -1.08798065170296 0.282144918336109 0.978307507819728 -5.71341413150112
"DSP" -1.03423215119956 1.47603450015398 -1.03419730128032 0.306329912661454 0.978307507819728 -5.76836958363297
"P13647" -0.811815432047879 2.60010411438863 -1.00021892593678 0.322320475245034 0.978307507819728 -5.80171826213562
"P12259" 0.652398118886879 0.921348733982136 0.897041445410645 0.374263462852744 0.978307507819728 -5.89642643863332
"Q04695" -0.678480156097356 2.13005613425584 -0.888012168759329 0.379050951971371 0.978307507819728 -5.90424222270112
"P07996" 0.657782306412724 2.00970292703318 0.846169226415273 0.401741001356763 0.978307507819728 -5.93946321168888
"P06396" 0.726795173727288 2.02434651694114 0.784092021967382 0.436915452907202 0.978307507819728 -5.98867750342609
"P01023" 0.833458799130624 2.44612252397125 0.755040496757896 0.453987321822773 0.978307507819728 -6.01045629944015
"C4A" 0.516398088033768 1.81106546131638 0.7303469384922 0.468798880070306 0.978307507819728 -6.0283374754386
"AMY2B" 0.416962253709719 0.923538375654455 0.720642034039479 0.474694760998452 0.978307507819728 -6.03520606399723
"ANXA2" -0.431602055129111 1.17048389688045 -0.710356204156169 0.480989183543031 0.978307507819728 -6.04238775140421
"VTN" -0.321874160869674 1.40921416454494 -0.702701478036586 0.485703788620338 0.978307507819728 -6.0476668304431
"PZP" 0.837056083006614 1.74957636782378 0.696429214910079 0.489586086585995 0.978307507819728 -6.05195077349562
"P02649" -0.416926360862797 0.800040951030369 -0.686619363077674 0.495692439001605 0.978307507819728 -6.05857547863171
"AMY1A" 0.416962253709719 0.931305959676543 0.679403940188939 0.500210484787025 0.978307507819728 -6.06338938046348
"AMY1B" 0.416962253709719 0.931305959676543 0.679403940188939 0.500210484787025 0.978307507819728 -6.06338938046348
"AMY1C" 0.416962253709719 0.931305959676543 0.679403940188939 0.500210484787025 0.978307507819728 -6.06338938046348
"ILK" 0.40634440625258 0.777665343783164 0.618929048483664 0.538948065714018 0.978307507819728 -6.10177392276674
"P02771" -0.326750391479789 1.3284525812195 -0.600617458819373 0.550976885206215 0.978307507819728 -6.11270333155406
"P00747" -0.534097162174261 1.16782470389664 -0.563563325695972 0.575727340682273 0.978307507819728 -6.13383040786993
"O95678" -0.613964243950759 1.53894183147187 -0.560984778753564 0.57746967639629 0.978307507819728 -6.13525127512531
"KRT16" -0.383820755106527 2.4557089568436 -0.514112543009182 0.609579394225991 0.978307507819728 -6.15995807853411
"KRT2" -0.422336301949364 3.01917522849957 -0.511565467103199 0.611347518772677 0.978307507819728 -6.16123969304922
"P01024" 0.418349598807064 2.31548225916967 0.507415612446137 0.614233268476161 0.978307507819728 -6.16331430058546
"P00558" 0.245105356879102 0.941550110779888 0.430879730155611 0.668523221090678 0.978307507819728 -6.19857595115562
"HBA1" -0.235911687306462 1.82643888532008 -0.357362589061627 0.722418221619223 0.978307507819728 -6.22707057403168
"P36955" -0.212253472541632 0.913183336911223 -0.319528906521818 0.750739794422831 0.978307507819728 -6.23967461103343
"P02647" 0.283587740675455 1.00542398438452 0.317861490044202 0.751996338148142 0.978307507819728 -6.24019783609795
"P13645" -0.119892813436989 3.13597377247352 -0.298361571289856 0.766740773399547 0.978307507819728 -6.2461144325914
"PKM" -0.14967974861287 1.51734925952507 -0.292000929916879 0.77156945364305 0.978307507819728 -6.24796368403871
"P19823" 0.140506038701626 1.84784059236717 0.262712295725934 0.793919169443092 0.978307507819728 -6.25596643295484
"P63267" 0.201897542376975 0.87805768071294 0.21903863679273 0.827567267736959 0.978307507819728 -6.2663343452598
"ALB" -0.058959727248028 7.89886994691184 -0.211169329697509 0.833667024052963 0.978307507819728 -6.268003053833
"KRT6C" -0.241103136517954 2.32059859033938 -0.209497380908326 0.8349643516509 0.978307507819728 -6.26834974769916
"P62736" 0.201897542376974 0.819421742950362 0.194165402174869 0.846882181753157 0.978307507819728 -6.27140069572695
"ACTB" -0.058959727248028 4.64889836020568 -0.167518252229893 0.867680157987083 0.978307507819728 -6.2761526579645
"ACTG1" -0.058959727248028 4.64889836020568 -0.167518252229893 0.867680157987083 0.978307507819728 -6.2761526579645
"GC" -0.0589597272480279 5.06743320271011 -0.152774238740532 0.879229540760182 0.978307507819728 -6.27848141547847
"AFP" -0.058959727248028 5.71185561573929 -0.151474917389596 0.880248645253914 0.978307507819728 -6.27867636947839
"AHSG" -0.058959727248028 6.33992813471078 -0.150534906823801 0.880986057119235 0.978307507819728 -6.27881637437879
"HBBF" -0.0589597272480279 5.11778033064974 -0.149437433909821 0.881847128505199 0.978307507819728 -6.2789787300177
"SeRPINA1" -0.0589597272480278 6.35969402538638 -0.147085467630583 0.883692952888983 0.978307507819728 -6.27932267310211
"TF" -0.0589597272480279 6.50277193165561 -0.14663195042817 0.884048948719097 0.978307507819728 -6.27938836694643
"SeRPINF1" -0.058959727248028 4.44950328492584 -0.143652913661696 0.886387990284332 0.978307507819728 -6.2798148543645
"KRT9" -0.0618883765381879 2.91951637462526 -0.14022024611454 0.889084473820988 0.978307507819728 -6.28029544003179
"GSN" -0.0589597272480278 4.70798588107988 -0.138606940721805 0.890352242827336 0.978307507819728 -6.280517297081
"A2M" -0.058959727248028 6.92086440788217 -0.137369198629054 0.891325082746266 0.978307507819728 -6.28068576879687
"A1BG" -0.058959727248028 4.21514638674972 -0.13625309598735 0.892202461384777 0.978307507819728 -6.28083638926926
"B4GAT1" -0.058959727248028 0.751939136810005 -0.134254268856567 0.893774097632779 0.978307507819728 -6.28110306700103
"P00734" -0.134535716387147 1.13249756310267 -0.133099420605408 0.894682327489354 0.978307507819728 -6.28125534865197
"HBA" -0.058959727248028 4.58751823349648 -0.132086469455702 0.895479079814115 0.978307507819728 -6.28138783713919
"FeTUB" -0.058959727248028 4.59737110107439 -0.127540854680777 0.899055831426939 0.978307507819728 -6.28196992582913
"Q14624" 0.117540371140966 0.847102710185448 0.12439469949802 0.901532652087227 0.978307507819728 -6.28236087936443
"C3" -0.058959727248028 6.67762398894577 -0.121782576568636 0.903589807272174 0.978307507819728 -6.28267805802663
"SeRPINA3-7" -0.058959727248028 4.07790237558185 -0.120126422448458 0.904894444384859 0.978307507819728 -6.28287567313303
"CLIC1" -0.058959727248028 0.811425802114727 -0.119533036931602 0.905361949110654 0.978307507819728 -6.28294581890075
"SeRPINA5" -0.058959727248028 4.45273357818194 -0.119320701342016 0.905529248066248 0.978307507819728 -6.28297083535249
"ARF1" -0.0589597272480281 0.8029556509391 -0.11799405851152 0.906574606038765 0.978307507819728 -6.28312612817491
"AGT" -0.058959727248028 5.18031301631619 -0.117480266894641 0.90697950465182 0.978307507819728 -6.2831858049399
"RAN" -0.058959727248028 0.88421758480203 -0.11740610859407 0.907037947904159 0.978307507819728 -6.28319439691386
"LYSM" -0.0589597272480278 1.09459348779693 -0.115924781753254 0.908205471927237 0.978307507819728 -6.28336488742739
"CORO1A" -0.0589597272480279 0.712513251951128 -0.115454904150915 0.908575854009762 0.978307507819728 -6.28341851513423
"ITIH4" -0.058959727248028 5.57714384362311 -0.115291038206894 0.908705026539584 0.978307507819728 -6.28343716616038
"APOA1" -0.058959727248028 5.73016030923517 -0.115263694950356 0.908726580971803 0.978307507819728 -6.28344027575979
"C4" -0.0589597272480279 4.65920312784159 -0.113882894114477 0.909815143134777 0.978307507819728 -6.28359634817167
"ARF3" -0.058959727248028 0.811710042282273 -0.113000844348171 0.910510603682185 0.978307507819728 -6.28369506259794
"OMD" -0.058959727248028 0.719840954152191 -0.111293627326505 0.911856875799734 0.978307507819728 -6.28388394619685
"SeRPINF2" -0.058959727248028 4.39142943819755 -0.11082564285317 0.912225963381509 0.978307507819728 -6.28393522134827
"ANXA5" -0.058959727248028 0.90890180110496 -0.110280107574642 0.912656237998254 0.978307507819728 -6.28399472083491
"KNG1" -0.058959727248028 4.61740896634327 -0.109613216837567 0.9131822639896 0.978307507819728 -6.28406705747709
"GDI2" -0.058959727248028 0.954614465279186 -0.109600550579414 0.913192255183805 0.978307507819728 -6.28406842712359
"TTR" -0.058959727248028 3.64932677107665 -0.10774133848257 0.914658961736301 0.978307507819728 -6.28426775435829
"HPX" -0.058959727248028 4.50017515274439 -0.107416241952753 0.914915456824495 0.978307507819728 -6.28430225804598
"ADIPOQ" -0.058959727248028 2.9311360628011 -0.107281033644358 0.915022136347977 0.978307507819728 -6.28431657751497
"CFL1" -0.058959727248028 1.04426362624368 -0.106278702494283 0.915813026010332 0.978307507819728 -6.28442216896722
"CATHL1" -0.058959727248028 0.722043678629876 -0.106086067420693 0.915965034646621 0.978307507819728 -6.28444234878361
"LOX" -0.0589597272480278 0.816160085207953 -0.105934369489894 0.916084741952426 0.978307507819728 -6.28445821440573
"ATIC" -0.058959727248028 0.705165706461896 -0.104869427169035 0.916925160403655 0.978307507819728 -6.28456895464643
"HP20" -0.0589597272480278 0.816240202931749 -0.104836028305134 0.916951519274799 0.978307507819728 -6.28457240961002
"OGN" -0.058959727248028 0.995878796308399 -0.104685677170224 0.917070179752676 0.978307507819728 -6.28458794914318
"RGN" -0.058959727248028 1.09112540622662 -0.104669729262639 0.917082766309884 0.978307507819728 -6.28458959613064
"COL2A1" -0.058959727248028 0.758061130802922 -0.103821921969477 0.917751911535615 0.978307507819728 -6.28467679062797
"CAPNS1" -0.058959727248028 0.858051979934831 -0.103709560485786 0.917840599125785 0.978307507819728 -6.2846882934836
"IGFBP6" -0.058959727248028 0.737406371623844 -0.102985654473099 0.91841200771472 0.978307507819728 -6.28476210389855
"APOH" -0.0589597272480279 3.65061751575342 -0.102765981578046 0.918585413121132 0.978307507819728 -6.28478439983615
"C1S" -0.058959727248028 0.797910518051992 -0.102587743793693 0.918726113414318 0.978307507819728 -6.28480245530292
"P15311" -0.0589597272480281 0.943878802764833 -0.102469819116076 0.918819204192914 0.978307507819728 -6.28481438383873
"RAC1" -0.0589597272480281 0.753457032582295 -0.102396641976304 0.918876971448801 0.978307507819728 -6.28482177909336
"PeBP1" -0.058959727248028 0.80566044467276 -0.101989827341697 0.919198125762852 0.978307507819728 -6.28486279534921
"ORM1" -0.0589597272480279 3.90623180911046 -0.101773803681906 0.919368668254846 0.978307507819728 -6.28488450915261
"LGALS3BP" -0.058959727248028 0.833459978619394 -0.10158011482437 0.919521581522287 0.978307507819728 -6.2849039388256
"FTL" -0.0589597272480278 0.818609137257954 -0.101566363415874 0.919532438086086 0.978307507819728 -6.28490531687566
"HABP2" -0.058959727248028 1.22761421618688 -0.10144540087172 0.919627937157915 0.978307507819728 -6.28491743068567
"GGH" -0.058959727248028 0.733620435019389 -0.101360835182825 0.919694701881053 0.978307507819728 -6.28492589095785
"COL10A1" -0.0589597272480279 0.950811369126076 -0.101118057430239 0.919886378482608 0.978307507819728 -6.28495014017927
"IGF2" -0.0589597272480278 0.832300800560946 -0.100996923262234 0.919982017484822 0.978307507819728 -6.28496221761324
"FAP" -0.058959727248028 0.71726928331621 -0.100729331172586 0.920193293572952 0.978307507819728 -6.28498884604417
"TPI1" -0.0589597272480279 1.21743964433329 -0.0995865231507115 0.921095657579797 0.978307507819728 -6.28510177357538
"GARIN1B" -0.0589597272480278 1.00494114708315 -0.0994553334052655 0.921199252055748 0.978307507819728 -6.28511465478802
"P23528" -0.0420063482986932 0.892579134525166 -0.0992386033384103 0.921370396790667 0.978307507819728 -6.28513589782259
"AMBP" -0.058959727248028 3.38053727812444 -0.0986075339940695 0.921868753248086 0.978307507819728 -6.28519748896174
"CDH1" -0.0589597272480278 0.741230459058091 -0.0985766401992358 0.921893150941294 0.978307507819728 -6.28520049405197
"GAPDH" -0.058959727248028 3.11524845379032 -0.0985136108535216 0.921942927212416 0.978307507819728 -6.285206622101
"H1-3" -0.058959727248028 1.12736348218594 -0.0984839948184341 0.921966316042572 0.978307507819728 -6.28520950017688
"HSPA5" -0.058959727248028 0.931138588922949 -0.0961800735248785 0.923786016003223 0.978307507819728 -6.28543074340067
"CALD1" -0.058959727248028 0.74005781239672 -0.0948728033715048 0.924818717404481 0.978307507819728 -6.28555395137052
"YWHAB" -0.058959727248028 0.834450549216714 -0.0947861768314389 0.924887154226702 0.978307507819728 -6.28556205623063
"CCN2" -0.0589597272480278 0.848101510689783 -0.094371497708161 0.925214767554886 0.978307507819728 -6.28560075148749
"KRT222" -0.058959727248028 0.969104467853743 -0.0942489070419991 0.925311621663496 0.978307507819728 -6.28561215840125
"H1-2" -0.058959727248028 1.09669133478812 -0.0941901595706298 0.925358036156614 0.978307507819728 -6.28561761952938
"CFD" -0.0589597272480279 1.78210932271283 -0.093980539631081 0.925523652284531 0.978307507819728 -6.28563707792704
"THBS1" -0.0589597272480279 3.8930104496408 -0.0932791012795476 0.926077867562588 0.978307507819728 -6.2857018752394
"GPI" -0.058959727248028 1.13820514753854 -0.0922827065469409 0.92686519518222 0.978307507819728 -6.28579308573705
"F11" -0.058959727248028 0.873681843585717 -0.0913675036062197 0.927588432114829 0.978307507819728 -6.28587600116132
"B4GALT1" -0.0589597272480276 0.74343284348161 -0.0910179331297072 0.927864695678701 0.978307507819728 -6.28590745346791
"P02765" 0.104450556075573 1.23196355966353 0.0910070130212868 0.927873325923162 0.978307507819728 -6.2859084340541
"APOD" -0.058959727248028 2.03025949694095 -0.090765097573011 0.928064515779758 0.978307507819728 -6.28593012702241
"F13A1" -0.0589597272480279 1.65008116970273 -0.0904641811673014 0.928302341068499 0.978307507819728 -6.28595703015345
"LUM" -0.058959727248028 3.21823144904628 -0.0904053080536327 0.928348871426644 0.978307507819728 -6.28596228319973
"P02787" -0.100022101690108 0.998359047154502 -0.0899701662771266 0.928692793507126 0.978307507819728 -6.28600100340061
"APOA2" -0.058959727248028 2.08057150987048 -0.089527534573578 0.929042649490456 0.978307507819728 -6.28604019847523
"CHI3L1" -0.0589597272480278 0.89653022475856 -0.0894463666430301 0.929106806139692 0.978307507819728 -6.28604736493579
"CATHL4" -0.058959727248028 1.03048592688038 -0.088542846283148 0.92982099753372 0.978307507819728 -6.28612669960201
"H2B1" -0.0589597272480279 0.994790927341528 -0.0885378722441362 0.929824929445385 0.978307507819728 -6.28612713412485
"CNTN1" -0.058959727248028 0.80892075336057 -0.087930198368405 0.930305300832391 0.978307507819728 -6.28618003579258
"H2BC12" -0.0589597272480278 1.06456876744601 -0.0878363802911756 0.930379467163552 0.978307507819728 -6.28618817076485
"YWHAe" -0.058959727248028 0.998097233620771 -0.087760460067115 0.930439485099419 0.978307507819728 -6.28619474745786
"FABP1" -0.0589597272480282 0.723699590153096 -0.0874919278974302 0.930651773660118 0.978307507819728 -6.28621796380802
"BPT2" -0.0589597272480278 0.757961507238932 -0.0872955850291167 0.930806996070658 0.978307507819728 -6.2862348939111
"CSN1S1" -0.058959727248028 1.13340790595161 -0.0872450925762622 0.93084691423312 0.978307507819728 -6.28623924158939
"CFH" -0.058959727248028 4.72189086334204 -0.0870747543923887 0.930981580975683 0.978307507819728 -6.28625389009448
"SeRPINA3-2" -0.058959727248028 4.76093658631639 -0.0865076751614983 0.931429919749645 0.978307507819728 -6.28630245075363
"CKM" -0.0589597272480278 1.35290143801116 -0.0864942547743747 0.931440530320752 0.978307507819728 -6.28630359613877
"H4" -0.0589597272480278 1.62809441033654 -0.086476404290543 0.931454643482152 0.978307507819728 -6.28630511934254
"CL43" -0.058959727248028 1.01997150344783 -0.086319637753746 0.931578589057209 0.978307507819728 -6.28631848292427
"APOe" -0.0589597272480279 3.52932592597854 -0.0861848635748622 0.931685148008441 0.978307507819728 -6.2863299523873
"SeRPINA7" -0.058959727248028 3.67551016269991 -0.0861802969785066 0.931688758601415 0.978307507819728 -6.28633034069695
"DDBX" -0.058959727248028 1.17015546864944 -0.0858891968524136 0.931918920771702 0.978307507819728 -6.28635505125715
"UBA52" -0.058959727248028 1.32474527356399 -0.0852487717556036 0.932425302012972 0.978307507819728 -6.28640912068742
"YWHAZ" -0.058959727248028 1.68859588819734 -0.0852299204854309 0.932440208056187 0.978307507819728 -6.28641070612204
"Q3SWY2" -0.058959727248028 1.08367909387548 -0.0848651796799709 0.932728620072259 0.978307507819728 -6.28644131265128
"LASP1" -0.0589597272480278 0.732436238002766 -0.0847401768101466 0.932827465868779 0.978307507819728 -6.28645177183693
"NACA" -0.058959727248028 0.91529785373374 -0.0846935263791633 0.93286435488797 0.978307507819728 -6.28645567120228
"PRDX6" -0.058959727248028 0.949518417498619 -0.0843240537246178 0.93315652215172 0.978307507819728 -6.28648647845555
"CSN2" -0.058959727248028 0.834847588435451 -0.0840152449284718 0.933400725491754 0.978307507819728 -6.28651212415336
"CSN1S2" -0.0589597272480279 0.933327611109683 -0.0838502321916705 0.933531218798435 0.978307507819728 -6.28652578943482
"RNASe4" -0.058959727248028 0.913827514006548 -0.0837022683066166 0.933648231313495 0.978307507819728 -6.28653802000248
"F10" -0.058959727248028 1.80970480432474 -0.0833471876994787 0.933929041508047 0.978307507819728 -6.28656728256777
"COL1A2" -0.058959727248028 1.39275872210061 -0.0831754127451324 0.934064890212824 0.978307507819728 -6.28658139408862
"TRAP1" -0.058959727248028 0.747289114942391 -0.0828365784493674 0.93433286407323 0.978307507819728 -6.28660914441023
"FMOD" -0.058959727248028 1.14447821963996 -0.0823153957448084 0.934745066790861 0.978307507819728 -6.28665160789619
"DSG1" -0.058959727248028 1.10922966829358 -0.0821630872559166 0.934865530789698 0.978307507819728 -6.28666396667644
"MST1" -0.0589597272480278 1.62360500018283 -0.0820387161500025 0.93496389966445 0.978307507819728 -6.28667404156022
"GSTA1" -0.058959727248028 1.25008334825289 -0.0810081453384263 0.935779048621204 0.978307507819728 -6.28675693760437
"F12" -0.058959727248028 1.484624969185 -0.0808925170014711 0.93587051133514 0.978307507819728 -6.28676617303862
"F9" -0.058959727248028 1.31060263913142 -0.0806655795322299 0.936050022784539 0.978307507819728 -6.28678426058321
"SeRPINC1" -0.058959727248028 5.03021048165686 -0.0806395136652928 0.936070641549546 0.978307507819728 -6.28678633485246
"PPIA" -0.058959727248028 1.38578062735525 -0.0800212493076155 0.936559717354426 0.978307507819728 -6.28683533861246
"H2AZ2" -0.058959727248028 0.75206805292264 -0.0799400443767986 0.936623956063815 0.978307507819728 -6.28684174691804
"BLVRB" -0.0589597272480279 1.38693584183561 -0.0798210389829893 0.936718098319589 0.978307507819728 -6.28685112650468
"F12AI" -0.058959727248028 4.17877512795676 -0.0796278390214987 0.936870936026804 0.978307507819728 -6.28686632409726
"KLKB1" -0.058959727248028 2.46678569176775 -0.0792348721298761 0.937181813877608 0.978307507819728 -6.28689712225016
"RPS4" -0.058959727248028 0.819531956561856 -0.079229114280026 0.937186369011755 0.978307507819728 -6.28689757238016
"F2" -0.0589597272480279 4.54461174228961 -0.0789548437822876 0.937403351579549 0.978307507819728 -6.28691897607672
"PLG" -0.058959727248028 5.15979702787067 -0.0788173449978391 0.937512132272616 0.978307507819728 -6.2869296783706
"APOC3" -0.0589597272480278 1.26793116509266 -0.0786380556972479 0.937653976893549 0.978307507819728 -6.28694360543987
"VNN1" -0.0589597272480278 2.81274626416241 -0.0785702971482357 0.937707584560292 0.978307507819728 -6.28694886062114
"RAP1B" -0.058959727248028 1.4255291648707 -0.0783764488163367 0.937860950680479 0.978307507819728 -6.28696386999469
"CLeC3B" -0.058959727248028 2.73554187031115 -0.0781067091732148 0.938074363348566 0.978307507819728 -6.28698469383907
"CHIA" -0.0589597272480278 2.4685420252052 -0.0772605263486326 0.93874387617538 0.978307507819728 -6.28704955325025
"Q0VCM4" -0.058959727248028 1.13011134261554 -0.0771712839569277 0.938814488738184 0.978307507819728 -6.28705635245333
"KRT20" -0.058959727248028 1.26862606673491 -0.0768324150923469 0.939082621423953 0.978307507819728 -6.28708209865606
"KRT5" -0.058959727248028 4.73730482687423 -0.07662608711933 0.939245883568154 0.978307507819728 -6.28709771933232
"RAP1A" -0.0589597272480278 0.740491933861778 -0.0762448643756026 0.939547542481549 0.978307507819728 -6.28712647046541
"ARG1" -0.0589597272480278 0.902931337311827 -0.0762143411386447 0.939571695695006 0.978307507819728 -6.28712876627431
"H2A1" -0.058959727248028 1.14609188733564 -0.0756105787846206 0.940049468090586 0.978307507819728 -6.28717398944874
"H2AJ" -0.058959727248028 1.14609188733564 -0.0756105787846206 0.940049468090586 0.978307507819728 -6.28717398944874
"H2AC20" -0.058959727248028 1.14609188733564 -0.0756105787846206 0.940049468090586 0.978307507819728 -6.28717398944874
"H2AZ1" -0.058959727248028 0.791597280724162 -0.0751444357361739 0.94041835409969 0.978307507819728 -6.2872086586395
"KRT7" -0.0589597272480278 3.17526847580436 -0.0743570707550233 0.941041471563978 0.978307507819728 -6.2872667317765
"CDH5" -0.0589597272480279 1.06888632862755 -0.0743265820092759 0.941065600985879 0.978307507819728 -6.28726896821514
"PROC" -0.058959727248028 1.6725020153346 -0.0738939509047047 0.941408000167296 0.978307507819728 -6.28730060414789
"HMGB1" -0.0589597272480278 1.48550073254135 -0.0737918540806856 0.941488804748613 0.978307507819728 -6.28730804299953
"KNG2" -0.058959727248028 4.18853710619748 -0.0736931640590527 0.941566913605398 0.978307507819728 -6.28731522385527
"CD14" -0.058959727248028 1.00797114158891 -0.0735408616125108 0.941687455501172 0.978307507819728 -6.28732628678859
"RPS27A" -0.058959727248028 1.46532108751238 -0.0731430745170707 0.942002296142156 0.978307507819728 -6.28735507328824
"FGA" -0.058959727248028 3.23023216956481 -0.0731136283604146 0.94202560256689 0.978307507819728 -6.28735719800141
"CLU" -0.058959727248028 3.15427172728283 -0.0730713379238484 0.942059075237961 0.978307507819728 -6.28736024800845
"eeF1A1" -0.058959727248028 3.0991127531867 -0.0730375501699982 0.942085818153684 0.978307507819728 -6.28736268352998
"Q32LP2" -0.058959727248028 0.975408792624857 -0.0729636810340115 0.942144285609567 0.978307507819728 -6.28736800431397
"CFB" -0.0589597272480279 4.64449267391141 -0.0728895778320892 0.942202938652065 0.978307507819728 -6.28737333654926
"SPP2" -0.058959727248028 1.00746553062325 -0.072778504960263 0.942290853972734 0.978307507819728 -6.28738131886179
"AFM" -0.058959727248028 3.70682550964005 -0.0726377798767765 0.942402240365999 0.978307507819728 -6.28739141466919
"C9" -0.058959727248028 2.64589591784853 -0.0725553047226425 0.942467521450154 0.978307507819728 -6.2873973224683
"KRT75" -0.0589597272480279 3.76148145514914 -0.0723808063839696 0.9426056424303 0.978307507819728 -6.28740979988647
"C4BPA" -0.0589597272480278 1.20731446658283 -0.0721451059255898 0.942792209660399 0.978307507819728 -6.28742660584391
"KRT73" -0.058959727248028 2.38587391724535 -0.0717585197570512 0.94309821654411 0.978307507819728 -6.28745405162457
"P0CG53" -0.0589597272480278 1.11835979345701 -0.0715719996094041 0.943245861890356 0.978307507819728 -6.28746724094315
"HMGB2" -0.0589597272480279 1.53454097001781 -0.0704781239020555 0.944111790770212 0.978307507819728 -6.28754390086908
"APOA4" -0.0589597272480279 2.32307816207925 -0.070116463105677 0.944398102081579 0.978307507819728 -6.2875689867768
"HRG" -0.0589597272480281 1.92868671409551 -0.0699059422262097 0.944564765831771 0.978307507819728 -6.2875835297391
"KRT6A" 0.0680735783878701 2.57447632704768 0.0695929879888441 0.94481252795884 0.978307507819728 -6.28760506807922
"KRT71" -0.058959727248028 2.1048396744389 -0.0689454711962391 0.945325176727078 0.978307507819728 -6.28764932513743
"APCS" -0.058959727248028 0.844120548981667 -0.0687703574493681 0.945463820934063 0.978307507819728 -6.28766122291367
"ACTN1" -0.058959727248028 0.903885631692904 -0.0687364340165039 0.94549067960208 0.978307507819728 -6.28766352428011
"UBC" -0.058959727248028 1.17848232632556 -0.0685577431717962 0.945632158027384 0.978307507819728 -6.28767562793114
"eZR" -0.0589597272480278 1.35680174757089 -0.0685470701090552 0.945640608477822 0.978307507819728 -6.28767634987573
"LBP" -0.058959727248028 1.87657596517871 -0.0684334963492637 0.945730531457088 0.978307507819728 -6.28768402524253
"THBS4" -0.0589597272480279 2.68668185264539 -0.0684094005040464 0.945749609636952 0.978307507819728 -6.28768565201454
"IGFBP3" -0.058959727248028 1.51430664029472 -0.0683707089855191 0.945780244186673 0.978307507819728 -6.28768826297943
"CPB2" -0.0589597272480278 2.51229027992346 -0.067194598630967 0.946711485243497 0.978307507819728 -6.28776692402819
"AHCY" -0.058959727248028 2.09580206176725 -0.0662990292821937 0.947420645148539 0.978307507819728 -6.2878259066649
"TG" -0.0589597272480276 0.984270444492584 -0.0660746440642996 0.947598332173143 0.978307507819728 -6.28784056082733
"FeRMT3" -0.058959727248028 1.8407830556546 -0.0660674711275571 0.947604012350148 0.978307507819728 -6.2878410284586
"COL1A1" -0.058959727248028 1.32880881656069 -0.0659492906815173 0.947697598661179 0.978307507819728 -6.28784872578784
"CRYZ" -0.058959727248028 0.885192587043593 -0.0657563097924099 0.947850420547316 0.978307507819728 -6.2878612654
"GPLD1" -0.058959727248028 1.3278744502177 -0.065049769255136 0.948409948024286 0.978307507819728 -6.28790686186064
"HBB" -0.0589597272480281 3.6927480636675 -0.0649230019837587 0.948510341047376 0.978307507819728 -6.28791499065546
"PGK1" -0.0589597272480279 1.51916776793932 -0.0648868206326162 0.948538994932645 0.978307507819728 -6.28791730783176
"C7" -0.058959727248028 3.25915321358906 -0.0648263474772434 0.948586886908738 0.978307507819728 -6.28792117785433
"GSTA2" -0.0589597272480278 1.55368427847348 -0.0647835197075416 0.948620804661561 0.978307507819728 -6.28792391646558
"AOCX" -0.058959727248028 0.823072621196081 -0.064748933537915 0.948648195491497 0.978307507819728 -6.28792612674903
"GFAP" -0.0589597272480278 1.17734737471369 -0.0643190491974837 0.948988651501157 0.978307507819728 -6.28795350069124
"IGF2R" -0.0589597272480279 1.02689686977619 -0.0642733843199055 0.949024817334199 0.978307507819728 -6.2879563978027
"ITIH3" -0.058959727248028 4.77000855321383 -0.0641499466851909 0.949122578455848 0.978307507819728 -6.28796421874561
"COMP" -0.058959727248028 2.11594427770156 -0.0635670371556467 0.949584246445755 0.978307507819728 -6.28800094848397
"TUBA8" -0.058959727248028 0.761675413084207 -0.0635380430681756 0.949607210401595 0.978307507819728 -6.28800276668019
"HSP90AB1" -0.0589597272480278 1.71077618304505 -0.0630100173084501 0.95002542597002 0.978307507819728 -6.28803573367332
"HSPA1L" -0.058959727248028 1.4491341242286 -0.062903088488465 0.950110119210756 0.978307507819728 -6.28804237622326
"PGLYRP1" -0.058959727248028 1.5938618371208 -0.0628084229795901 0.950185099750594 0.978307507819728 -6.28804824754744
"HSPA1B" -0.058959727248028 2.44510387229831 -0.0624592296581133 0.950461684921365 0.978307507819728 -6.28806982868696
"HSPA1A" -0.058959727248028 2.44510387229831 -0.0624592296581133 0.950461684921365 0.978307507819728 -6.28806982868696
"SeRPINA3-8" -0.058959727248028 2.79758284602325 -0.0623738857207164 0.950529284138241 0.978307507819728 -6.28807508489138
"LDHB" -0.058959727248028 1.6409401660241 -0.0623210237335231 0.950571155239772 0.978307507819728 -6.28807833697763
"ITIH1" -0.0589597272480278 3.87981031137867 -0.0617793493257442 0.951000214631728 0.978307507819728 -6.28811150209984
"KRT80" -0.058959727248028 1.43445392804139 -0.0615692340387221 0.951166650552856 0.978307507819728 -6.2881242889171
"HSPA2" -0.0589597272480278 0.839082397910449 -0.0615172399227851 0.951207836323141 0.978307507819728 -6.28812744635869
"eNO1" -0.058959727248028 3.04866362792199 -0.0610374089329916 0.951587928145481 0.978307507819728 -6.28815645912837
"TAGLN2" -0.058959727248028 1.83077279292619 -0.0605049407118182 0.952009729162957 0.978307507819728 -6.28818838869452
"TGFBI" -0.0589597272480282 2.48367420342353 -0.0604730289159442 0.952035008912564 0.978307507819728 -6.28819029340757
"CAP1" -0.058959727248028 1.40666138507366 -0.0604266239185968 0.952071769913251 0.978307507819728 -6.28819306138073
"KRT78" -0.058959727248028 1.30137014592659 -0.060315959866385 0.952159435924224 0.978307507819728 -6.28819965371459
"KRT79" -0.0589597272480278 2.46167221409469 -0.0601675003274096 0.952277043757585 0.978307507819728 -6.28820847857506
"PFN1" -0.0589597272480279 1.84309090327684 -0.0600938476502548 0.952335390907061 0.978307507819728 -6.28821284863144
"KRT14" -0.041195006137202 2.59721950884683 -0.059982217722502 0.95242382387858 0.978307507819728 -6.28821946180064
"TUBB6" -0.058959727248028 0.943824000293477 -0.059678764423715 0.952664221935345 0.978307507819728 -6.28823737681684
"LDHA" -0.058959727248028 1.66580828478678 -0.0593465554948777 0.952927405522091 0.978307507819728 -6.2882568853133
"FGB" -0.058959727248028 2.98846075906545 -0.0592393969074551 0.953012300161851 0.978307507819728 -6.28826315482354
"RBP4" -0.0589597272480278 1.86564983922821 -0.0588514736220298 0.953319630640387 0.978307507819728 -6.28828575624961
"SeRPINA3-5" -0.0589597272480278 4.180000474502 -0.0585413908968477 0.953565297439991 0.978307507819728 -6.28830371571206
"CPN1" -0.058959727248028 2.28334598915311 -0.0582003177003064 0.953835522074886 0.978307507819728 -6.28832336053241
"F5" -0.058959727248028 4.70170584827196 -0.0581926624197121 0.953841587244776 0.978307507819728 -6.28832380013731
"HSPA8" -0.058959727248028 2.20683238143488 -0.0578456293721581 0.954116539482507 0.978307507819728 -6.28834366780907
"TUBA4A" -0.058959727248028 3.02607971102588 -0.0574424299665146 0.95443599907098 0.978307507819728 -6.28836660178969
"TBA1B" -0.058959727248028 2.90659736747237 -0.0572825371203358 0.954562686131794 0.978307507819728 -6.28837565208006
"SeRPINA6" -0.058959727248028 1.96343800635878 -0.05680314139118 0.954942530326373 0.978307507819728 -6.28840263576002
"HP" -0.0589597272480277 0.825622886483792 -0.0563882163772537 0.955271300354482 0.978307507819728 -6.28842580753265
"CRYZL1" -0.058959727248028 0.862178149099808 -0.0560603446516579 0.955531098388666 0.978307507819728 -6.28844399761395
"MYH10" -0.0589597272480278 1.68204094622377 -0.0551691211243288 0.956237308028101 0.978307507819728 -6.28849290606565
"eNO3" -0.0589597272480278 0.933274938181608 -0.0544288170118738 0.956823955411448 0.978307507819728 -6.28853293654825
"FN1" -0.0589597272480277 3.71655401057699 -0.0539140880144274 0.957231862055799 0.978307507819728 -6.28856045082141
"SeRPINA3-4" -0.058959727248028 4.36803406739786 -0.0538663817985234 0.957269668328038 0.978307507819728 -6.28856298766836
"HSP90AA1" -0.058959727248028 2.06333001962018 -0.0537904554240171 0.957329838745862 0.978307507819728 -6.28856702053226
"P04272" -0.058959727248028 1.30785720245291 -0.0534907838951185 0.95756732600866 0.978307507819728 -6.28858288219623
"TUBB4B" -0.0589597272480282 2.09910667943565 -0.0531090842946242 0.957869825481215 0.978307507819728 -6.28860295731855
"MDH1B" -0.0589597272480277 1.38426449232822 -0.0531044812628244 0.957873473452842 0.978307507819728 -6.28860319853337
"TUBB4A" -0.0589597272480279 0.896577065405481 -0.0530310129563079 0.957931698309059 0.978307507819728 -6.28860704569771
"KRT35" -0.0589597272480278 1.15178337413476 -0.0526156014494825 0.958260923193886 0.978307507819728 -6.28862869851522
"TUBB5" -0.058959727248028 2.13253707445975 -0.0523732052931388 0.958453032120077 0.978307507819728 -6.28864125445919
"FGG" -0.058959727248028 1.93986478329212 -0.0517704662478416 0.958930738381839 0.978307507819728 -6.28867222460652
"KRT81" -0.0589597272480277 0.813650693129048 -0.0515708897970151 0.959088917859746 0.978307507819728 -6.28868240032094
"KRT19" -0.0589597272480278 2.98511971955223 -0.0515295073397469 0.95912171680488 0.978307507819728 -6.28868450535046
"TUBB2B" -0.0589597272480273 0.92920761844114 -0.0511564128829657 0.95941742756225 0.978307507819728 -6.28870340751228
"JUP" -0.0589597272480279 1.99121040639514 -0.050851309655231 0.959659253469594 0.978307507819728 -6.28871876294167
"MSN" -0.058959727248028 1.42360330958695 -0.0490372821451679 0.961097136480622 0.978307507819728 -6.28880816404615
"KRT72" -0.058959727248028 1.86530528201292 -0.0483423669950874 0.961647993582914 0.978307507819728 -6.28884155157661
"IGFBP2" -0.058959727248028 2.49221021613105 -0.0481732179070616 0.961782080414949 0.978307507819728 -6.28884960632206
"KRT74" -0.0589597272480277 1.00583262753999 -0.0475910029096315 0.962243618837497 0.978307507819728 -6.28887711512701
"TUBB3" -0.058959727248028 1.6240475161786 -0.0474713732803583 0.962338454276889 0.978307507819728 -6.28888272603051
"PROS1" -0.0589597272480278 2.09391382770784 -0.0472386238458757 0.962522966119011 0.978307507819728 -6.2888936020504
"LTF" -0.0589597272480278 2.30720693197382 -0.0464295547129795 0.963164370780397 0.978307507819728 -6.28893099276026
"KRT27" -0.0589597272480279 0.96613086091488 -0.0454903782382251 0.963908951296528 0.978307507819728 -6.28897358629476
"ACTG2" -0.0589597272480277 1.27257902236426 -0.0452554534704793 0.964095205109871 0.978307507819728 -6.28898410452761
"ACTA2" -0.0589597272480277 1.27257902236426 -0.0452554534704793 0.964095205109871 0.978307507819728 -6.28898410452761
"KRT6B" -0.0531692651592373 2.38420675803211 -0.0450374123650025 0.964268074973184 0.978307507819728 -6.28899381810708
"K2C4" -0.0589597272480278 1.19799091914634 -0.0443594908918224 0.964805563528673 0.978307507819728 -6.28902371938387
"KRT28" -0.0589597272480279 1.28856412177471 -0.0441644314612307 0.964960219040158 0.978307507819728 -6.28903223891786
"P05786" -0.0589597272480278 1.65283958906743 -0.042576822888872 0.966219026071454 0.978307507819728 -6.28910018401314
"TUBA1D" -0.0589597272480279 1.84952967490154 -0.0417367972506319 0.966885113628509 0.978307507819728 -6.28913512862744
"SeRPINA3-6" -0.0589597272480273 3.86773204855871 -0.0413636311031982 0.967181018618369 0.978307507819728 -6.28915042878702
"ACTC1" -0.0589597272480278 3.26018247841033 -0.0410039917181616 0.967466201871414 0.978307507819728 -6.28916504431561
"KRT25" -0.058959727248028 1.02313114472002 -0.0408386531660907 0.967597311830951 0.978307507819728 -6.28917172075238
"SeRPINA3-1" -0.0589597272480282 3.96706252848331 -0.0403557941396138 0.967980213943743 0.978307507819728 -6.28919106437853
"ACTA1" -0.0589597272480278 2.30705589697583 -0.0375955525493644 0.970169199927143 0.978307507819728 -6.28929722492292
"KRT17" -0.0589597272480279 3.23306572574161 -0.0368471941499658 0.970762719841684 0.978307507819728 -6.28932471182135
"KRT10" -0.058959727248028 2.01517132558285 -0.0294307944798709 0.976645484515366 0.981692748001234 -6.28956723808037
"P02774" 0.0154196389885204 0.984024814349377 0.0159615396545821 0.987332560219027 0.987614445243149 -6.28986890498543
"P01008" 0.0131511932178441 1.71175059502475 0.0156063221540331 0.987614445243149 0.987614445243149 -6.28987443777399
