"logFC" "AveExpr" "t" "P.Value" "adj.P.Val" "B"
"P63261" 5.06152685205525 2.61637983050475 18.7254046101557 1.90790585727631e-23 3.71087689240242e-21 41.6577618078997
"P60709" 5.06152685205525 2.61637983050475 18.7254046101557 1.90790585727631e-23 3.71087689240242e-21 41.6577618078997
"P13645" 5.58025944090373 3.13597377247352 17.0078632185486 9.96340162097108e-22 1.29192107685258e-19 38.1325541725385
"KRT1" 5.82167049699285 3.40895010581031 15.0602592632139 1.27442049183356e-19 1.23937392830813e-17 33.7186615006577
"P02768" 5.86821532933492 3.38571285078241 14.5626454044399 4.71087645304926e-19 3.66506188047232e-17 32.5141724549325
"KRT9" 4.44423648264177 2.91951637462526 12.3323097502851 2.38657626329258e-16 1.54729694403469e-14 26.7027277422267
"TLN1" 4.9707837268995 2.87545084798534 11.9497188870438 7.3972509940974e-16 4.11075805243413e-14 25.6355942438236
"KRT14" 5.23024978437876 2.59721950884683 9.32708654957202 2.85410159053654e-12 1.38780689839839e-10 17.7641857864447
"P68366" 3.99920925807142 1.95366699123422 9.25306050991767 3.64754362893694e-12 1.57654941295163e-10 17.5286044380338
"eeF1A1P5" 3.26433315569359 1.9684402153512 7.98007294684405 2.70562809209339e-10 1.05248932782433e-08 13.3816786590908
"KRT16" 4.80716305285202 2.4557089568436 7.8861353528224 3.73922960267267e-10 1.32232755949061e-08 13.0694539899553
"FLNA" 4.29632371218933 1.94622889739667 7.23871522165585 3.53168976305576e-09 1.12187115951503e-07 10.9010610575795
"TUBA1B" 3.8890416192962 1.83936878995559 7.22157170206114 3.74918382357207e-09 1.12187115951503e-07 10.8433267378828
"HABP2" -3.40704935479354 1.22761421618688 -7.17961161086873 4.33993809957597e-09 1.19145061792955e-07 10.7019658629755
"POTee" 3.7912233679458 1.39968024410531 7.16328494289598 4.5942825884173e-09 1.19145061792955e-07 10.6469432967445
"P68371" 3.911934658603 1.62509992330438 6.9543414924936 9.53027673999982e-09 2.31704853241246e-07 9.94197714231102
"P13647" 4.58972507272379 2.60010411438863 6.92580192206592 1.05300810607536e-08 2.40953031331362e-07 9.8455894348046
"P11142" 3.23767817989594 1.4286386572736 6.79876069865356 1.64204534369916e-08 3.54864243721651e-07 9.41633255933516
"PKM" 2.82999722222587 1.51734925952507 6.76165220087779 1.86968674605073e-08 3.82793760112491e-07 9.29090154322992
"Q04695" 4.17950428719484 2.13005613425584 6.6996508715242 2.3226893906422e-08 4.51763086479907e-07 9.08130122775102
"P06733" 3.18017809705388 1.16215827316113 6.6025847348179 3.26230637546019e-08 6.04303419073341e-07 8.75312948433625
"LOX" -2.96553738314362 0.816160085207953 -6.52575031282626 4.26885823190611e-08 7.30130739157495e-07 8.49337423800435
"TUBB1" 2.37404794732944 1.42581639624191 6.52254810434518 4.31696838062272e-08 7.30130739157495e-07 8.48254940226313
"P63104" 2.13911902216168 1.02876247999891 6.24943000867229 1.12227611061075e-07 1.81902252928159e-06 7.55995161776836
"TUBB" 3.809500628307 1.55550919138058 6.19980776947148 1.33478890203907e-07 2.07693153157279e-06 7.3925457823599
"MYH9" 3.9830264139564 2.01663136304521 6.17635735517765 1.44874645355579e-07 2.16754757858923e-06 7.31346610866822
"SeRPINA5" -2.46609030745675 4.45273357818194 -6.11244462092661 1.81100994798593e-07 2.6091958139501e-06 7.09805836205843
"COL10A1" -2.88603475813128 0.950811369126076 -6.06206290726027 2.15913502311578e-07 2.99965544282871e-06 6.92839103177744
"MST1" -3.54840875196685 1.62360500018283 -6.04703748587751 2.27532436878707e-07 3.05207303261437e-06 6.87781627196797
"P01024" 4.06017888574732 2.31548225916967 6.0313602134389 2.40319852988133e-07 3.11614742707946e-06 6.82506053090477
"CHI3L1" -3.18249414670004 0.89653022475856 -5.91317158533095 3.6277547775389e-07 4.55224712407301e-06 6.42781515532877
"KRT6C" 5.35612214790789 2.32059859033938 5.69996041900583 7.60919491713238e-07 9.03171847864055e-06 5.71374216410017
"P19823" 2.48822209606406 1.84784059236717 5.69797030575294 7.66186914640458e-07 9.03171847864055e-06 5.70709515977475
"CATHL4" -3.02821071313007 1.03048592688038 -5.56967345895761 1.19446450194865e-06 1.36660791546478e-05 5.27940270819332
"CKM" -3.07625897757016 1.35290143801116 -5.52713814019214 1.38345041568361e-06 1.51020334212156e-05 5.13798843978915
"KRT13" 2.77668473443357 1.66250528245446 5.52368065626962 1.40005613048624e-06 1.51020334212156e-05 5.12650251170069
"P07900" 3.26647357821428 1.43066996680378 5.51624515271118 1.43644019687654e-06 1.51020334212156e-05 5.10180605079055
"APOH" -2.53812493579018 3.65061751575342 -5.41816884098064 2.01383183084659e-06 2.06152784789296e-05 4.77666968382654
"IGFBP3" -3.79852027972481 1.51430664029472 -5.39479189757605 2.18238678468968e-06 2.17679092113919e-05 4.69934894055107
"ANXA5" -2.3410825398738 0.90890180110496 -5.36295398633995 2.43462128754606e-06 2.36766920213854e-05 4.59415844569549
"KNG1" -2.32912457045963 4.61740896634327 -5.30329522119389 2.98742662294599e-06 2.83441208859998e-05 4.39742187135975
"CFD" -2.68700004982916 1.78210932271283 -5.24560727083397 3.63952359245517e-06 3.37089208920252e-05 4.20766877756559
"KRT6A" 4.16181265040648 2.57447632704768 5.21092783039729 4.09733242926647e-06 3.70665654647594e-05 4.0938378717558
"C4BPA" -3.45221776098922 1.20731446658283 -5.17362827821876 4.65335639917954e-06 4.11399008927464e-05 3.97161617786275
"APOD" -2.70670161732731 2.03025949694095 -5.10328032635644 5.91241081413855e-06 5.11095068155533e-05 3.74171871995009
"KRT79" -4.05223746121055 2.46167221409469 -5.06462179804612 6.74185918447356e-06 5.70126787556568e-05 3.61573987084868
"P02788" 2.16460360232502 1.35017089856469 5.02822630122344 7.62720930057249e-06 6.19651784214168e-05 3.49737696947519
"P01023" 4.53127094969963 2.44612252397125 5.02749643283905 7.64608885405657e-06 6.19651784214168e-05 3.49500578577669
"P04406" 2.57470480151122 1.55420244363732 4.93229951633918 1.05476419202361e-05 8.37353613667722e-05 3.18658507023266
"KRT2" 3.26481363344525 3.01917522849957 4.8433609067387 1.42257876226368e-05 0.000110676627704114 2.90004667289103
"C4A" 2.78725728729283 1.81106546131638 4.82800016882316 1.49779496998596e-05 0.000114243577122458 2.85072346621726
"APOA2" -2.57512642832447 2.08057150987048 -4.78900559832778 1.70674945335892e-05 0.000127677987953196 2.72573882364166
"P15311" 2.24670323716015 0.943878802764833 4.78224524906515 1.74578157196466e-05 0.000128133779527218 2.70410425011956
"TUBA1A" 3.63518734509775 1.4003424540644 4.73979347077058 2.0117203407289e-05 0.000144918372693248 2.56848100411611
"APOA4" -3.22077457311147 2.32307816207925 -4.69105466154646 2.36631772124003e-05 0.000167363198829522 2.41327651694331
"TPI1" -2.23453386392492 1.21743964433329 -4.62250803377506 2.97079182395116e-05 0.000206363932056608 2.1959426919618
"CFH" -2.54897619554007 4.72189086334204 -4.61050186009373 3.09123900483418e-05 0.000210963504014122 2.1579932691592
"KRT3" 2.5549305486129 1.68289539879105 4.5120916187793 4.27648840380284e-05 0.00028497397564988 1.84830789456299
"P06396" 3.41244448456174 2.02434651694114 4.50885453792928 4.32222739417556e-05 0.00028497397564988 1.83816378868068
"ADIPOQ" -1.98812708906928 2.9311360628011 -4.43054605956422 5.58664160847365e-05 0.000362200597616041 1.59362642959521
"P07996" 2.80786291146172 2.00970292703318 4.42381105349304 5.71091513913868e-05 0.000364187867069663 1.57267327647414
"F10" -2.55120784794994 1.80970480432474 -4.4169954958932 5.83942339338373e-05 0.000366376725810689 1.55148243205782
"F12" -2.62276530086297 1.484624969185 -4.40715111325656 6.0300406248639e-05 0.000372331079852708 1.52089744338479
"P08238" 2.77176808602953 1.23310560991947 4.38846547134881 6.40870914587093e-05 0.000389529352772467 1.46291945746585
"S100A9" 2.22053287522905 0.904075742037082 4.29286443007303 8.73965325294749e-05 0.000513007539417401 1.16787373534464
"IGFBP2" -4.28967877376457 2.49221021613105 -4.29260170005171 8.74707850889274e-05 0.000513007539417401 1.16706663484451
"P23528" 1.48136384327015 0.892579134525166 4.28620643795887 8.92972904553742e-05 0.000513007539417401 1.14742699471416
"GARIN1B" -2.07360352352531 1.00494114708315 -4.2839457603145 8.99517955267053e-05 0.000513007539417401 1.14048750000439
"CAPNS1" -1.9868839054957 0.858051979934831 -4.28037135812535 9.0996195937791e-05 0.000513007539417401 1.12951850309232
"LYSM" -1.73139962743992 1.09459348779693 -4.16930599739472 0.000130030992473356 0.000722600801030506 0.790668797874069
"KLKB1" -2.51196272194758 2.46678569176775 -4.13446876457577 0.000145332288089992 0.000796257184042349 0.685198857057408
"LTF" -4.27162896281111 2.30720693197382 -4.11981965081682 0.0001522765949775 0.000822716603420104 0.640968412391056
"Q13509" 2.71726666553292 1.07733684802175 4.11318303828054 0.000155527698174943 0.000828770884795244 0.62095391729922
"CLeC3B" -2.47956048396809 2.73554187031115 -4.02302943878954 0.00020695308426707 0.00108079677426274 0.350559629821453
"CDH1" -1.96360380051408 0.741230459058091 -4.02085155436508 0.000208379840796159 0.00108079677426274 0.344062505852347
"Q5XKe5" 2.4490550706949 1.49693522987368 3.9259784562856 0.000280677361419238 0.00143662491568531 0.0626884274665587
"FBLN1" 1.96421033900529 1.37059447289955 3.90785499396615 0.000297012387452419 0.00150049115219469 0.00931340914285705
"KRT6B" 3.74632722667944 2.38420675803211 3.88654866556663 0.000317392281873156 0.00158289227754689 -0.0532777321500122
"P68032" 2.68468829169515 2.03404680916652 3.88037721787392 0.000323543370197815 0.00159314393679684 -0.0713753834039679
"KNG2" -2.49911048496269 4.18853710619748 -3.82562876228115 0.000383390640914554 0.00186423699144702 -0.231284297383981
"P02771" 1.69583528310769 1.3284525812195 3.81778205217505 0.000392798207557024 0.00188640126839114 -0.254107574338944
"HBA1" 1.97982065507166 1.82643888532008 3.67308610676165 0.000611822987380716 0.00290242856208657 -0.670540290859783
"TUBB4B" 3.31014138400084 2.09910667943565 3.65178769637996 0.000652644939804027 0.00305878170582851 -0.73110567724591
"DSP" 2.95568465096884 1.47603450015398 3.61983763805125 0.000718818639222102 0.00332881488877855 -0.821597523657525
"RGN" -1.64832389797475 1.09112540622662 -3.58388297217626 0.000800974074574271 0.00364756054683118 -0.922902980365207
"SeRPINA3-7" -1.43533236172115 4.07790237558185 -3.5816338328928 0.000806401560481957 0.00364756054683118 -0.929221320258242
"COL6A1" 1.16565848982763 1.0531367631725 3.560812145609 0.000858346939505544 0.00383789608583513 -0.987608013808205
"APOB" 2.91491062836817 1.74147644688934 3.548262656675 0.000891185434038929 0.00393944470274027 -1.02270536482843
"IGFBP6" -1.6395117733268 0.737406371623844 -3.50736881891475 0.0010067334199756 0.00440021685809562 -1.13658271245088
"RNASe4" -2.00367001328847 0.913827514006548 -3.48380300782906 0.00107968019426573 0.00466661772854855 -1.20186121779256
"IGF2" -1.65400329542887 0.832300800560946 -3.47004157397968 0.00112458282459925 0.00480728262383636 -1.23986291535211
"KRT78" -2.75992521222583 1.30137014592659 -3.45795805620172 0.00116547428416702 0.00492774801776184 -1.27315872381306
"P68104" 1.65883700014422 1.89863603467514 3.45430898982904 0.00117809914049319 0.00492774801776184 -1.28320026282131
"SPP2" -2.26069493642021 1.00746553062325 -3.41771036281678 0.00131214273053888 0.00543003746999602 -1.38356713445792
"NACA" -1.92586981251306 0.91529785373374 -3.38818648243446 0.0014307338614381 0.00585847865367813 -1.46406965427739
"THBS4" -2.37070533977953 2.68668185264539 -3.36886436630559 0.00151379242875073 0.00607284099723729 -1.51652854059125
"APOe" -1.88168676052612 3.52932592597854 -3.36874774247905 0.00151430739519799 0.00607284099723729 -1.51684462219562
"CL43" -1.8687613101691 1.01997150344783 -3.35083935112362 0.00159539047129347 0.00629322136408719 -1.56530266018456
"LBP" -2.35624860789123 1.87657596517871 -3.34950016792424 0.00160161674818671 0.00629322136408719 -1.56892005183684
"CLU" -2.1892592677867 3.15427172728283 -3.32303120773937 0.00172951794475638 0.0067278248051023 -1.64023719850626
"MDH1B" -2.97035320625918 1.38426449232822 -3.27664528562709 0.00197734512210886 0.00761571537129054 -1.76437990304946
"P01008" 2.2460894153419 1.71175059502475 3.26443540857265 0.00204796803969345 0.00781038791608579 -1.7968776330258
"KRT8" 2.3358446788346 1.48481870418941 3.23251339054368 0.00224405828176251 0.00847513273403511 -1.88148294044891
"VTN" 1.20718521727811 1.40921416454494 3.22778271041601 0.00227458605858811 0.0085078266999113 -1.89397663566752
"TUBA1D" 3.63518734509775 1.84952967490154 3.15163620736007 0.00282329746820615 0.0104596449060209 -2.09347805260763
"P00558" 1.44725372515679 0.941550110779888 3.11597214491382 0.0031211747435473 0.0114541224079236 -2.18586352902875
"A1BG" -1.09939235957419 4.21514638674972 -3.11163936759102 0.00315931424217093 0.0114857312168644 -2.19704081966758
"SeRPINB3" 2.00665903134381 0.93675025011604 3.09440528582151 0.00331539982497145 0.0118864374860861 -2.24139920135338
"FeTUB" -1.16736626713179 4.59737110107439 -3.09276289450881 0.00333064700766938 0.0118864374860861 -2.24561810539448
"P05109" 1.51477217666526 0.857391557633852 3.07066228191482 0.00354233249809248 0.0125269758341634 -2.30224614532999
"LASP1" -1.71062090420044 0.732436238002766 -3.01115633792965 0.00417676598344329 0.014572114891358 -2.45337878832726
"GSN" -1.04525642129519 4.70798588107988 -3.00952521259827 0.00419557035432415 0.014572114891358 -2.45749372045954
"AMY2B" 1.41984014768229 0.923538375654455 3.00543908926636 0.00424302555696541 0.0146065216076066 -2.46779545104671
"AMBP" -1.46483891978517 3.38053727812444 -3.00047582570436 0.00430134325187457 0.0146773905699931 -2.48029594695516
"CALD1" -1.51862847457616 0.74005781239672 -2.99283956186462 0.0043925346270788 0.01485822582551 -2.49950154431959
"P26038" 1.6606006757881 1.29594388763761 2.98737475407232 0.00445890132681527 0.0149526949666478 -2.51322558449248
"ORM1" -1.40853815274975 3.90623180911046 -2.9777949218108 0.0045775098473553 0.0152192421420616 -2.53724303898838
"LUM" -1.56454905441166 3.21823144904628 -2.93814536375956 0.00510046127006485 0.0168142324919934 -2.63609077937464
"HSPA5" -1.46777251242382 0.931138588922949 -2.93247297679827 0.00517967980218739 0.0169318944794193 -2.65015835886086
"POSTN" 1.74912669099985 1.03572541643493 2.90647885628643 0.00555759431973514 0.0178967328506646 -2.71438537900197
"APOC3" -1.77890280932618 1.26793116509266 -2.90586311180168 0.00556685006408847 0.0178967328506646 -2.71590200822792
"Q9BUF5" 1.56522621223874 0.772245621082417 2.89470189663953 0.00573713083144371 0.0182929827330459 -2.74335455216674
"KRT71" -2.0149967669525 2.1048396744389 -2.88582679451795 0.00587597960468967 0.0184632386366386 -2.76513194337157
"ACTG2" -3.06598206058312 1.27257902236426 -2.88224367065314 0.00593291729969108 0.0184632386366386 -2.77391095006916
"ACTA2" -3.06598206058312 1.27257902236426 -2.88224367065314 0.00593291729969108 0.0184632386366386 -2.77391095006916
"TGFBI" -2.2808833273705 2.48367420342353 -2.86520008966272 0.00621083980590265 0.0191747355912391 -2.81556564351831
"PRDX6" -1.62893347035987 0.949518417498619 -2.85328390794615 0.00641228510113003 0.0196407787743274 -2.84458666019885
"AMY1A" 1.41984014768229 0.931305959676543 2.83345553381023 0.00676098148859372 0.0202309369158689 -2.89268963259171
"AMY1B" 1.41984014768229 0.931305959676543 2.83345553381023 0.00676098148859372 0.0202309369158689 -2.89268963259171
"AMY1C" 1.41984014768229 0.931305959676543 2.83345553381023 0.00676098148859372 0.0202309369158689 -2.89268963259171
"CCN2" -1.43663868825883 0.848101510689783 -2.81629775471703 0.00707682182911163 0.0210143793246139 -2.93412354343618
"APOA1" -1.17265421546843 5.73016030923517 -2.80771272493753 0.00723993627485311 0.0213358728099838 -2.95478869431257
"H1-3" -1.36988198008201 1.12736348218594 -2.80245710048963 0.00734150340748661 0.0214725174850548 -2.96741757186345
"TLN2" 1.64571654949688 1.10544850568922 2.77542499996245 0.0078850650602633 0.0228137234177266 -3.03210829620464
"Q9BQe3" 2.46424633184799 1.17739584610662 2.77387375593029 0.00791735902671746 0.0228137234177266 -3.03580705224326
"CFL1" -1.25116558762254 1.04426362624368 -2.76217505178642 0.00816486881205531 0.0233539262344817 -3.06365366213215
"AHSG" -0.876938306627555 6.33992813471078 -2.74218293153948 0.00860444368849838 0.0242774497861389 -3.11104609837
"HMGB2" -1.87281480831407 1.53454097001781 -2.74182248237882 0.00861256573390017 0.0242774497861389 -3.11189829539703
"ARF1" 1.1136691297897 0.8029556509391 2.72964698213781 0.00889110678513596 0.0244547901383096 -3.14063703155432
"IQGAP1" 1.8358691885763 0.948345697714533 2.72876546906742 0.008911592251997 0.0244547901383096 -3.14271415504924
"O95678" 2.4373769956085 1.53894183147187 2.72757270403588 0.0089393801551242 0.0244547901383096 -3.14552391636302
"CSN1S2" -1.56489705215541 0.933327611109683 -2.72571350377473 0.00898285331370948 0.0244547901383096 -3.14990181222376
"P61224" 0.858236590318099 1.06500774225224 2.72541688026529 0.00898980717166651 0.0244547901383096 -3.15060007826793
"VNN1" -1.66409019746923 2.81274626416241 -2.71597283419912 0.0092138175189469 0.0248901042699329 -3.17280311806373
"KRT76" 2.23466949500936 1.62000062950684 2.69173229597684 0.00981253122706349 0.026324652740191 -3.22953710026927
"H1-2" -1.36988198008201 1.09669133478812 -2.68027187536014 0.0101078688877525 0.026931239707779 -3.2562309270295
"KRT222" -1.36541410678056 0.969104467853743 -2.67319642600989 0.0102942603240769 0.0272412739188157 -3.27266970309819
"MYH11" 1.14505441288733 0.813994716585664 2.63949883163123 0.0112260389471945 0.0295062780436395 -3.35052387716643
"P35900" 0.921589713277509 1.05611255282155 2.6260417182041 0.0116192781633976 0.0303348939970583 -3.38141169566905
"ARF3" 1.1136691297897 0.811710042282273 2.61413513226937 0.0119776820785041 0.031062122190254 -3.4086432773931
"QSOX1" 0.787025589981991 0.978259002730328 2.575186787536 0.0132218654645464 0.0339429013617021 -3.49707909290939
"F13A1" -1.36972793282675 1.65008116970273 -2.57395608318905 0.0132630360076574 0.0339429013617021 -3.49985737495095
"ANXA2" 1.27482230586311 1.17048389688045 2.56973273721801 0.0134052097072857 0.0340825266413996 -3.50938390732702
"OMD" -1.10960905101214 0.719840954152191 -2.56525446195233 0.0135574823990323 0.0342458483975556 -3.51947267973321
"CSN1S1" -1.40718157005144 1.13340790595161 -2.55024150786691 0.0140795353775414 0.0353350920120232 -3.55319787943306
"JUP" -2.40629968054086 1.99121040639514 -2.54180377075379 0.0143809187265138 0.0354513835022855 -3.57208710801025
"H2A1" -1.61389300055084 1.14609188733564 -2.53482197997759 0.0146347244264687 0.0354513835022855 -3.5876812892604
"H2AJ" -1.61389300055084 1.14609188733564 -2.53482197997759 0.0146347244264687 0.0354513835022855 -3.5876812892604
"H2AC20" -1.61389300055084 1.14609188733564 -2.53482197997759 0.0146347244264687 0.0354513835022855 -3.5876812892604
"Q9NY65" 1.72574942352822 0.950188341295903 2.53477374688355 0.0146364919063474 0.0354513835022855 -3.58778890774397
"COL1A2" -1.46651002196473 1.39275872210061 -2.53378735043457 0.014672680575496 0.0354513835022855 -3.58998943287147
"P14923" 1.88409163520322 1.10005277187694 2.52939755614233 0.0148347213414393 0.0356216456902461 -3.5997746603894
"F12AI" -1.52572955604755 4.17877512795676 -2.52367051024311 0.0150485701997611 0.0359134589429881 -3.61252145188178
"CDH5" -1.63121263372577 1.06888632862755 -2.51851708810393 0.0152433908926932 0.0361565796174247 -3.62397282513753
"Q0VCM4" 1.56945949957274 1.13011134261554 2.51591522243843 0.0153426202742636 0.0361713896162942 -3.62974767079891
"H4C1" 1.10483907887213 1.01386474095244 2.5061617047881 0.0157198419248689 0.0364380435257191 -3.65135531259161
"P62979" 0.92584416070926 0.826696115854738 2.50447098552371 0.0157860810037186 0.0364380435257191 -3.65509439812342
"TTR" -1.11860129958353 3.64932677107665 -2.50350146476445 0.0158241791216929 0.0364380435257191 -3.65723766248555
"VCL" 1.84112622757725 1.09331505663949 2.50334311176826 0.0158304096551324 0.0364380435257191 -3.6575876645146
"ACTA1" -3.18938824601101 2.30705589697583 -2.49077228839164 0.0163321803958633 0.0373718716117106 -3.6853187420967
"KRT73" -1.64085615937049 2.38587391724535 -2.44587437380845 0.0182441776099263 0.0415028367851539 -3.78349066792152
"P04272" -2.19895732107134 1.30785720245291 -2.4433513736877 0.0183573965264089 0.0415176002835642 -3.78896665238879
"HSPA2" -1.90180939463381 0.839082397910449 -2.43026702388256 0.0189547957551047 0.04262089912564 -3.8172953492309
"TUBB5" 2.19669355465873 2.13253707445975 2.38983982182962 0.0209130159044039 0.0467538114184663 -3.90407865864125
"GC" -0.751009805520826 5.06743320271011 -2.3833394380145 0.0212443369789864 0.0472231261990041 -3.91792706141839
"eDIL3" 1.1905199633611 1.05310899536172 2.34569272583997 0.0232576048818373 0.0514045926081519 -3.99754875608852
"SeRPINF2" -1.01384895718008 4.39142943819755 -2.33401520899449 0.0239159525879079 0.0525610483429162 -4.02204395696237
"TUBB6" 1.8592738903898 0.943824000293477 2.30490673722329 0.0256301665950998 0.0560119932892911 -4.0826825238162
"HRG" -1.58563177461245 1.92868671409551 -2.30253689321688 0.0257744441002812 0.0560126187430691 -4.08759283398502
"F5" -1.90224977152801 4.70170584827196 -2.29946038393856 0.0259628248791865 0.0561085493222419 -4.09396137289267
"SeRPINA3-5" -1.88441768771635 4.180000474502 -2.29155546003313 0.0264525040421491 0.0568509617259448 -4.11029396863407
"GAPDH" -1.11644751242585 3.11524845379032 -2.28467648553429 0.0268853125965418 0.0574636626376635 -4.1244704158216
"eeF1A1" -1.48681241878464 3.0991127531867 -2.25575818213792 0.0287745694030215 0.061165614741942 -4.18369419563107
"KRT19" -2.09642936546732 2.98511971955223 -2.24401826990596 0.029574623332902 0.0625246112853199 -4.20756478906672
"HSP90AA1" 1.99447412386357 2.06333001962018 2.22855722932112 0.0306583582192384 0.0642628904327896 -4.23884880317084
"THBS1" -1.14963751704342 3.8930104496408 -2.22759095044106 0.030727243240357 0.0642628904327896 -4.24079820210827
"P62826" 0.690304868067846 0.922613212676283 2.21909901678786 0.0313385470280947 0.0651908812509563 -4.25790076498968
"TAGLN2" -1.76339740606743 1.83077279292619 -2.21631354717055 0.0315413953738448 0.0652638446831151 -4.26349916167566
"BPT2" -1.21848673447288 0.757961507238932 -2.20954702543101 0.0320390067913972 0.0656883581847248 -4.27707525202427
"DSG1" -1.29424412823085 1.10922966829358 -2.2089359152587 0.0320842880593772 0.0656883581847248 -4.27829970857037
"P08727" 1.60327218741415 1.416951926209 2.20149458746872 0.0326402238174326 0.0664766862040905 -4.29318761365046
"KRT4" 1.08941527348962 0.990790724299546 2.19216738069826 0.0333490642360278 0.0675665936865354 -4.31179114173811
"P34931" 1.08015895275545 0.857992294258848 2.18443012478249 0.0339473521823983 0.0684223834142639 -4.327174820279
"C9" -1.43512432357985 2.64589591784853 -2.16296184973778 0.0356572619253622 0.0714983241699273 -4.369627615268
"OGN" -0.992732608712627 0.995878796308399 -2.15878662155992 0.0359984830184153 0.071812358431608 -4.37784429699403
"FGA" -1.41806820996322 3.23023216956481 -2.15370205185976 0.0364178976054249 0.0722783784107668 -4.38783302265947
"LRP1" 0.965998324623684 0.778836242934973 2.0956693730642 0.0415177094350151 0.0819816698995984 -4.50046910216725
"Q14CN4" 1.20677570975752 1.17514041604347 2.07391420176449 0.0435845856034758 0.08562830201895 -4.54203960307438
"SeRPINF1" -0.687856333165007 4.44950328492584 -2.05259063474106 0.045696927635794 0.0893271600518787 -4.58243600264435
"SeRPINA3-8" -1.57055282895235 2.79758284602325 -2.03491144032985 0.0475152024425189 0.0924170687506992 -4.61566466438207
"UBA52" -1.14456030932663 1.32474527356399 -2.02682837550022 0.0483672346541265 0.0936062402012698 -4.63077711426997
"P12259" 1.20060662030573 0.921348733982136 2.02183714969268 0.0488999454684058 0.0941687068673754 -4.64008380554309
"Q7RTS7" 1.24061940494698 1.27703309365531 1.97908267237039 0.0536749601724577 0.102854972941311 -4.719014618681
"Q3SWY2" 1.11732051989311 1.08367909387548 1.9696881566453 0.0547764607281387 0.104451192270814 -4.7361677922144
"KRT20" -1.22516168642678 1.26862606673491 -1.95536598215034 0.056493143841721 0.107199185143558 -4.76218546027646
"RBP4" -1.56931642614782 1.86564983922821 -1.918483313762 0.0611280534168277 0.115431129995854 -4.828444575135
"HBA" -0.692696187924656 4.58751823349648 -1.90060248791198 0.0634896863671295 0.11931153621649 -4.86018028974713
"TG" 1.38029084763618 0.984270444492584 1.89450433937532 0.0643127033832864 0.120277123154319 -4.87094550145075
"GPLD1" -1.39844780426236 1.3278744502177 -1.88965354038017 0.0649738504361823 0.12093219052476 -4.87948759776937
"ARG1" -1.17782744237428 0.902931337311827 -1.86469811634992 0.068467330082291 0.126827578104815 -4.92313636899071
"MYH10" -1.62257696210065 1.68204094622377 -1.85948009867834 0.069217601763935 0.127455365495782 -4.93220002279703
"SeRPINA6" -1.57447226866105 1.96343800635878 -1.85779390504596 0.069461535951429 0.127455365495782 -4.93512425549262
"H2AZ2" -1.10960905101214 0.75206805292264 -1.84257230582161 0.0716967264194012 0.130939091911489 -4.9614184160009
"P0DMV8" 1.13090146380338 1.01534727561345 1.8237602570853 0.0745428929025965 0.134870629484233 -4.99365670676132
"P0DMV9" 1.13090146380338 1.01534727561345 1.8237602570853 0.0745428929025965 0.134870629484233 -4.99365670676132
"PROC" -1.17505038315875 1.6725020153346 -1.80366359621704 0.0776880678173534 0.139910455467363 -5.02777988778285
"CSN2" -1.00985848944267 0.834847588435451 -1.76241744242378 0.0844933034608708 0.151464954130317 -5.09678325949878
"H2AZ1" -1.10960905101214 0.791597280724162 -1.73203626922493 0.0898184269166973 0.160246400754422 -5.14671726596931
"HSPA8" -1.43960254357844 2.20683238143488 -1.72982958186181 0.090215840013415 0.160246400754422 -5.15031448057611
"TF" -0.559261244073039 6.50277193165561 -1.70346611692262 0.0950776735603414 0.168114613704422 -5.19297865046369
"P08729" 0.991447299686289 0.884330985275087 1.69077291546111 0.0974946493678644 0.171608228977825 -5.21331414513956
"RAN" 0.690304868067846 0.88421758480203 1.68353361946151 0.098895669993426 0.173290160483976 -5.2248518988426
"KRT7" -1.0846561330945 3.17526847580436 -1.67534599864033 0.100500163709733 0.174872858969592 -5.23784829345212
"CAP1" 1.33390892995985 1.40666138507366 1.67434393872197 0.100697995910511 0.174872858969592 -5.23943503408222
"CORO1A" -0.688337741507262 0.712513251951128 -1.65083676151001 0.105431513318379 0.182279371914887 -5.27641660916091
"KRT72" -1.63910444061974 1.86530528201292 -1.64598056004162 0.106431751911384 0.183194475635081 -5.28399853692486
"KRT75" -1.08527108034698 3.76148145514914 -1.63174319916957 0.109409057288771 0.187489529891329 -5.30611260576007
"PPIA" -0.976554561037751 1.38578062735525 -1.62327464019663 0.111211999938943 0.189743280597583 -5.31918514685347
"TUBA8" -1.20241822877625 0.761675413084207 -1.5870095859884 0.119208249340385 0.202497855866418 -5.37447819985219
"AFM" -1.01490760546993 3.70682550964005 -1.53136681836742 0.132374656448654 0.223885831993593 -5.45713349076558
"RAP1B" -0.930966610471851 1.4255291648707 -1.51568813477305 0.136287581446526 0.228735754546263 -5.47994286107316
"GDI2" -0.665516306397542 0.954614465279186 -1.51517082942266 0.136418239215252 0.228735754546263 -5.48069181864317
"PROS1" -1.53269234855098 2.09391382770784 -1.50398114050646 0.139268954381409 0.232513404525185 -5.49683562812207
"TRAP1" -0.87115054742593 0.747289114942391 -1.49901345050908 0.140549616408061 0.233648721293743 -5.50396794303578
"HSP90AB1" 1.13986331998967 1.71077618304505 1.49194406533202 0.142388186019538 0.235265499998089 -5.51408083092802
"P02787" 1.35307532614411 0.998359047154502 1.49063100890331 0.142731768636373 0.235265499998089 -5.51595440368505
"COMP" -1.12591660058849 2.11594427770156 -1.48671716534923 0.14375978687899 0.2359601565229 -5.5215300957106
"MSN" 1.43998454106149 1.42360330958695 1.46681176684126 0.149079140347104 0.243662964684973 -5.54968112351118
"HMGB1" -0.953480061515967 1.48550073254135 -1.46153830476711 0.150514054175958 0.244978941734091 -5.55708117244247
"C5" 1.03886795960915 0.94545995618737 1.44097055344065 0.156214612973707 0.25319785186155 -5.58571070036449
"H2BC18" 0.573572776622301 0.923136078527918 1.43745550139598 0.157205546430139 0.253746711872714 -5.59056643425936
"GSTA1" -0.85157422749459 1.25008334825289 -1.43298406898407 0.158473192346401 0.253970576416362 -5.59672765105525
"KRT5" -0.899883251533964 4.73730482687423 -1.4323626294383 0.15865000017783 0.253970576416362 -5.59758254710078
"Q02413" 0.869410114440055 1.12524440089699 1.38095672761053 0.173815971798405 0.277108250121228 -5.66712172719166
"SYNCRIP" 0.65890554910362 1.12831937205131 1.37478041875438 0.175710993685848 0.278986026709367 -5.67531946149198
"KRT17" -1.76657922033102 3.23306572574161 -1.35215881608408 0.182787738976097 0.28904240025082 -5.70505540489218
"GPI" 0.701960590659062 1.13820514753854 1.34562243053607 0.18487261229241 0.291155652557682 -5.71356259389103
"Q8N1N4" 0.869807453027821 1.04438723187023 1.34147223734532 0.186205771394777 0.292072762389388 -5.71894434073071
"ACTC1" -1.55917444565441 3.26018247841033 -1.32803955082818 0.190571019003937 0.297719383102535 -5.73625763051353
"B4GALT1" -0.696901589495171 0.74343284348161 -1.31761517499515 0.194011908946259 0.301882530320379 -5.74958227140352
"HPX" -0.58463400511631 4.50017515274439 -1.30450032100063 0.198407478829664 0.307492068783822 -5.76620753374852
"RPS27A" -0.848079609907774 1.46532108751238 -1.28854620776431 0.203855478309039 0.31468167088181 -5.78622365452268
"HSPA6" 0.685083047983343 0.881838350545178 1.2804785891605 0.206652829394402 0.317260449654725 -5.79625807913229
"AOCX" 0.950952568128113 0.823072621196081 1.27903267395499 0.20715720877198 0.317260449654725 -5.79805029214152
"HBB" -0.934171473763596 3.6927480636675 -1.25983989854006 0.213939798670502 0.326363065422845 -5.82166087421905
"IGKC" 0.931051273951698 0.881565498792972 1.23647847130456 0.222416967911622 0.337969533271958 -5.84994964875322
"KRT35" -1.11823949582974 1.15178337413476 -1.22219226338922 0.227721902502038 0.344684124798805 -5.8670048729824
"FGB" -0.979187490089193 2.98846075906545 -1.20494340391875 0.23425025525973 0.353191276341221 -5.88734929202246
"KRT74" -1.18616574731439 1.00583262753999 -1.17262837677356 0.24684714636608 0.370747258441718 -5.9247319672551
"CHIA" -0.712747373204735 2.4685420252052 -1.14388786209534 0.258455961921764 0.385222859909823 -5.95717466363149
"B4GAT1" -0.410162695139578 0.751939136810005 -1.14386408874018 0.258465723487053 0.385222859909823 -5.95720118469815
"CRYZL1" -0.96026651016358 0.862178149099808 -1.11824691836913 0.269138040891182 0.397512285468494 -5.98547614550205
"HSPA1B" -0.8607238914335 2.44510387229831 -1.11673633087477 0.269776975227975 0.397512285468494 -5.98712452697872
"HSPA1A" -0.8607238914335 2.44510387229831 -1.11673633087477 0.269776975227975 0.397512285468494 -5.98712452697872
"SeRPINA3-1" 1.32184208432169 3.96706252848331 1.10809153291937 0.273454129846141 0.401410024566599 -5.99651726828351
"GGH" -0.519557058280621 0.733620435019389 -1.09394022829404 0.279549595932131 0.407585713283358 -6.01174348487257
"P68133" 1.05447449133855 1.28977698708408 1.09346306704686 0.279756774927138 0.407585713283358 -6.0122536532517
"C4" -0.457469117945685 4.65920312784159 -1.08220725456566 0.284675199719696 0.41320392795135 -6.02422675005227
"BLVRB" -0.650075948795624 1.38693584183561 -1.07788304037141 0.286580703328857 0.414423396263663 -6.02879521996109
"F9" -0.638840787340482 1.31060263913142 -1.0704615151145 0.289871749474721 0.417630039058024 -6.03659540209691
"H2B1" 0.573572776622301 0.994790927341528 1.05489145595974 0.296861314184597 0.426121960213314 -6.05279312531746
"H2BC12" 0.573572776622301 1.06456876744601 1.04653347480607 0.300660914165846 0.429989322097478 -6.06139474908378
"TUBB4A" 0.945030460358455 0.896577065405481 1.0410363485187 0.303178107138781 0.432001039109838 -6.06701654739295
"SeRPINA7" -0.580026664185048 3.67551016269991 -1.03835559866329 0.304410881752115 0.432174572998441 -6.069747848019
"AFP" -0.329120058245443 5.71185561573929 -1.03558377920633 0.305689143319716 0.432411188186798 -6.07256486764389
"CFB" -0.679807693451105 4.64449267391141 -1.02929929148712 0.308600909867715 0.434948383835294 -6.07892520667807
"FTL" 0.482762865464141 0.818609137257954 1.01853022899385 0.313634381615555 0.440446839164082 -6.08973824216104
"P05786" -1.14697612268583 1.65283958906743 -1.01441997358496 0.315570143061281 0.441571171405893 -6.09383661334861
"HBBF" -0.325314566235442 5.11778033064974 -1.00984117553356 0.317736086750762 0.442436241645132 -6.09838350727788
"SeRPINC1" -0.601943292441995 5.03021048165686 -1.00830899858795 0.318463104526059 0.442436241645132 -6.09990061371345
"HP20" -0.460459208758912 0.816240202931749 -1.00274818840699 0.321111148541329 0.444527533034081 -6.10538820566141
"APCS" -0.696901589495171 0.844120548981667 -0.995549596099896 0.324561088941695 0.447710154603969 -6.11244885670698
"CPB2" -0.696353047549628 2.51229027992346 -0.971972569098416 0.336034199557425 0.461898599391654 -6.13523261793018
"YWHAe" 0.526883813815578 0.998097233620771 0.960514470429419 0.341706115268144 0.467134833457305 -6.14611594141108
"RPS4" 0.582960506198649 0.819531956561856 0.959431776496526 0.342245315000853 0.467134833457305 -6.14713791289461
"eHD3" 0.316907245319185 1.05773225180497 0.95654425943402 0.34368609164646 0.467461152624031 -6.14985806831117
"F2" -0.570620785037792 4.54461174228961 -0.935872162229978 0.354117344567295 0.479970895598181 -6.16910166401528
"COL2A1" -0.426032966159239 0.758061130802922 -0.918803062172383 0.362884513112975 0.490146095836623 -6.18468605991692
"KRT77" 0.72078512430342 1.25641552382787 0.909388498892967 0.367779606471163 0.495038985872949 -6.19316338669581
"SeRPINA3-6" -1.04022798318092 3.86773204855871 -0.893793830496217 0.375980946128438 0.504333062220559 -6.20702016254166
"IGF2R" -0.660300602967716 1.02689686977619 -0.881582632698376 0.382483611997242 0.511292526003186 -6.2177088707143
"PZP" 0.8524598329723 1.74957636782378 0.868644308912067 0.389450630627671 0.518822929158096 -6.22887888619809
"KRT27" -0.904053506554551 0.96613086091488 -0.854287096482972 0.397274323937426 0.52743929014218 -6.24108672099505
"SeRPINA1" -0.277192346369584 6.35969402538638 -0.84691761148506 0.401327921991718 0.531008713111491 -6.24727637962658
"COL1A1" -0.609815641227563 1.32880881656069 -0.835408427449986 0.407709616303134 0.53762386692176 -6.25683896519033
"YWHAZ" -0.470388614356547 1.68859588819734 -0.832796800925027 0.409166374929848 0.537722026512537 -6.25899120663833
"SeRPINA3-4" -0.738341737748486 4.36803406739786 -0.826162328604799 0.412881415340872 0.540777341978448 -6.26442926244137
"KRT25" -0.966018164698985 1.02313114472002 -0.819496055405371 0.416634965603559 0.5438624215429 -6.26985084618336
"P0CG53" -0.547938344328744 1.11835979345701 -0.814638643798929 0.419383049660929 0.545618750227764 -6.27377443716015
"PLG" -0.486739071627449 5.15979702787067 -0.796907977761064 0.429507161088086 0.556927618877552 -6.28790397959335
"ITIH4" -0.330549283028668 5.57714384362311 -0.791629433533329 0.43254927214917 0.559008860020023 -6.29205202121554
"P02765" 0.733186294761686 1.23196355966353 0.782391406671583 0.437904175337548 0.563276326218282 -6.29924696667357
"LDHB" -0.603246122709585 1.6409401660241 -0.780942901628953 0.438747369779279 0.563276326218282 -6.3003676621501
"CNTN1" 0.41959360687252 0.80892075336057 0.766402793617948 0.447264559200421 0.572322083976854 -6.31150510834031
"Q86Y46" 0.548206729833197 1.1857206287167 0.75563466359434 0.453634318103249 0.578569671285784 -6.31962175662534
"TUBB3" 0.741462623488548 1.6240475161786 0.73115797721333 0.468308061823079 0.595332797546333 -6.33765439163542
"YWHAB" 0.36770482312691 0.834450549216714 0.723993215935552 0.472654128136343 0.598832229085125 -6.34282311712999
"PFN1" -0.573612258991602 1.84309090327684 -0.716042169421482 0.477503866833901 0.598832229085125 -6.34850082095909
"ATIC" 0.32865678942647 0.705165706461896 0.715948309413729 0.477561284063874 0.598832229085125 -6.34856747858312
"FAP" 0.341741121404654 0.71726928331621 0.715061431964134 0.478104008340901 0.598832229085125 -6.34919690046842
"H4" -0.397472018669318 1.62809441033654 -0.713993646988134 0.478757900373969 0.598832229085125 -6.34995370095437
"P00747" 0.531155565877543 1.16782470389664 0.686419826483063 0.495817078873251 0.618182191287483 -6.3691133917073
"ITIH1" -0.508137311412415 3.87981031137867 -0.652100568802945 0.517509097049865 0.64316625799488 -6.39192686976535
"SeRPIND1" 0.364895256187929 0.867886758831868 0.646310037618318 0.521218479472426 0.645713339219025 -6.39566287869496
"LGALS3BP" 0.291711323056207 0.833459978619394 0.615534146398916 0.541167868996404 0.668299368379687 -6.41496965396734
"TUBA4A" 0.498383656753295 3.02607971102588 0.594684692207475 0.554903139738446 0.683092789108403 -6.42752274098848
"eNO1" 0.450294038559664 3.04866362792199 0.570929456383786 0.57076417776278 0.700401467349279 -6.44130603084351
"P02649" -0.280362586236034 0.800040951030369 -0.565486678818085 0.574429393085801 0.702682496573511 -6.4443860593571
"KRT84" 0.416764016722271 0.773961847807489 0.561902021343597 0.576849597862718 0.703431014321621 -6.44639869807212
"KRT15" 0.511793624841344 1.05196784790562 0.546945244908871 0.587000938403755 0.713331684214637 -6.45466003783923
"ACTB" 0.154862706146155 4.64889836020568 0.538888779549243 0.592504124598391 0.713331684214637 -6.45901883842044
"ACTG1" 0.154862706146155 4.64889836020568 0.538888779549243 0.592504124598391 0.713331684214637 -6.45901883842044
"KRT28" -0.585451977888822 1.28856412177471 -0.537098680385974 0.593730209053465 0.713331684214637 -6.45997866582971
"C3" -0.212079185126406 6.67762398894577 -0.536504498769131 0.594137443921703 0.713331684214637 -6.46029656092039
"HBD" 0.331722477173866 0.958828187301187 0.531045208607783 0.59788523852935 0.715622639347437 -6.46320108712796
"CPN1" 0.436768495352673 2.28334598915311 0.528040001646566 0.59995302779015 0.715894870583952 -6.4647874348402
"ILK" -0.280362586236034 0.777665343783164 -0.523012739554922 0.603419577040366 0.717829405103066 -6.46742127052798
"P36955" -0.280362586236034 0.913183336911223 -0.516917262904239 0.60763513747911 0.720640452681018 -6.47058135514516
"TBA1B" 0.414898735298938 2.90659736747237 0.493690215491526 0.623821522027648 0.737588364950624 -6.48228719930713
"C7" -0.351278044208001 3.25915321358906 -0.473034397790065 0.638375621268289 0.752509444464741 -6.49224983910509
"UBC" 0.324050886107095 1.17848232632556 0.461487444519563 0.646575218311482 0.759872386474823 -6.49763538757768
"PGLYRP1" -0.351181643224358 1.5938618371208 -0.458183936818741 0.648929301487663 0.760063103663659 -6.49915189919744
"AZGP1" 0.247333271321826 0.821127098909867 0.455779090574743 0.650645278971719 0.760063103663659 -6.50024907994564
"SeRPINA3-2" -0.2443117258587 4.76093658631639 -0.439024863138922 0.662652918095205 0.771772410595913 -6.5077341341415
"LDHA" -0.351905109615963 1.66580828478678 -0.433821682022222 0.666400479472427 0.773820258253057 -6.51000212277653
"C1S" -0.201243351643548 0.797910518051992 -0.428851747412571 0.669988091367677 0.774045136505034 -6.51214339775992
"LIMS1" -0.123791363082491 0.815161218650176 -0.428041378207745 0.67057380720359 0.774045136505034 -6.51249022104455
"F11" 0.217426043053784 0.873681843585717 0.412661055780871 0.68172917597388 0.784593637437394 -6.51894929372151
"PGK1" -0.293249108686849 1.51916776793932 -0.395260448735785 0.694436884093255 0.796861203281051 -6.52597390553313
"P02647" 0.285521962221555 1.00542398438452 0.391954460736734 0.696861447627196 0.797291479785233 -6.52727455824445
"CRYZ" -0.280362586236034 0.885192587043593 -0.38295492057285 0.703477726551169 0.802462608369652 -6.53076020080358
"KRT31" -0.280362586236034 0.79207591293003 -0.378786095414601 0.706550471339261 0.802462608369652 -6.53234757810107
"FABP1" -0.207658159279101 0.723699590153096 -0.377404566014533 0.707569857765528 0.802462608369652 -6.53286981836226
"P63267" -0.280362586236034 0.87805768071294 -0.372524964937104 0.711174680588997 0.804206252177674 -6.53469920589923
"TUBB2B" 0.3446168237168 0.92920761844114 0.366207068640821 0.715851959665055 0.807149021187555 -6.53703266057344
"P02774" -0.280362586236034 0.984024814349377 -0.355439968971776 0.72384841793296 0.813806458311911 -6.54091793568275
"RAC1" -0.163540512220278 0.753457032582295 -0.347857388252827 0.729498602343638 0.815645427421183 -6.54358489030773
"AGT" 0.142204221862281 5.18031301631619 0.347030446068631 0.730115725469962 0.815645427421183 -6.54387228393544
"P63000" -0.163540512220278 0.746602443699595 -0.344808982152593 0.731774432313606 0.815645427421183 -6.54464095714677
"P00734" -0.280362586236034 1.13249756310267 -0.339706812531548 0.735588973936234 0.817554602460557 -6.54638782120094
"FHL1" -0.123791363082491 0.837231346343477 -0.330739693688803 0.742309353709202 0.817634914345199 -6.54939515989552
"P62736" -0.280362586236034 0.819421742950362 -0.330222378555237 0.74269767912326 0.817634914345199 -6.54956621135594
"FGG" -0.305839650823717 1.93986478329212 -0.328901632579486 0.743689410634226 0.817634914345199 -6.55000171036933
"HP" -0.280362586236034 0.825622886483792 -0.328396544638345 0.744068790946531 0.817634914345199 -6.55016779743444
"eNO3" -0.280362586236034 0.933274938181608 -0.31698529557786 0.752656899378889 0.822697447409861 -6.55385241472224
"CD14" 0.204671793248125 1.00797114158891 0.312663274737336 0.755917989346588 0.822697447409861 -6.55521409396688
"CATHL1" 0.141354708723277 0.722043678629876 0.311500533149655 0.756796081058234 0.822697447409861 -6.55557724533797
"KRT80" -0.243208124055912 1.43445392804139 -0.311051279660381 0.757135440032725 0.822697447409861 -6.5557171968433
"KRT81" -0.280362586236034 0.813650693129048 -0.30034115461216 0.76523986855624 0.829187489884059 -6.55899405186037
"Q32LP2" 0.194583819902072 0.975408792624857 0.294919592201061 0.769352604398495 0.831328230863929 -6.56060922902158
"C4B" -0.280362586236034 0.825451840140098 -0.289605620870372 0.773390233963549 0.833376180088146 -6.56216390759331
"P09429" 0.157910805542305 1.26815882585194 0.279659179883938 0.780964633594399 0.839213376984037 -6.56499817823066
"P02751" 0.247333271321826 0.834444741245757 0.256759873522545 0.798483489055075 0.855675143918524 -6.57114810536258
"KRT10" 0.415010438789017 2.01517132558285 0.253717936389782 0.800818806189165 0.855820097823036 -6.57192566812432
"LYZ" 0.0955314512153187 0.816234948298071 0.247209519672911 0.805821514723241 0.858807038979016 -6.5735582731134
"DDBX" 0.135706287826953 1.17015546864944 0.242118891107753 0.809740173994962 0.860350436124642 -6.57480574209629
"SeRPINB12" 0.0955314512153184 0.756539404534591 0.239584310933004 0.811693084981346 0.860350436124642 -6.57541719202201
"A2M" -0.0799285422913263 6.92086440788217 -0.228076962778811 0.82057461248304 0.865971014759589 -6.5781125283885
"PeBP1" 0.107121663162592 0.80566044467276 0.226946937812534 0.821448083409482 0.865971014759589 -6.57837007522677
"P05452" -0.0813591774014084 0.807739349953079 -0.188397703562 0.851375053853651 0.895094313375866 -6.58639121160333
"FMOD" 0.105274122819156 1.14447821963996 0.180008438931406 0.857918909336791 0.899543007363913 -6.58793985686273
"FN1" 0.157187027160879 3.71655401057699 0.176039095051664 0.861018651198719 0.900366277731993 -6.58864804564219
"GFAP" -0.128038194318616 1.17734737471369 -0.171068213641309 0.864903627154641 0.902004050839558 -6.589512683466
"K2C4" -0.173406653776815 1.19799091914634 -0.159787379591009 0.873732490134016 0.908775237064525 -6.59138311744855
"UBB" 0.0538549302734218 0.754972106198902 0.1522159287076 0.879667418212147 0.910081451288631 -6.59256705723777
"P0CG48" 0.0538549302734218 0.754972106198902 0.1522159287076 0.879667418212147 0.910081451288631 -6.59256705723777
"AHCY" -0.103908562023014 2.09580206176725 -0.143102976876445 0.886819894903224 0.914815215790126 -6.59391591253367
"HSPA1L" -0.105551175817632 1.4491341242286 -0.137919352264282 0.89089265232634 0.914815215790126 -6.59464605714731
"P62987" 0.0538549302734218 0.778036181657141 0.134424018573002 0.893640610137114 0.914815215790126 -6.59512320313438
"P26583" 0.0752120457521347 1.24120552866906 0.134412300095969 0.893649825193439 0.914815215790126 -6.5951247822336
"eZR" 0.0776296508476038 1.35680174757089 0.110536750475911 0.912453815294074 0.931612950523346 -6.59805639717544
"RAP1A" -0.0596323953123534 0.740491933861778 -0.0944458793278789 0.925156002093007 0.941216439874578 -6.59970994729053
"FeRMT3" -0.0660287125172938 1.8407830556546 -0.0906172078792306 0.928181397609601 0.941216439874578 -6.60006517551551
"GSTA2" 0.0664562609894456 1.55368427847348 0.0894315188176714 0.929118542189815 0.941216439874578 -6.6001722053273
"ACTN1" 0.0321323263389719 0.903885631692904 0.0458795691021888 0.963600396216495 0.973543939055774 -6.6031269065036
"ITIH3" 0.0321244973731236 4.77000855321383 0.0428077897409444 0.966035888111899 0.973543939055774 -6.60326350731454
"Q14624" 0.0221570415531467 0.847102710185448 0.0287191921473637 0.977210009005723 0.981121986835161 -6.60376880256527
"CLIC1" -0.0108607574956279 0.811425802114727 -0.0269673476572897 0.978599822344582 0.981121986835161 -6.60381771942034
"ALB" 0 7.89886994691184 0 1 1 -6.60418238358375
