"logFC" "AveExpr" "t" "P.Value" "adj.P.Val" "B"
"P63261" 4.94040572673438 2.61637983050475 18.2773101626177 5.21092724934799e-23 1.01352534999818e-20 40.7691741018717
"P60709" 4.94040572673438 2.61637983050475 18.2773101626177 5.21092724934799e-23 1.01352534999818e-20 40.7691741018717
"P13645" 5.15418563431831 3.13597377247352 15.7092488619663 2.41700636155068e-20 3.13405158214405e-18 35.2415503637227
"KRT1" 5.85688115071522 3.40895010581031 15.1513467911254 1.00629432982453e-19 9.78621235754351e-18 33.9356493031516
"P02768" 5.97472916219082 3.38571285078241 14.8269716248488 2.3439227829351e-19 1.82357192512351e-17 33.1580191809074
"KRT9" 5.05059709211798 2.91951637462526 14.014899523723 2.05469343706805e-18 1.33212624503245e-16 31.1503670962921
"TLN1" 5.34746169813934 2.87545084798534 12.8552493052955 5.24120858213088e-17 2.91261448349845e-15 28.1275696805552
"P68366" 3.8307946674632 1.95366699123422 8.86339587946461 1.33991316914865e-11 6.51532778498532e-10 16.2777262829987
"KRT2" 5.06321701644225 3.01917522849957 7.51129776859337 1.36807998176464e-09 5.91314569896051e-08 11.8171269324343
"FLNA" 4.4067565304834 1.94622889739667 7.42477934910688 1.84784073149394e-09 7.18810044551141e-08 11.5267872652853
"P19823" 3.16586138215639 1.84784059236717 7.24974839512585 3.39845768192413e-09 1.20181821660772e-07 10.9382108285323
"KRT14" 3.90981346978021 2.59721950884683 6.97235698651322 8.94871246176578e-09 2.90087428968907e-07 10.0028114354168
"TUBA1B" 3.5874798853242 1.83936878995559 6.6616009180841 2.65351796762134e-08 7.94014222619e-07 8.95265948101786
"TUBB1" 2.39854868024644 1.42581639624191 6.58986233412837 3.41085141191787e-08 9.4772942802575e-07 8.71011653317098
"P07996" 3.94167411378938 2.00970292703318 6.21013990486145 1.28746041435634e-07 3.33881400789744e-06 7.42739478743064
"P68032" 4.15039843696088 2.03404680916652 5.99887576881914 2.69139659779284e-07 6.54345797838385e-06 6.71579115537196
"eeF1A1P5" 2.39773111122208 1.9684402153512 5.86155525856678 4.34149794391897e-07 9.93436882461459e-06 6.25461750400107
"FBLN1" 2.89656541573359 1.37059447289955 5.76280319904867 6.11875761237395e-07 1.28035010356669e-05 5.923822332166
"P13647" 3.81484358749088 2.60010411438863 5.75652149790873 6.25363803798642e-07 1.28035010356669e-05 5.90280724877995
"CKM" -3.17556762720251 1.35290143801116 -5.70556675398443 7.4627329505795e-07 1.40047650139706e-05 5.73246937216973
"LOX" -2.59111165078654 0.816160085207953 -5.70181571872944 7.56041298954709e-07 1.40047650139706e-05 5.71993922098957
"CHI3L1" -3.04802896870884 0.89653022475856 -5.66333116675909 8.63893061413435e-07 1.52752000404466e-05 5.59145990409057
"POTee" 2.91907581026513 1.39968024410531 5.51541541330334 1.44055805836216e-06 2.43642210740383e-05 5.0990505288642
"P68371" 3.03553114217149 1.62509992330438 5.39633762218777 2.17082260699634e-06 3.51854164217323e-05 4.70445933270508
"P06396" 4.05210581113456 2.02434651694114 5.35403748174093 2.51029613983669e-06 3.90602079358589e-05 4.56472324038671
"ANXA5" -2.31846710405299 0.90890180110496 -5.31114652563649 2.90812416640531e-06 4.28661473933166e-05 4.42328459948906
"KRT71" -3.70379737684775 2.1048396744389 -5.30448380209461 2.97528529465179e-06 4.28661473933166e-05 4.4013365720054
"P01024" 3.53219672737245 2.31548225916967 5.24704733633726 3.62164850399704e-06 4.96051498726067e-05 4.21239957994416
"KRT16" 3.19472689230714 2.4557089568436 5.24093907592515 3.6980702989861e-06 4.96051498726067e-05 4.19233530615757
"P11142" 2.47426335770729 1.4286386572736 5.19567527710231 4.31628700881797e-06 5.59678548810064e-05 4.04383229122214
"MYH9" 3.31053322071483 2.01663136304521 5.13354270905064 5.33414336457216e-06 6.6934895768341e-05 3.84051545123885
"P07900" 2.99830210805762 1.43066996680378 5.06337157607696 6.77051801314629e-06 8.23041095973096e-05 3.61167006232499
"F12" -3.00434465466672 1.484624969185 -5.04833615309164 7.12473262244465e-06 8.39854845494233e-05 3.56274746456044
"IGFBP3" -3.53742072020305 1.51430664029472 -5.02396913385746 7.73798122196825e-06 8.85316086866367e-05 3.48354772736428
"P68104" 2.39773111122208 1.89863603467514 4.99295839914779 8.5941749957213e-06 9.55181163810167e-05 3.38291121421317
"P02771" 2.17376498758707 1.3284525812195 4.893730563294 1.20107896920499e-05 0.000129783255283539 3.06212817917777
"C4A" 2.79134925251854 1.81106546131638 4.83508814340327 1.46261372124004e-05 0.000153772091233074 2.8734766974789
"KRT6A" 3.76960169311458 2.57447632704768 4.71984782165651 2.15003776850964e-05 0.000220095971565855 2.5048996974509
"KRT79" -3.75147922432469 2.46167221409469 -4.68872410274695 2.38472984095926e-05 0.000237861514905937 2.40586886015472
"COL6A1" 1.48844961148113 1.0531367631725 4.54686299713111 3.81409742893646e-05 0.000370920974964071 1.95744516386816
"LYSM" -1.80209775637408 1.09459348779693 -4.33955099935629 7.51328930955988e-05 0.000710764313603668 1.31162262092428
"VTN" 1.62054351770433 1.40921416454494 4.3330238583577 7.67406199777739e-05 0.000710764313603668 1.2914864144357
"GARIN1B" -2.07227139252612 1.00494114708315 -4.28119365419517 9.07548887757977e-05 0.000821015156599659 1.1320415908004
"PKM" 1.77484093961155 1.51734925952507 4.2405897261247 0.000103447377488794 0.00091456886007138 1.00770304155667
"NACA" -2.40070076857234 0.91529785373374 -4.22355750092618 0.000109271824002497 0.000944594211932696 0.955699044243764
"COL10A1" -2.00379022980392 0.950811369126076 -4.20892450854964 0.000114529700654088 0.000968522903357393 0.911093594610499
"DSG1" -2.45442011620286 1.10922966829358 -4.18905261190948 0.00012206571091636 0.00101028854354179 0.850627665556162
"CSN1S1" -2.27964351076034 1.13340790595161 -4.13140821910277 0.000146757213470142 0.00118934491749761 0.675952168756208
"APOB" 3.33408676928169 1.74147644688934 4.05851742500223 0.000184996127361608 0.00146864272538093 0.456662805247945
"CAPNS1" -1.87043895920778 0.858051979934831 -4.02951240682447 0.000202761821526406 0.00157748697147544 0.369909696074422
"UBA52" -2.2440704846178 1.32474527356399 -3.97388036067911 0.000241575023954957 0.00184260165330349 0.204347907252624
"B4GAT1" -1.41989202190422 0.751939136810005 -3.95980305618047 0.000252483432325886 0.00188877029182249 0.162630120524351
"KRT6B" 3.76960169311458 2.38420675803211 3.9106942729821 0.00029439394424784 0.00214378131899456 0.0176671982686081
"CALD1" -1.98260764058686 0.74005781239672 -3.90722726574679 0.000297594321916983 0.00214378131899456 0.00746690144221418
"KRT17" -5.08886751282417 3.23306572574161 -3.89507415923285 0.000309080385217052 0.0021860412699897 -0.0282531326470172
"KRT73" -2.6012002402705 2.38587391724535 -3.87737156147975 0.000326580637562092 0.00226856907163667 -0.0801841676559656
"SeRPINA5" -1.55396191978617 4.45273357818194 -3.8516457199483 0.000353727733219108 0.00238875173717419 -0.155438411264909
"P63104" 1.31762290219351 1.02876247999891 3.84943148079751 0.000356163498087669 0.00238875173717419 -0.161903693124877
"Q04695" 2.37434820277521 2.13005613425584 3.8060264837535 0.000407309779411627 0.00267533926492907 -0.288255029347942
"P02788" 1.63663996146175 1.35017089856469 3.80180282940305 0.000412648729809111 0.00267533926492907 -0.300510538152942
"HABP2" -1.79981313085351 1.22761421618688 -3.79271266895189 0.000424368918833257 0.00270622146600225 -0.326862893223029
"F10" -2.13018901358342 1.80970480432474 -3.68807084297734 0.000584583485847357 0.00366778993539713 -0.62781402555271
"LTF" -3.79131847088356 2.30720693197382 -3.65657890112531 0.000643240018068043 0.00397175185759474 -0.717497916331041
"APOH" -1.70436321560056 3.65061751575342 -3.63832667898421 0.000679779610615009 0.0040837902442238 -0.769284611959161
"IGFBP2" -3.63458662224722 2.49221021613105 -3.63706317803178 0.000682381403276471 0.0040837902442238 -0.772864245581296
"JUP" -3.41482003115102 1.99121040639514 -3.60711614676119 0.000746918104763895 0.00440229004171447 -0.857505893878058
"eDIL3" 1.82609456970378 1.05310899536172 3.59797137442105 0.000767764265897945 0.00445761640946718 -0.883274921836184
"IGF2" -1.70685093743907 0.832300800560946 -3.58091409483196 0.000808145812539706 0.00462306942761685 -0.931242756321874
"P04406" 1.84562554232718 1.55420244363732 3.53562006969517 0.00092548052352716 0.0052175641108995 -1.05799182894002
"HBB" 2.60939860318672 3.6927480636675 3.51908034425943 0.000972255682654874 0.00540296372218209 -1.10404683604841
"RGN" -1.59440381811792 1.09112540622662 -3.46664675646968 0.00113593076878239 0.00622362069093449 -1.24922409811673
"AMY2B" 1.63277153424509 0.923538375654455 3.45616047050929 0.0011716772741545 0.00633031193952919 -1.27810611535792
"POSTN" 2.06641099608374 1.03572541643493 3.43370202937215 0.0012518768583773 0.00667096024532562 -1.3397897125044
"P08238" 2.14999527290557 1.23310560991947 3.40402938696968 0.00136588356232133 0.00718011764517564 -1.42092270217766
"MST1" -1.99293763483518 1.62360500018283 -3.39627405613414 0.00139727120754978 0.00724717999649153 -1.44205878565669
"LRP1" 1.54701105139824 0.778836242934973 3.35613799482531 0.0015709801467438 0.00804093785635972 -1.55098141412979
"P01023" 3.01713894642939 2.44612252397125 3.34754982849989 0.00161072577247409 0.00807144754116236 -1.57418672539429
"KRT222" -1.70685093743907 0.969104467853743 -3.3416586243217 0.00163854022021961 0.00807144754116236 -1.59008395308473
"HBA1" 1.80110537727233 1.82643888532008 3.34152243594673 0.0016391885751975 0.00807144754116236 -1.59045125188884
"KRT75" -2.21027396244882 3.76148145514914 -3.323224558213 0.00172854945405073 0.00840507172032167 -1.6397174925398
"HRG" -2.27185170316897 1.92868671409551 -3.299014592302 0.00185390321792695 0.00880893558471338 -1.70464708851255
"KRT13" 1.6580921536286 1.66250528245446 3.29845568772468 0.00185689644716323 0.00880893558471338 -1.70614258817327
"KRT20" -2.02883680311605 1.26862606673491 -3.23803667066834 0.00220890591646344 0.0103525831506539 -1.86688144490952
"CDH1" -1.57614248343347 0.741230459058091 -3.22745095153878 0.00227674161245211 0.0105434819909985 -1.89485237661184
"TUBB" 1.9393091698317 1.55550919138058 3.15614702073779 0.00278758927719924 0.0127573203391824 -2.0817447492645
"VCL" 2.31635545996846 1.09331505663949 3.14950295002278 0.00284033431082003 0.0128475586849883 -2.0990232125863
"KNG1" -1.36504488908145 4.61740896634327 -3.10813604767915 0.00319047244168243 0.0142654457449939 -2.20607094650688
"CSN1S2" -1.77291588906406 0.933327611109683 -3.08803749947813 0.0033748836671437 0.0149185198468057 -2.25774831163524
"CSN2" -1.76388506636016 0.834847588435451 -3.07835388807757 0.00346726670055023 0.0151114040336864 -2.28256834771518
"APOA2" -1.65367644641074 2.08057150987048 -3.07536968770761 0.00349621173015881 0.0151114040336864 -2.29020681462127
"KLKB1" -1.86169885618323 2.46678569176775 -3.06419187780312 0.00360665884817239 0.0154174757355941 -2.31877455477444
"F13A1" -1.60966493562391 1.65008116970273 -3.02483927913685 0.00402210119182057 0.0170064930828065 -2.41880133008071
"CFD" -1.54439376014665 1.78210932271283 -3.01499180760007 0.0041328593289972 0.0172869062255904 -2.44369694816866
"OGN" -1.38451579946018 0.995878796308399 -3.01075451635354 0.00418139103174295 0.0173038416100852 -2.45439262503874
"KRT78" -2.39349700561014 1.30137014592659 -2.99885381545153 0.00432056367649633 0.0176915712648113 -2.48437813924177
"KRT19" -2.78119313676527 2.98511971955223 -2.97698950121658 0.00458761503452174 0.018589398421135 -2.53925992145016
"KRT7" -1.91861430177254 3.17526847580436 -2.96346712597132 0.0047604168083687 0.0190907436954167 -2.57306659378031
"ACTG2" -3.13037557848287 1.27257902236426 -2.94277820925456 0.00503660047958873 0.0197902786521214 -2.62458749315667
"ACTA2" -3.13037557848287 1.27257902236426 -2.94277820925456 0.00503660047958873 0.0197902786521214 -2.62458749315667
"TUBA1A" 2.21999889230037 1.4003424540644 2.89457880871894 0.00573903545705615 0.0223248479279484 -2.74365689699386
"Q13509" 1.89339445006617 1.07733684802175 2.86607053903534 0.00619635754733516 0.0238651790684493 -2.8134424210928
"CCN2" -1.45667759282718 0.848101510689783 -2.85558078558906 0.00637299008238211 0.0243048347259475 -2.83899934573479
"SeRPINA3-1" 3.33775549289539 3.96706252848331 2.79801849593132 0.00742830702777343 0.0280544799398433 -2.97807016110493
"OMD" -1.20611596680454 0.719840954152191 -2.78836439073303 0.00762039719882768 0.0284480486049095 -3.00119852214534
"CFH" -1.53998614564852 4.72189086334204 -2.78547481198691 0.00767877918641517 0.0284480486049095 -3.00811005201311
"LASP1" -1.56884627420626 0.732436238002766 -2.76159457084477 0.00817733421720607 0.0300092736838977 -3.0650331998698
"CL43" -1.50943625631335 1.01997150344783 -2.70654062567777 0.00944266795868212 0.0343289517376387 -3.19492265702098
"MYH11" 1.15161740923654 0.813994716585664 2.65462738884281 0.0107985443754594 0.038894757056053 -3.31566086110694
"RPS27A" -1.74064536629794 1.46532108751238 -2.64468330520248 0.0110778222359994 0.0395346133009521 -3.33859302130871
"P04272" -2.36271728674586 1.30785720245291 -2.62531176612086 0.0116409649828042 0.0411666852573713 -3.38308380479494
"KRT5" -1.64357818753675 4.73730482687423 -2.61611711338614 0.011917328656952 0.0417643319599489 -3.4041166406169
"KRT3" 1.47743815401127 1.68289539879105 2.60920451070509 0.0121290396836441 0.0421267539012283 -3.41989326367065
"H2AZ2" -1.56884627420626 0.75206805292264 -2.60516322781171 0.0122543990028708 0.0421854974523604 -3.42910233025756
"P0CG53" -1.74064536629794 1.11835979345701 -2.58787689383734 0.0128040948831908 0.0436911658733442 -3.46837367026604
"KRT35" -2.32009041146213 1.15178337413476 -2.53576855568717 0.0146000768607174 0.0493863469462527 -3.58556896095918
"CRYZ" -1.85179270239478 0.885192587043593 -2.52941427307975 0.014834101193432 0.049745391071078 -3.59973742122069
"IGF2R" 1.89075979474122 1.02689686977619 2.52439720660032 0.0150212808810706 0.0499425492541577 -3.61090524107976
"CLeC3B" -1.55327521503522 2.73554187031115 -2.52015305011985 0.0151812978806986 0.0500468209795913 -3.62033948889347
"BLVRB" -1.51114084255484 1.38693584183561 -2.50560428949897 0.0157416524370983 0.0514580067061449 -3.65258826809739
"P01008" 1.71555665359552 1.71175059502475 2.49336640258249 0.0162274691826189 0.0524652940587667 -3.6796048647891
"TTR" 1.11258644426991 3.64932677107665 2.49003983273022 0.0163618566177184 0.0524652940587667 -3.68693125114381
"ACTA1" -3.1830241451852 2.30705589697583 -2.48580220486628 0.0165345102580241 0.0524652940587667 -3.69625333429992
"ARG1" -1.56859375484084 0.902931337311827 -2.48334663868402 0.0166353114033944 0.0524652940587667 -3.70164963013484
"UBC" -1.74064536629794 1.17848232632556 -2.47888839792334 0.0168197467833125 0.0524652940587667 -3.71143654584272
"FeRMT3" 1.80556757484261 1.8407830556546 2.47794460972805 0.0168590276538453 0.0524652940587667 -3.71350666538342
"MDH1B" -2.23963550819863 1.38426449232822 -2.47057862142398 0.0171684694636217 0.0526089155623364 -3.72964261656646
"H2A1" -1.56884627420626 1.14609188733564 -2.46407042951834 0.0174461442353249 0.0526089155623364 -3.74386886224027
"H2AJ" -1.56884627420626 1.14609188733564 -2.46407042951834 0.0174461442353249 0.0526089155623364 -3.74386886224027
"H2AC20" -1.56884627420626 1.14609188733564 -2.46407042951834 0.0174461442353249 0.0526089155623364 -3.74386886224027
"H2AZ1" -1.56884627420626 0.791597280724162 -2.44887931049683 0.0181101553361 0.0541911571210992 -3.77696299997677
"TLN2" 1.443703011042 1.10544850568922 2.43473849162665 0.0187486942599701 0.0556736035658653 -3.80762745272525
"TRAP1" -1.41042806027961 0.747289114942391 -2.42696355937759 0.0191083717326635 0.0558846198296884 -3.82442905219509
"Q9BQe3" 2.1538978506887 1.17739584610662 2.4245306338752 0.0192221937231223 0.0558846198296884 -3.82967806343435
"KRT27" -2.56512779605776 0.96613086091488 -2.4239224350265 0.019250743077579 0.0558846198296884 -3.8309896099553
"PZP" 2.36992708987585 1.74957636782378 2.4149216180419 0.019677742594496 0.0567010508833995 -3.85036958229118
"APOD" -1.27757271345145 2.03025949694095 -2.40876631997748 0.0199746456179163 0.0571333613630106 -3.86359059279989
"HMGB2" -1.64154629506017 1.53454097001781 -2.40324271128191 0.0202445077311369 0.057212342683653 -3.87543249634155
"AMY1A" 1.2007600534275 0.931305959676543 2.39625582056984 0.0205905603488725 0.057212342683653 -3.89038121826508
"AMY1B" 1.2007600534275 0.931305959676543 2.39625582056984 0.0205905603488725 0.057212342683653 -3.89038121826508
"AMY1C" 1.2007600534275 0.931305959676543 2.39625582056984 0.0205905603488725 0.057212342683653 -3.89038121826508
"KNG2" -1.5282957596826 4.18853710619748 -2.33950929768572 0.0236041600700732 0.0651206969309111 -4.01053133921292
"LBP" -1.61041383441903 1.87657596517871 -2.28926667192458 0.0265958145831841 0.0728575484004127 -4.11501455302064
"HSP90AA1" 2.04198125850696 2.06333001962018 2.28164007812178 0.027078355219472 0.0735276720852908 -4.13071716147309
"KRT28" -2.48465976346182 1.28856412177471 -2.27944823924892 0.0272184698721899 0.0735276720852908 -4.13522227762443
"Q9NY65" 1.5466705620248 0.950188341295903 2.27174344215215 0.0277161413858921 0.0743557172352554 -4.15103134545433
"KRT76" 1.87650440133335 1.62000062950684 2.26031075820924 0.0284695313931646 0.0758537514516509 -4.17441065944943
"KRT25" -2.56512779605776 1.02313114472002 -2.17605857456628 0.0346053347153219 0.0915746612534709 -4.34376986158318
"P61224" 0.667780828303742 1.06500774225224 2.12060539285792 0.0392544467362413 0.103175539056742 -4.45238036696373
"P26038" 1.17140951159671 1.29594388763761 2.1073333599382 0.0404452287470297 0.105591905923453 -4.47803363061772
"SeRPIND1" 1.17482602440303 0.867886758831868 2.08087619433409 0.0429135987520759 0.11128926609705 -4.52877547085089
"KRT8" 1.49496417037099 1.48481870418941 2.06884119603289 0.0440792572791409 0.113555172725734 -4.55168158030342
"CPN1" 1.68981236444093 2.28334598915311 2.04293243032854 0.0466826175576119 0.119470646249415 -4.60061863634743
"HPX" 0.909367387821661 4.50017515274439 2.02908150901154 0.0481284115425058 0.122365699934868 -4.62656961140574
"LGALS3BP" 0.957637142039684 0.833459978619394 2.02069071097291 0.0490230196369398 0.123830874277724 -4.64221875490361
"KRT10" -3.20392684231636 2.01517132558285 -1.95873074698633 0.0560857359318499 0.140174596197692 -4.75608746333165
"SPP2" -1.2949292716362 1.00746553062325 -1.95766935179405 0.0562139768813366 0.140174596197692 -4.7580119986732
"HBBF" 0.626379349178984 5.11778033064974 1.94440619620781 0.0578378329291516 0.143305203881783 -4.78198638865931
"IGFBP6" -0.89646697256598 0.737406371623844 -1.91779062396405 0.0612181236474367 0.150483610808434 -4.8296787116319
"ORM1" -0.90608713933528 3.90623180911046 -1.91556166012497 0.0615087252404652 0.150483610808434 -4.83364738561779
"SeRPINA3-7" -0.765920540947703 4.07790237558185 -1.91122766818714 0.0620771452233704 0.150925059324319 -4.84135279981434
"KRT80" -1.49198549228726 1.43445392804139 -1.90817637532529 0.0624800197438218 0.150961041492836 -4.84676876789339
"Q5XKe5" 1.17462261355025 1.49693522987368 1.88298872093378 0.0658916723892862 0.158221361477977 -4.89119353385443
"H1-3" -0.912780547959465 1.12736348218594 -1.86733482519763 0.0680908424994348 0.162499004492516 -4.91854812266214
"TGFBI" -1.47928324219436 2.48367420342353 -1.85824606954276 0.0693960519278139 0.164108564014524 -4.93434032627904
"CLU" -1.22327041739233 3.15427172728283 -1.85677677939382 0.0696090310087312 0.164108564014524 -4.93688707223858
"PFN1" 1.48335620091478 1.84309090327684 1.85167868273083 0.0703523187540208 0.164861759007916 -4.94571023911541
"KRT81" -1.68798400941006 0.813650693129048 -1.80826933136602 0.0769575722939003 0.178192012125028 -5.01998852780432
"SeRPINA3-4" 1.61471026253375 4.36803406739786 1.80676876616093 0.077194933262332 0.178192012125028 -5.0225288749672
"FABP1" -0.993369125437284 0.723699590153096 -1.80538075161309 0.0774150386867089 0.178192012125028 -5.02487705270996
"QSOX1" 0.548189885090321 0.978259002730328 1.79370450861423 0.079287576467775 0.181428630858615 -5.04456831031108
"H1-2" -0.912780547959465 1.09669133478812 -1.78592029579447 0.0805569461896854 0.18325527525022 -5.0576341713098
"P00747" 1.35660621289752 1.16782470389664 1.75316133555804 0.0860870408607315 0.194696854039678 -5.1120769600778
"C9" -1.15711599666459 2.64589591784853 -1.74395884411165 0.0876963156213656 0.197189981368273 -5.12721219253661
"HSPA6" 0.931259971073854 0.881838350545178 1.74060423391368 0.0882891441940183 0.197382052249845 -5.13271212397837
"F12AI" -1.03905018928829 4.17877512795676 -1.71866652971076 0.0922486887267296 0.205055656655416 -5.16845008546878
"ARF1" 0.694864356257405 0.8029556509391 1.70313995630939 0.0951391536271228 0.210279152050857 -5.19350286443193
"ADIPOQ" -0.76082043392423 2.9311360628011 -1.69549018978307 0.0965905557408664 0.212280938888119 -5.20577237827143
"APOe" -0.944495388963661 3.52932592597854 -1.69091199242087 0.0974678949168059 0.213005680464256 -5.21309206060184
"LDHA" 1.34976885983859 1.66580828478678 1.66396844238898 0.102765267717992 0.223327872303347 -5.25581496852375
"eHD3" 0.548189885090322 1.05773225180497 1.65464152495095 0.104653230239086 0.225135833923031 -5.2704624154177
"LUM" -0.880824198154452 3.21823144904628 -1.65414406585541 0.104754719640279 0.225135833923031 -5.27124159652829
"COL1A1" 1.20076061336591 1.32880881656069 1.64496524512982 0.106641856029754 0.227932318657001 -5.28558122595556
"KRT72" -1.63337938186253 1.86530528201292 -1.64023148439645 0.107625919053208 0.22794371109242 -5.29294882189102
"APOA4" -1.12551144872274 2.32307816207925 -1.63930620051253 0.107819133267366 0.22794371109242 -5.29438672095234
"SeRPINF1" -0.547314365820107 4.44950328492584 -1.63320781880786 0.109099674202156 0.229116961903826 -5.30384558935677
"ARF3" 0.694864356257405 0.811710042282273 1.63106732265914 0.109552069187948 0.229116961903826 -5.30715815247535
"H4" -0.904096097609204 1.62809441033654 -1.62406116566606 0.111043536684174 0.230994308931249 -5.31797357698965
"TG" 1.16992169640111 0.984270444492584 1.60576427378112 0.115016689543395 0.237986660810536 -5.34602253502581
"C5" 1.13691675754541 0.94545995618737 1.57696996445295 0.121502321154651 0.250076205974388 -5.38958772014159
"GFAP" -1.17772826684005 1.17734737471369 -1.5735294599817 0.12229663319689 0.250386264808369 -5.39474584006042
"P15311" 0.73173777159388 0.943878802764833 1.55754860004989 0.126041205521736 0.256701722240603 -5.41857210480377
"Q0VCM4" 0.959751074554535 1.13011134261554 1.53852478441192 0.130618354799994 0.263413854273361 -5.44664957188759
"GAPDH" -0.751681496498521 3.11524845379032 -1.53822640164239 0.130691192480099 0.263413854273361 -5.4470874798247
"MYH10" -1.3189856820519 1.68204094622377 -1.51156320070138 0.137332207912913 0.275372313804758 -5.48590852745669
"TPI1" -0.724778056204463 1.21743964433329 -1.49932495613392 0.140469037042072 0.280217720048031 -5.50352133065671
"CATHL4" -0.806803220626723 1.03048592688038 -1.48392265605632 0.144497377878827 0.286783061198284 -5.5255030251468
"PROC" -0.933319889646413 1.6725020153346 -1.43261525863706 0.158578105222045 0.313131385438455 -5.59723505348995
"KRT74" -1.43064796549729 1.00583262753999 -1.41432038929955 0.16385072753182 0.321908752575142 -5.62225465775521
"FGG" 1.2941778307712 1.93986478329212 1.39176591472821 0.1705374606977 0.333362171916609 -5.65269345824767
"F11" -0.726449853681473 0.873681843585717 -1.37875646993171 0.174489242375882 0.33938157642109 -5.67004598101113
"K2C4" -1.49081630833791 1.19799091914634 -1.37372832110267 0.176035378962495 0.340685385156272 -5.67671252269025
"HBA" 0.49805921107036 4.58751823349648 1.36656241536985 0.178257059087622 0.343277207846955 -5.68617460215269
"HSPA2" -1.04910758049291 0.839082397910449 -1.34062412593564 0.186479108949095 0.357341740794078 -5.72004223382528
"eNO3" -1.17772826684005 0.933274938181608 -1.33157047731183 0.189416100520245 0.361190505403801 -5.73172227443325
"APOC3" -0.806803220626724 1.26793116509266 -1.31792456845353 0.193909110606018 0.367954361101175 -5.74918820057536
"ANXA2" 0.648565392347366 1.17048389688045 1.307350611357 0.197445838798505 0.372846753847662 -5.76260744745826
"RBP4" 1.05665996409964 1.86564983922821 1.2917627545782 0.202748143403524 0.38100979605783 -5.78220659185677
"LDHB" 0.984394043968999 1.6409401660241 1.27436466162503 0.208791846954898 0.390480906083919 -5.80382341914331
"AOCX" 0.943945805143867 0.823072621196081 1.2696085669113 0.210467231702524 0.391730876231013 -5.80968524457343
"HBD" 0.7595352559932 0.958828187301187 1.21591868570446 0.230080674555887 0.426197059058286 -5.87443572308426
"CRYZL1" -1.03068759656815 0.862178149099808 -1.20025348844799 0.236048738536895 0.43517990185238 -5.89283394001713
"P68133" 1.12648179943468 1.28977698708408 1.16813280311666 0.248637703176953 0.456226728942617 -5.9298567224871
"MSN" 1.13961528597607 1.42360330958695 1.16084656708164 0.251559639992696 0.459421126559431 -5.93812329277064
"CDH5" -0.747403029477514 1.06888632862755 -1.15395581331441 0.254345649179647 0.462338586592909 -5.94589627281659
"Q3SWY2" 0.650194689290996 1.08367909387548 1.1462071591889 0.257504904277516 0.465904222157923 -5.95458479983276
"TUBB2B" -1.05078521119228 0.92920761844114 -1.11661690747308 0.269827533606164 0.485939400799989 -5.98725475399872
"KRT6C" 1.04218358480735 2.32059859033938 1.10908695109947 0.27302892528175 0.488070587481577 -5.99543925206978
"GDI2" 0.486644790736785 0.954614465279186 1.10793677649488 0.273520277817439 0.488070587481577 -5.9966847836839
"HSP90AB1" -0.839899711715223 1.71077618304505 -1.09932776008527 0.277217848023047 0.491064385171989 -6.00596861608167
"THBS4" -0.771339115110304 2.68668185264539 -1.09610284147521 0.278611959050557 0.491064385171989 -6.00942862598605
"Q7RTS7" 0.68656949729678 1.27703309365531 1.09524144960168 0.278985164840642 0.491064385171989 -6.01035117904217
"DDBX" 0.607712326324223 1.17015546864944 1.08424330897444 0.283781064290186 0.497256009049019 -6.0220696675025
"P35900" 0.37466429045751 1.05611255282155 1.06759444347931 0.291150146982304 0.507880749668683 -6.03959502399531
"PPIA" 0.637881977663895 1.38578062735525 1.0603172409332 0.294412526978672 0.511278897297783 -6.0471742726476
"C4" 0.444213528537359 4.65920312784159 1.05084930173673 0.298694749934084 0.516410034330484 -6.05696125661041
"FTL" 0.493987646201281 0.818609137257954 1.04221220478876 0.302638457839589 0.520913097785842 -6.06581639796469
"P34931" 0.512458977164552 0.857992294258848 1.03635749588321 0.305331964459097 0.523234071253695 -6.07177925706606
"F5" -0.847973936824281 4.70170584827196 -1.02504019373522 0.310584989133299 0.529901582337076 -6.08321468614511
"Q86Y46" 0.735797809412476 1.1857206287167 1.01420559057716 0.315671330426445 0.536227718497323 -6.09404994162218
"P08727" 0.735116476552835 1.416951926209 1.00940748364151 0.317941759492521 0.537736280185176 -6.09881315702291
"B4GALT1" -0.522548423756062 0.74343284348161 -0.987969812652512 0.328220539629472 0.550980818600916 -6.11983071355164
"TUBA1D" -1.13863667782704 1.84952967490154 -0.98717569142819 0.32860552677484 0.550980818600916 -6.12060096884943
"P06733" 0.465662961300567 1.16215827316113 0.966794646721677 0.338589554467616 0.565284706815033 -6.14016614842781
"C4BPA" -0.640130755039188 1.20731446658283 -0.959324934090857 0.342298554740237 0.569034776897231 -6.14723870304661
"Q32LP2" -0.624971481958198 0.975408792624857 -0.947233612173741 0.348358986178814 0.576645300525782 -6.15857537760607
"KRT15" 0.881021572119581 1.05196784790562 0.941532946375256 0.351240554020624 0.578951591161114 -6.16387227491692
"H4C1" 0.409712985583748 1.01386474095244 0.929372443516932 0.357439372915324 0.58655654357713 -6.17506860416328
"TUBB4A" -0.841134264011802 0.896577065405481 -0.926585310793758 0.358870070363385 0.58655654357713 -6.17761500560973
"CHIA" -0.575425908405885 2.4685420252052 -0.923500719758676 0.36045778540284 0.586686521011316 -6.1804245821015
"VNN1" -0.558673267883793 2.81274626416241 -0.911814408301437 0.366514214819782 0.59238597756971 -6.19098703524985
"P05452" -0.39304185424612 0.807739349953079 -0.910139275110686 0.367387690310864 0.59238597756971 -6.19249044195376
"CPB2" 0.649046063309993 2.51229027992346 0.905941277687403 0.369582554350533 0.59238597756971 -6.19624636238557
"YWHAB" 0.459458136312278 0.834450549216714 0.904651102663595 0.370258790924544 0.59238597756971 -6.19739730699804
"DSP" 0.736624511136717 1.47603450015398 0.902146692019311 0.371573723719818 0.59238597756971 -6.1996269323207
"GSTA2" 0.667780828303742 1.55368427847348 0.898646009019541 0.373416749598754 0.59289434936292 -6.20273351791818
"P02649" 0.433619506170124 0.800040951030369 0.874603340291795 0.386231969262547 0.610694928892458 -6.22375413452775
"FN1" 0.778063460135506 3.71655401057699 0.871379718091077 0.387971063503769 0.610694928892458 -6.22653065076404
"P23528" 0.300285904829494 0.892579134525166 0.868852972452197 0.389337641041978 0.610694928892458 -6.22870000893887
"GGH" -0.404903334564718 0.733620435019389 -0.852533979071663 0.398236312089785 0.622144278726612 -6.2425638819221
"SeRPINA6" -0.713044094615227 1.96343800635878 -0.841354274300248 0.404404959263316 0.62925411661372 -6.2519146092824
"GPLD1" 0.61772031280883 1.3278744502177 0.834694990049816 0.408107252804131 0.629926515819408 -6.25742755809537
"GSN" -0.288655750690808 4.70798588107988 -0.831103968143076 0.410112338103386 0.629926515819408 -6.26038277690936
"P02765" 0.77743956553664 1.23196355966353 0.829614573578554 0.410945727544333 0.629926515819408 -6.26160484092499
"RAP1A" -0.523396472108365 0.740491933861778 -0.828956136785331 0.411314485907788 0.629926515819408 -6.26214441708382
"CD14" -0.518762300338992 1.00797114158891 -0.792478128325328 0.432059288594166 0.659102208875022 -6.29138690070126
"SeRPINA3-8" -0.59844043293232 2.79758284602325 -0.775378746184713 0.441995281256844 0.670976567186958 -6.30465378916568
"P00734" 0.638096673152867 1.13249756310267 0.773162317532814 0.443293001971846 0.670976567186958 -6.30635281116817
"KRT4" 0.38011087747178 0.990790724299546 0.764875146254469 0.448165013257187 0.675721667275372 -6.31266341358352
"SYNCRIP" 0.365129129473798 1.12831937205131 0.761827515643628 0.44996457552977 0.675815520776373 -6.31496748068037
"TUBA8" 0.551211684977373 0.761675413084207 0.727515773657398 0.470514523785178 0.701499894399244 -6.34028812768237
"P36955" -0.39304185424612 0.913183336911223 -0.724669158718148 0.472243131726423 0.701499894399244 -6.34233761109639
"AZGP1" -0.39304185424612 0.821127098909867 -0.72428694258854 0.472475507281753 0.701499894399244 -6.34261219797317
"Q9BUF5" 0.388737975361917 0.772245621082417 0.718925191628668 0.475742128044067 0.703193789461152 -6.34644918987067
"eZR" 0.503186848840758 1.35680174757089 0.716487045166034 0.477231774852813 0.703193789461152 -6.3481847622645
"F2" 0.42246707366666 4.54461174228961 0.692886035823603 0.491786781403474 0.721905879116798 -6.3646866549313
"HMGB1" -0.446927429195139 1.48550073254135 -0.685071018875049 0.496660059680623 0.725158739236767 -6.37003165319074
"HP20" 0.313796655360183 0.816240202931749 0.6833591808028 0.497731062663796 0.725158739236767 -6.37119451546903
"PROS1" -0.690271950691548 2.09391382770784 -0.677341409476058 0.50150610159208 0.726263687112166 -6.37525979301438
"P12259" 0.399114356831258 0.921348733982136 0.672113763133882 0.504798143520885 0.726263687112166 -6.37876269136433
"FeTUB" -0.253295672266589 4.59737110107439 -0.671069122504745 0.505457398964557 0.726263687112166 -6.37945948518963
"P08729" -0.39304185424612 0.884330985275087 -0.670277201836373 0.505957478682254 0.726263687112166 -6.3799870020027
"TUBB5" -0.603847697846734 2.13253707445975 -0.656941552713965 0.514418845525822 0.73506448554314 -6.38877839519363
"GPI" 0.341516529031566 1.13820514753854 0.654669660916765 0.51586787802899 0.73506448554314 -6.39025883264333
"SeRPINA3-2" 0.357400232534705 4.76093658631639 0.642243378302344 0.523831979167403 0.74142982938732 -6.39826709515839
"TUBB4B" 0.581713982369546 2.09910667943565 0.641753845892148 0.524147051623426 0.74142982938732 -6.39857949422686
"P0DMV8" -0.39304185424612 1.01534727561345 -0.63384312080952 0.529252411771721 0.743246166711911 -6.40359533678773
"P0DMV9" -0.39304185424612 1.01534727561345 -0.63384312080952 0.529252411771721 0.743246166711911 -6.40359533678773
"P05786" -0.710666384738339 1.65283958906743 -0.62853459716829 0.532692966408717 0.74538692062227 -6.4069269565423
"P26583" 0.349544109389488 1.24120552866906 0.624674242778518 0.535202252043193 0.746213892633699 -6.40933240879588
"PRDX6" 0.354838071944918 0.949518417498619 0.621543960529827 0.537241486655223 0.746381922531721 -6.41127224215979
"COL1A2" 0.352171100752265 1.39275872210061 0.608469541230428 0.545802220452968 0.749732971183732 -6.41927081039512
"LYZ" -0.235036899473162 0.816234948298071 -0.608211832700115 0.545971659477709 0.749732971183732 -6.4194267879251
"Q8N1N4" -0.39304185424612 1.04438723187023 -0.606174083414107 0.547312392554272 0.749732971183732 -6.42065784121793
"SeRPINB3" -0.39304185424612 0.93675025011604 -0.606097384922341 0.547362888987609 0.749732971183732 -6.42070409721641
"ITIH3" 0.451005958785433 4.77000855321383 0.600992072540638 0.550729443185777 0.751697380348306 -6.4237700982308
"BPT2" -0.32486683147192 0.757961507238932 -0.589098363430688 0.558612984392707 0.759554925792843 -6.43081382546636
"FAP" -0.280264327806845 0.71726928331621 -0.586426973570816 0.560391423399861 0.759554925792843 -6.43237681177259
"ILK" 0.309970833743568 0.777665343783164 0.578246538223403 0.565854976660313 0.764297173336325 -6.43711951127955
"SeRPINF2" -0.247700878196724 4.39142943819755 -0.57024038235486 0.571227570258992 0.768884168964525 -6.44169758129916
"P02647" 0.411968329878091 1.00542398438452 0.565535566236698 0.574396420741415 0.770483474718656 -6.44435852381593
"ACTB" -0.157885278617576 4.64889836020568 -0.549406679118203 0.585324474654582 0.779764454248741 -6.45331559053738
"ACTG1" -0.157885278617576 4.64889836020568 -0.549406679118203 0.585324474654582 0.779764454248741 -6.45331559053738
"KRT77" 0.424202180874535 1.25641552382787 0.535200535479178 0.595031604421071 0.787271227609454 -6.46099298048176
"KRT31" -0.39304185424612 0.79207591293003 -0.531022314008272 0.597900978953366 0.787271227609454 -6.46321320603699
"KRT84" -0.39304185424612 0.773961847807489 -0.529918619439509 0.598660017929373 0.787271227609454 -6.46379681780377
"GC" 0.165703645071904 5.06743320271011 0.525862684374332 0.601453255526117 0.787271227609454 -6.46593121065312
"AFP" 0.166684725229941 5.71185561573929 0.524477294425069 0.602408733627475 0.787271227609454 -6.466656544798
"P63267" -0.39304185424612 0.87805768071294 -0.522244800697417 0.60394992685828 0.787271227609454 -6.46782140965772
"TUBB6" 0.418086607311034 0.943824000293477 0.518294073248131 0.606681766316924 0.787271227609454 -6.4698707750728
"COL2A1" -0.240010297379191 0.758061130802922 -0.517617681497633 0.607150046999579 0.787271227609454 -6.47022009837975
"Q14624" -0.39304185424612 0.847102710185448 -0.50944727918549 0.61281970216721 0.791517425569318 -6.47440408543243
"eeF1A1" -0.330433889563547 3.0991127531867 -0.501326825510322 0.618478496645459 0.791517425569318 -6.47849726630296
"TUBB3" -0.507693154544449 1.6240475161786 -0.500637372893156 0.618960030406576 0.791517425569318 -6.47884179448011
"FGA" -0.328804691165304 3.23023216956481 -0.499374665512172 0.619842379705569 0.791517425569318 -6.47947156915819
"P02774" -0.39304185424612 0.984024814349377 -0.498293250727243 0.620598495626329 0.791517425569318 -6.4800096735039
"TUBA4A" 0.414766393768327 3.02607971102588 0.49491034040512 0.622966467797229 0.791941032591902 -6.48168553337486
"RNASe4" -0.276219780230364 0.913827514006548 -0.480266358635114 0.633263205696318 0.802408426761784 -6.48880969699952
"HSPA1B" -0.364363226994904 2.44510387229831 -0.472738885570273 0.638584904779194 0.803914329964746 -6.49238931090516
"HSPA1A" -0.364363226994904 2.44510387229831 -0.472738885570273 0.638584904779194 0.803914329964746 -6.49238931090516
"HSPA8" 0.389618481352521 2.20683238143488 0.468166423913337 0.641826928091127 0.80455057998433 -6.4945363568401
"A1BG" -0.164028041490784 4.21514638674972 -0.464252918302308 0.644607341319301 0.80455057998433 -6.49635756572948
"P62736" -0.39304185424612 0.819421742950362 -0.462940571791005 0.645540871599361 0.80455057998433 -6.4969648949496
"HP" -0.39304185424612 0.825622886483792 -0.460380925163846 0.647363320141633 0.80455057998433 -6.49814454987494
"ITIH4" 0.184572140195842 5.57714384362311 0.442030118627111 0.660492356964782 0.818253270252548 -6.50641197173408
"HSPA1L" -0.330463710013243 1.4491341242286 -0.431803250686903 0.667856566647546 0.823103091378128 -6.51087470667804
"CORO1A" -0.178131631048452 0.712513251951128 -0.427212147743928 0.671173369502608 0.823103091378128 -6.51284444289691
"CAP1" 0.338502113424593 1.40666138507366 0.424893296031915 0.672851125549845 0.823103091378128 -6.51383136780674
"AMBP" -0.207420503615135 3.38053727812444 -0.424865968842439 0.672870907604742 0.823103091378128 -6.51384296673938
"PGK1" 0.30837682945368 1.51916776793932 0.415650586408914 0.679555137583497 0.827274824663007 -6.51771218426077
"SeRPINB12" -0.163447196253646 0.756539404534591 -0.409910907771096 0.683731543177443 0.827274824663007 -6.52007951507154
"P02751" -0.39304185424612 0.834444741245757 -0.408021841323517 0.685108294130412 0.827274824663007 -6.52085151309922
"C4B" -0.39304185424612 0.825451840140098 -0.405999715422657 0.686583215806528 0.827274824663007 -6.52167396478726
"CNTN1" 0.222029938476064 0.80892075336057 0.405545657340236 0.68691457163535 0.827274824663007 -6.52185808435475
"UBB" 0.135722720686742 0.754972106198902 0.383607589336168 0.70299711009073 0.840112209106091 -6.53051011886312
"P0CG48" 0.135722720686742 0.754972106198902 0.383607589336168 0.70299711009073 0.840112209106091 -6.53051011886312
"SeRPINA7" -0.213482879242442 3.67551016269991 -0.382174056069651 0.704052905317701 0.840112209106091 -6.53105884728271
"APOA1" -0.153389074238421 5.73016030923517 -0.367262957762502 0.715069489175236 0.844889808760588 -6.53664543960551
"P62979" 0.135722720686742 0.826696115854738 0.367139126066193 0.715161239129725 0.844889808760588 -6.53669090916015
"IGKC" -0.276219780230364 0.881565498792972 -0.366832441089641 0.715388487869319 0.844889808760588 -6.53680345467612
"AHSG" 0.116726409830464 6.33992813471078 0.36500306381635 0.716744567843172 0.844889808760588 -6.53747284670938
"C3" 0.141560423796111 6.67762398894577 0.358110599911119 0.721862062292253 0.848351487104793 -6.53996499840481
"SeRPINA3-5" -0.29011384216157 4.180000474502 -0.352794374288744 0.725818046657574 0.850431385993363 -6.54185494451077
"P62987" 0.135722720686742 0.778036181657141 0.338769234938123 0.736290672133855 0.857986098520356 -6.54670600775997
"P05109" -0.166861876698962 0.857391557633852 -0.338253157116346 0.736677010040614 0.857986098520356 -6.54688077617085
"S100A9" -0.166861876698962 0.904075742037082 -0.322587169596539 0.748436901450023 0.867792197215794 -6.55205981517326
"ACTN1" 0.224884667096103 0.903885631692904 0.321097561229005 0.749558298880481 0.867792197215794 -6.55253954110706
"PLG" 0.183723461614605 5.15979702787067 0.300799136122403 0.764892759821498 0.882917755402263 -6.55885626880309
"A2M" 0.100814496170794 6.92086440788217 0.287675258819351 0.774858525269509 0.891775048313133 -6.56272168881974
"AFM" 0.187241235518687 3.70682550964005 0.282523269663224 0.778781339856193 0.893645844259761 -6.56419216496412
"RPS4" -0.166861876698962 0.819531956561856 -0.274619952961748 0.784810352612096 0.895890694448099 -6.56639644931021
"P00558" 0.127226422861486 0.941550110779888 0.27392155421156 0.785343770711572 0.895890694448099 -6.56658823967135
"RAP1B" 0.164355709983882 1.4255291648707 0.267584247063932 0.790188760795791 0.898781953068897 -6.56830630467348
"P09429" 0.148282496519619 1.26815882585194 0.262607496842322 0.793999466819749 0.899742650640224 -6.56962741473386
"P02787" 0.229863478319805 0.998359047154502 0.253231746952558 0.801192228310877 0.899742650640224 -6.57204908858623
"APCS" 0.173853567893445 0.844120548981667 0.248356226913218 0.804939493706078 0.899742650640224 -6.57327369768669
"SeRPINC1" 0.14659953625229 5.03021048165686 0.245567370627771 0.807085062135066 0.899742650640224 -6.57396351369326
"SeRPINA3-6" -0.283984486008763 3.86773204855871 -0.244007646069185 0.808285669609322 0.899742650640224 -6.57434591957235
"YWHAe" -0.133732141543566 0.998097233620771 -0.243795033641082 0.80844936548426 0.899742650640224 -6.57439785865813
"H2BC18" 0.0956299988576608 0.923136078527918 0.239662469278865 0.811632845310177 0.899742650640224 -6.57539843277311
"CATHL1" 0.10640643462904 0.722043678629876 0.234485723304678 0.815625233773157 0.899742650640224 -6.5766277477643
"P14923" -0.172563164114785 1.10005277187694 -0.231666463263633 0.817801578806581 0.899742650640224 -6.57728597033356
"AHCY" 0.1676093810103 2.09580206176725 0.230831809314039 0.818446174051699 0.899742650640224 -6.57747931600503
"HSPA5" 0.115467524353068 0.931138588922949 0.230693375163437 0.818553097680638 0.899742650640224 -6.5775113166434
"C7" 0.171087476355829 3.25915321358906 0.230388043550712 0.818788941713726 0.899742650640224 -6.57758182983136
"TBA1B" 0.182574027859767 2.90659736747237 0.217245808407444 0.828956017910945 0.908348988640444 -6.58052856686128
"AGT" -0.0866323963861175 5.18031301631619 -0.211414814329385 0.833476582599618 0.910737052334976 -6.5817806834053
"TF" 0.0678458490747493 6.50277193165561 0.206653163074514 0.837172350150681 0.912213008987717 -6.58277795655048
"FMOD" 0.118160769464935 1.14447821963996 0.2020433425112 0.840753811526819 0.912570802465211 -6.58372182782245
"TAGLN2" -0.159282178366991 1.83077279292619 -0.200192678362202 0.842192591478177 0.912570802465211 -6.58409477620769
"C1S" -0.0889974818225483 0.797910518051992 -0.189654591235993 0.850395544480011 0.915343065892575 -6.58615312618502
"GSTA1" -0.110873129540132 1.25008334825289 -0.186571438143278 0.852798708375199 0.915343065892575 -6.586734334201
"PGLYRP1" 0.139050810200879 1.5938618371208 0.181418501977256 0.856818303659079 0.915343065892575 -6.58768448540243
"H2B1" 0.0956299988576608 0.994790927341528 0.175878760010982 0.861143906902689 0.915343065892575 -6.58867632040576
"H2BC12" 0.0956299988576608 1.06456876744601 0.17448525989948 0.862232677785965 0.915343065892575 -6.58892097777367
"RAC1" 0.081942173602361 0.753457032582295 0.174294369695283 0.8623818453987 0.915343065892575 -6.58895434108516
"PeBP1" 0.0819421736023612 0.80566044467276 0.173601910460751 0.86292299731016 0.915343065892575 -6.58907506125435
"P63000" 0.0819421736023611 0.746602443699595 0.172766962091598 0.863575591728985 0.915343065892575 -6.58921998408376
"ITIH1" 0.123343377644342 3.87981031137867 0.158288488000188 0.874906834722878 0.924833583443477 -6.59162205444396
"YWHAZ" -0.0872620239140145 1.68859588819734 -0.154492545397263 0.877882128370752 0.925463815545319 -6.59221710013553
"F9" 0.0860924525648326 1.31060263913142 0.144259194213528 0.885911875252467 0.930381106915248 -6.59374938149667
"LIMS1" 0.0408746562119656 0.815161218650176 0.141334934385355 0.888208699346428 0.930381106915248 -6.5941679761795
"FGB" -0.113289752257774 2.98846075906545 -0.139409194966492 0.889721778335404 0.930381106915248 -6.59443895986093
"ACTC1" -0.159107507659001 3.26018247841033 -0.135521117341148 0.892777950618682 0.931074055739055 -6.59497475657463
"Q14CN4" -0.0726561494693763 1.17514041604347 -0.124863816044441 0.901163275206741 0.935046101504199 -6.59636574539418
"FHL1" -0.04662512223789 0.837231346343477 -0.12457071530012 0.901394056719986 0.935046101504199 -6.59640239315266
"SeRPINA1" -0.0387746230263701 6.35969402538638 -0.118469761340172 0.906199746015526 0.937531120212872 -6.59714568194024
"P62826" 0.0356252759097071 0.922613212676283 0.114523333676183 0.909310227117569 0.938253788723434 -6.59760661695954
"COMP" -0.0795872458775921 2.11594427770156 -0.105091020531397 0.916750278074779 0.943428196219813 -6.59864506671261
"CFB" 0.0614378008454466 4.64449267391141 0.0930231968392589 0.926280070117607 0.950720177508573 -6.59984366074635
"RAN" 0.0356252759097072 0.88421758480203 0.0868838573664664 0.931132503645313 0.951614724768881 -6.60039741078458
"Q02413" -0.0519709331293635 1.12524440089699 -0.0825497754778419 0.934559693926179 0.951614724768881 -6.60076558155034
"O95678" -0.0726561494693762 1.53894183147187 -0.08130663841912 0.935542942835885 0.951614724768881 -6.60086770828127
"eNO1" -0.0627370248692003 3.04866362792199 -0.0795445030058124 0.936936862690184 0.951614724768881 -6.60100981764198
"IQGAP1" 0.0389696265714689 0.948345697714533 0.0579229565986351 0.954055273087603 0.966477867789264 -6.60250007478169
"THBS1" 0.0230373111983502 3.8930104496408 0.0446381621921281 0.964584617586088 0.973780999372507 -6.60318325062419
"CLIC1" -0.0171208164688645 0.811425802114727 -0.0425111241161941 0.966271120199968 0.973780999372507 -6.60327619888839
"ATIC" -0.00448112669517575 0.705165706461896 -0.00976171856141615 0.992252668521606 0.997380589289159 -6.60413460072254
"CFL1" -0.00223372295968732 1.04426362624368 -0.00493134873024675 0.996086216322592 0.998653448838887 -6.60417018943885
"ALB" 1.77635683940025e-15 7.89886994691184 7.79204079449484e-15 0.999999999999994 0.999999999999994 -6.60418238358375
