"logFC" "AveExpr" "t" "P.Value" "adj.P.Val" "B"
"COL6A1" -2.62396077799888 1.0531367631725 -6.54469543632047 3.99499324614268e-08 1.5540523727495e-05 8.51856791637497
"TUBB1" -2.69321323186553 1.42581639624191 -6.04161316745463 2.31878283619613e-07 4.51003261640148e-05 6.87691432443408
"TLN2" 4.01467919318725 1.10544850568922 5.52814819911997 1.37863624383551e-06 0.000178763166284005 5.21179301598013
"P68366" -2.56465798920125 1.95366699123422 -4.84501472608122 1.41470558472296e-05 0.00137580118114308 3.03961121663458
"P11142" -2.72974120778068 1.4286386572736 -4.68028094245366 2.45261821909324e-05 0.00190813697445454 2.52749162438566
"KRT15" -4.86144218374117 1.05196784790562 -4.24197861493244 0.000102985982312609 0.00667692451993414 1.19588965833269
"FBLN1" -2.58059649698845 1.37059447289955 -4.19203520724937 0.000120904620736322 0.00671884249520416 1.04746943765366
"AMY2B" -2.31058483140717 0.923538375654455 -3.99341796028674 0.000227188393294349 0.0110470356239377 0.464949745713477
"AMY1A" -2.31058483140717 0.931305959676543 -3.76489820033376 0.000462256342232223 0.016347065193485 -0.188527399127541
"AMY1B" -2.31058483140717 0.931305959676543 -3.76489820033376 0.000462256342232223 0.016347065193485 -0.188527399127541
"AMY1C" -2.31058483140717 0.931305959676543 -3.76489820033376 0.000462256342232223 0.016347065193485 -0.188527399127541
"IGKC" 3.31662524134159 0.881565498792972 3.5963647525265 0.00077148376951612 0.0250089321951476 -0.657691434199809
"P63000" -1.70347536264003 0.746602443699595 -2.93253662010021 0.00517878465355721 0.154965171556443 -2.38014334150897
"KRT8" 2.50168063282005 1.48481870418941 2.82671880656658 0.00688339955957197 0.191260173476678 -2.63351655471983
"TUBA1B" -1.76728283363123 1.83936878995559 -2.6794741172115 0.010128728360709 0.262671688821053 -2.97516038870436
"KRT31" -2.39387663902432 0.79207591293003 -2.64076714439656 0.0111896127177164 0.27204745919948 -3.06278444619764
"P68032" 2.11208393843999 2.03404680916652 2.49256000265941 0.0162599540573387 0.372066007547339 -3.38954815082842
"P12259" -1.78198871598417 0.921348733982136 -2.45021818306173 0.0180507277221735 0.390096282440305 -3.48028941353413
"P15311" 1.37608178512733 0.943878802764833 2.3915791031011 0.0208251572832953 0.426367693852731 -3.60398652206735
"P02787" -2.56326293470188 0.998359047154502 -2.30566233412721 0.0255843172202666 0.490181292934629 -3.78101059718238
"P63267" 2.11208393843999 0.87805768071294 2.29139979229622 0.0264622291815609 0.490181292934629 -3.80990453092908
"eHD3" 0.878202810579213 1.05773225180497 2.16432309856685 0.0355466307798292 0.628529062425162 -4.06100759804024
"P61224" -0.794331042458235 1.06500774225224 -2.0595949609677 0.0449934527621199 0.734564453762039 -4.25918003835515
"MYH9" -1.62412421332402 2.01663136304521 -2.05633013851117 0.0453201719544703 0.734564453762039 -4.26522773353938
"P26038" 1.37608178512733 1.29594388763761 2.02126433456027 0.0489614056590236 0.761839472054408 -4.32968023068718
"P68371" -1.3680721134829 1.62509992330438 -1.98576467924531 0.0529031624943143 0.791512700395703 -4.39398706014293
"APOB" -1.97614111642801 1.74147644688934 -1.96409659009803 0.0554412605311491 0.798764827652481 -4.43276819167012
"eDIL3" -1.20516832890391 1.05310899536172 -1.93881566215079 0.0585342645597711 0.813208175491105 -4.47756183853756
"TUBA1A" -1.76728283363123 1.4003424540644 -1.88145159721849 0.0661049100266955 0.886717586220157 -4.57737335999477
"ILK" -1.22291392489567 0.777665343783164 -1.86269809616284 0.0687540833066958 0.891511280210156 -4.60944868628439
"KRT84" -1.64778566266104 0.773961847807489 -1.81395065840794 0.0760644494684113 0.954486156232645 -4.69153183669052
"P68133" 2.11208393843999 1.28977698708408 1.78827203458161 0.0801716649401367 0.974586801928537 -4.73401420835676
"P07900" -1.20516832890391 1.43066996680378 -1.66175307016925 0.103211154774845 0.996087124653971 -4.93558373360069
"P23528" 0.662035664025244 0.892579134525166 1.56403727814936 0.124509833176506 0.996087124653971 -5.0822892172603
"P08238" -1.20516832890391 1.23310560991947 -1.55796564332465 0.125942327228422 0.996087124653971 -5.0911424572556
"P02751" -1.62412421332402 0.834444741245757 -1.37663314877533 0.175140874394226 0.996087124653971 -5.34112434291179
"P19823" -0.700048204482379 1.84784059236717 -1.30892075969014 0.196917603205756 0.996087124653971 -5.42719654221296
"P36955" -0.853932978756916 0.913183336911223 -1.2855208806612 0.204901123449765 0.996087124653971 -5.45600617325691
"H2BC18" 0.588814984860224 0.923136078527918 1.20486698255543 0.234279480710034 0.996087124653971 -5.55158983510124
"Q14624" -1.12719933637345 0.847102710185448 -1.19293159755621 0.238876648132516 0.996087124653971 -5.56524209153312
"P02788" -0.573628027829111 1.35017089856469 -1.08798065170296 0.28214491833611 0.996087124653971 -5.67976637463797
"P02768" -0.476523846633585 3.38571285078241 -0.965546608049141 0.33920739435723 0.996087124653971 -5.80068598546779
"P62826" 0.365767785000791 0.922613212676283 0.960053792917875 0.341935471784196 0.996087124653971 -5.8057872983852
"P05109" 0.555108007067655 0.857391557633852 0.918790714102701 0.362890905789715 0.996087124653971 -5.84321446703789
"Q02413" 0.700474303660156 1.12524440089699 0.908451947867494 0.368268876365254 0.996087124653971 -5.85234408075217
"SeRPINB12" 0.438151979019056 0.756539404534591 0.897203890301576 0.374177686480441 0.996087124653971 -5.86216346585062
"QSOX1" 0.323322627530591 0.978259002730328 0.863794335682286 0.392082649091945 0.996087124653971 -5.89063256975479
"P63261" -0.283442820166166 2.61637983050475 -0.856188708948302 0.396232489048372 0.996087124653971 -5.89696750118217
"P60709" -0.283442820166166 2.61637983050475 -0.856188708948302 0.396232489048372 0.996087124653971 -5.89696750118217
"VTN" 0.382993172528352 1.40921416454494 0.836133809829376 0.407305566676977 0.996087124653971 -5.9134115175895
"PKM" 0.411339253363602 1.51734925952507 0.802456214729096 0.426323492427759 0.996087124653971 -5.94017458338877
"FHL1" -0.319322565404971 0.837231346343477 -0.696594361793136 0.489483646246783 0.996087124653971 -6.01731651043629
"SYNCRIP" 0.396900952725523 1.12831937205131 0.676155654985927 0.502251784717208 0.996087124653971 -6.03098318143008
"DSP" 0.625831199039123 1.47603450015398 0.625810110769226 0.534463283444717 0.996087124653971 -6.06294430487434
"P14923" 0.564273002237307 1.10005277187694 0.618527075855036 0.539210654986878 0.996087124653971 -6.06736678249649
"P01023" -0.665155154066269 2.44612252397125 -0.602572170899308 0.549686368979202 0.996087124653971 -6.07687711707814
"P05452" 0.312978219852362 0.807739349953079 0.59174901317141 0.556851154905208 0.996087124653971 -6.08318929954945
"P00747" -0.529900409741759 1.16782470389664 -0.559135038250379 0.578721130881163 0.996087124653971 -6.10152845533915
"P06396" -0.506380286267643 2.02434651694114 -0.546300741800193 0.587440283388561 0.996087124653971 -6.10846423531485
"P02774" -0.527346705872106 0.984024814349377 -0.545879534777522 0.587727496705037 0.996087124653971 -6.10868916628691
"P02649" 0.32548094329493 0.800040951030369 0.536021559098848 0.594468533878301 0.996087124653971 -6.11390456490562
"HBD" 0.407880578163256 0.958828187301187 0.533143343919262 0.596443560511263 0.996087124653971 -6.11540959602767
"P02765" -0.546101319088932 1.23196355966353 -0.475814124161384 0.636408459741621 0.996087124653971 -6.14371805048915
"SeRPINB3" -0.371671265872467 0.93675025011604 -0.4679688736626 0.6419671571485 0.996087124653971 -6.14734429127737
"P07996" -0.361469205924572 2.00970292703318 -0.464992924510536 0.644081196863187 0.996087124653971 -6.14870421798061
"ANXA2" 0.278111334881357 1.17048389688045 0.457732093328489 0.649251567961016 0.996087124653971 -6.15198615227181
"P02771" -0.247610726213188 1.3284525812195 -0.455146585995088 0.651096920601228 0.996087124653971 -6.15314245944162
"KRT9" 0.197916197693133 2.91951637462526 0.448417934076216 0.655909689262214 0.996087124653971 -6.15612126255629
"P0DMV8" -0.338512876851338 1.01534727561345 -0.445730697882151 0.657835917505232 0.996087124653971 -6.1572986259168
"P0DMV9" -0.338512876851338 1.01534727561345 -0.445730697882151 0.657835917505232 0.996087124653971 -6.1572986259168
"P00558" 0.238769722904728 0.941550110779888 0.419742085952308 0.676584184082426 0.996087124653971 -6.16832290083392
"P08727" 0.374077751218715 1.416951926209 0.419398248554228 0.676833655088446 0.996087124653971 -6.1684643530512
"P04406" 0.256534386045832 1.55420244363732 0.401256384369388 0.690047790394167 0.996087124653971 -6.17576458577121
"P01008" 0.323941783093639 1.71175059502475 0.384416816205824 0.702401376462163 0.996087124653971 -6.1822539367593
"PZP" -0.447856296088442 1.74957636782378 -0.372615664600511 0.711107614741246 0.996087124653971 -6.1866369515234
"IQGAP1" -0.303398621017026 0.948345697714533 -0.368207347552547 0.714369907372935 0.996087124653971 -6.18823938305218
"H4C1" 0.192807450733389 1.01386474095244 0.357098680416427 0.722614478529193 0.996087124653971 -6.19219331717879
"UBB" 0.154199412058218 0.754972106198902 0.35585389364402 0.723540423871007 0.996087124653971 -6.19262887362983
"P0CG48" 0.154199412058218 0.754972106198902 0.35585389364402 0.723540423871007 0.996087124653971 -6.19262887362983
"KRT3" 0.237641527041159 1.68289539879105 0.342669550817721 0.733373111675685 0.996087124653971 -6.19714926957566
"P62979" 0.154199412058217 0.826696115854738 0.340576910237366 0.734937982422665 0.996087124653971 -6.19785114459192
"KRT6A" 0.332903157016004 2.57447632704768 0.340333591333451 0.735120009494255 0.996087124653971 -6.19793247655302
"LIMS1" -0.116068373998026 0.815161218650176 -0.327690370660953 0.744599317946878 0.996087124653971 -6.20207901982752
"P00734" 0.330666827017898 1.13249756310267 0.327136646471341 0.74501540158597 0.996087124653971 -6.20225705202488
"P09429" 0.218705437725276 1.26815882585194 0.316250471989194 0.753211025580223 0.996087124653971 -6.20569628239963
"P62987" 0.154199412058218 0.778036181657141 0.314259557555033 0.754713021329726 0.996087124653971 -6.20631273206299
"P01024" -0.254690135530232 2.31548225916967 -0.308913290397735 0.758751104547734 0.996087124653971 -6.20794892341788
"P08729" -0.219260841939872 0.884330985275087 -0.305303016901521 0.761481830714608 0.996087124653971 -6.20903801108829
"KRT16" -0.222784953385615 2.4557089568436 -0.298411530396452 0.766702883648622 0.996087124653971 -6.21108151929264
"P02647" 0.255578659462386 1.00542398438452 0.286467296952675 0.775777760589353 0.996087124653971 -6.21451321853936
"KRT77" -0.258394374801164 1.25641552382787 -0.266183461077061 0.791260825908498 0.996087124653971 -6.22002094998284
"AZGP1" 0.176222839736257 0.821127098909867 0.265148040350066 0.79205352778279 0.996087124653971 -6.22029129007792
"P06733" 0.131552077125725 1.16215827316113 0.223005010809269 0.824496841310812 0.996087124653971 -6.23040267571195
"HSPA6" 0.132788303065943 0.881838350545178 0.202648452302923 0.840283493925113 0.996087124653971 -6.23466286685319
"O95678" 0.220554255733608 1.53894183147187 0.201522452772996 0.841158716646263 0.996087124653971 -6.23488664381855
"LYZ" 0.0951267272288847 0.816234948298071 0.200990597610469 0.841572190308781 0.996087124653971 -6.23499190995075
"S100A9" 0.122998835413445 0.904075742037082 0.194153550141019 0.846891408936942 0.996087124653971 -6.23632038499624
"KRT14" 0.128784244297802 2.59721950884683 0.187517014925813 0.852061527421829 0.996087124653971 -6.23756600143988
"KRT13" -0.0920754415470464 1.66250528245446 -0.149554736003248 0.881755087010185 0.996087124653971 -6.24385964502845
"P13645" -0.0599464067184954 3.13597377247352 -0.14918078564493 0.882048514199556 0.996087124653971 -6.24391459785256
"TLN1" -0.0707229829692864 2.87545084798534 -0.138818632389348 0.890185874534025 0.996087124653971 -6.24538266396987
"KRT4" 0.0797087894547044 0.990790724299546 0.130960654062315 0.896364734913193 0.996087124653971 -6.24642557634
"ALB" 0.0357327753211193 7.89886994691184 0.127980005420477 0.89871018873156 0.996087124653971 -6.24680528739957
"KRT76" 0.109842712458888 1.62000062950684 0.108029952227064 0.914431258569555 0.996087124653971 -6.24912184334852
"ACTB" 0.0357327753211193 4.64889836020568 0.101525097698236 0.919565016943319 0.996087124653971 -6.24979255083229
"ACTG1" 0.0357327753211193 4.64889836020568 0.101525097698236 0.919565016943319 0.996087124653971 -6.24979255083229
"Q7RTS7" -0.0763841683093833 1.27703309365531 -0.0994908385564277 0.921171215143296 0.996087124653971 -6.2499937576393
"C4A" 0.069567111018614 1.81106546131638 0.0983894552081869 0.922040977781738 0.996087124653971 -6.2501009959473
"P13647" -0.0760814144364534 2.60010411438863 -0.0937381424733652 0.925715169128418 0.996087124653971 -6.25054071927694
"GC" 0.0357327753211194 5.06743320271011 0.0925894301512916 0.926622821511323 0.996087124653971 -6.25064603856536
"AFP" 0.0357327753211192 5.71185561573929 0.0918019713201533 0.927245087307077 0.996087124653971 -6.25071748651178
"HBA1" -0.0602982233871883 1.82643888532008 -0.0913406600219408 0.927609646128233 0.996087124653971 -6.25075905898543
"AHSG" 0.0357327753211193 6.33992813471078 0.0912322742079918 0.927695302074229 0.996087124653971 -6.25076879613101
"HBBF" 0.0357327753211194 5.11778033064974 0.0905671464184542 0.928220963103284 0.996087124653971 -6.25082829669538
"SeRPINA1" 0.0357327753211194 6.35969402538638 0.0891417279753648 0.929347602474776 0.996087124653971 -6.25095434505477
"TF" 0.0357327753211194 6.50277193165561 0.0888668720855142 0.929564863261647 0.996087124653971 -6.25097842041481
"SeRPINF1" 0.0357327753211194 4.44950328492584 0.0870614150995622 0.930992126901143 0.996087124653971 -6.2511347176628
"Q86Y46" -0.0763841683093833 1.1857206287167 -0.0859657060355638 0.931858427202642 0.996087124653971 -6.25122800879672
"P62736" 0.0891440856310779 0.819421742950362 0.0857301036668945 0.93204471239052 0.996087124653971 -6.25124791421848
"P63104" 0.0357327753211195 1.02876247999891 0.0852366902921605 0.932434855043695 0.996087124653971 -6.25128942446546
"GSN" 0.0357327753211194 4.70798588107988 0.0840032832907254 0.933410184782309 0.996087124653971 -6.25139214171731
"A2M" 0.0357327753211194 6.92086440788217 0.0832531448119678 0.934003415343844 0.996087124653971 -6.25145388076018
"A1BG" 0.0357327753211194 4.21514638674972 0.0825767264024402 0.934538378452121 0.996087124653971 -6.25150907769352
"B4GAT1" 0.0357327753211194 0.751939136810005 0.0813653293335631 0.935496519450955 0.996087124653971 -6.25160680482427
"HBA" 0.0357327753211194 4.58751823349648 0.0800515259537322 0.936535766545096 0.996087124653971 -6.25171116131668
"FeTUB" 0.0357327753211193 4.59737110107439 0.077296638184909 0.938715303020265 0.996087124653971 -6.25192447017623
"C3" 0.0357327753211193 6.67762398894577 0.0738068110160675 0.941476967035903 0.996087124653971 -6.25218396350293
"SeRPINA3-7" 0.0357327753211194 4.07790237558185 0.0728030922772663 0.942271392795813 0.996087124653971 -6.25225637815704
"CLIC1" 0.0357327753211194 0.811425802114727 0.0724434686436044 0.942556043055347 0.996087124653971 -6.2522820824793
"SeRPINA5" 0.0357327753211194 4.45273357818194 0.0723147818217774 0.942657903434116 0.996087124653971 -6.25229124953381
"ARF1" 0.0357327753211194 0.8029556509391 0.0715107647001565 0.943294334569551 0.996087124653971 -6.25234815505237
"AGT" 0.0357327753211194 5.18031301631619 0.0711993792636098 0.943540826181388 0.996087124653971 -6.25237002294644
"RAN" 0.0357327753211194 0.88421758480203 0.0711544353329616 0.943576404099585 0.996087124653971 -6.25237317137777
"LYSM" 0.0357327753211194 1.09459348779693 0.0702566713565889 0.944287104352227 0.996087124653971 -6.25243564553368
"CORO1A" 0.0357327753211194 0.712513251951128 0.0699719001818146 0.944512548412488 0.996087124653971 -6.25245529668662
"ITIH4" 0.0357327753211194 5.57714384362311 0.0698725885799161 0.944591171251581 0.996087124653971 -6.25246213109773
"APOA1" 0.0357327753211194 5.73016030923517 0.0698560170914099 0.944604290593511 0.996087124653971 -6.25246327056716
"C4" 0.0357327753211194 4.65920312784159 0.0690191772969496 0.945266821317505 0.996087124653971 -6.25252046100276
"ARF3" 0.0357327753211194 0.811710042282273 0.0684846075559999 0.945690063641011 0.996087124653971 -6.2525566333201
"OMD" 0.0357327753211193 0.719840954152191 0.0674499419442857 0.946509298653606 0.996087124653971 -6.25262584640374
"MYH11" 0.0357327753211192 0.813994716585664 0.0672537443072601 0.946664652048372 0.996087124653971 -6.25263885206335
"SeRPINF2" 0.0357327753211196 4.39142943819755 0.0671663181078135 0.946733878617202 0.996087124653971 -6.25264463522065
"ANXA5" 0.0357327753211194 0.90890180110496 0.066835694299881 0.94699567976697 0.996087124653971 -6.25266643765688
"KNG1" 0.0357327753211194 4.61740896634327 0.0664315225374949 0.947315727149653 0.996087124653971 -6.25269294397135
"GDI2" 0.0357327753211192 0.954614465279186 0.0664238461017667 0.94732180589582 0.996087124653971 -6.25269344585037
"TTR" 0.0357327753211194 3.64932677107665 0.0652970632750527 0.948214106579137 0.996087124653971 -6.25276648504347
"HPX" 0.0357327753211194 4.50017515274439 0.0651000372405067 0.948370138653147 0.996087124653971 -6.25277912813875
"Q04695" 0.0497382951160557 2.13005613425584 0.0650987518492175 0.94837115660792 0.996087124653971 -6.25277921049647
"ADIPOQ" 0.0357327753211194 2.9311360628011 0.0650180937117464 0.948435033312383 0.996087124653971 -6.25278437518041
"CFL1" 0.0357327753211194 1.04426362624368 0.0644106269635998 0.948916123741432 0.996087124653971 -6.25282306668594
"CATHL1" 0.0357327753211195 0.722043678629876 0.0642938797172191 0.949008585302731 0.996087124653971 -6.25283046109221
"LOX" 0.0357327753211194 0.816160085207953 0.0642019425877423 0.949081398230127 0.996087124653971 -6.25283627466325
"ATIC" 0.0357327753211193 0.705165706461896 0.0635565300925123 0.949592568266172 0.996087124653971 -6.25287685265668
"HP20" 0.0357327753211194 0.816240202931749 0.0635362885792722 0.949608599996834 0.996087124653971 -6.2528781186397
"OGN" 0.0357327753211194 0.995878796308399 0.0634451676807572 0.949680770044638 0.996087124653971 -6.25288381270258
"RGN" 0.0357327753211194 1.09112540622662 0.0634355023884438 0.949688425224713 0.996087124653971 -6.25288441619869
"LRP1" 0.0357327753211196 0.778836242934973 0.063294724285241 0.94979992593708 0.996087124653971 -6.2528931958938
"COL2A1" 0.0357327753211194 0.758061130802922 0.0629216854334448 0.950095389411908 0.996087124653971 -6.25291636633546
"CAPNS1" 0.0357327753211195 0.858051979934831 0.0628535883129379 0.950149326146285 0.996087124653971 -6.25292058124937
"IGFBP6" 0.0357327753211194 0.737406371623844 0.0624148622178162 0.950496827432875 0.996087124653971 -6.25294762707017
"APOH" 0.0357327753211194 3.65061751575342 0.0622817285930618 0.950602280358756 0.996087124653971 -6.25295579679957
"C1S" 0.0357327753211194 0.797910518051992 0.0621737068806267 0.950687843213551 0.996087124653971 -6.25296241272203
"RAC1" 0.0357327753211194 0.753457032582295 0.062057888870216 0.950779582085279 0.996087124653971 -6.25296949338261
"PeBP1" 0.0357327753211193 0.80566044467276 0.0618113372558471 0.950974876637199 0.996087124653971 -6.25298452262547
"ORM1" 0.0357327753211194 3.90623180911046 0.0616804152645209 0.951078581723397 0.996087124653971 -6.25299247902543
"LGALS3BP" 0.0357327753211193 0.833459978619394 0.0615630293682223 0.951171565412193 0.996087124653971 -6.25299959846726
"FTL" 0.0357327753211195 0.818609137257954 0.0615546952728481 0.95117816703998 0.996087124653971 -6.25300010341371
"HABP2" 0.0357327753211196 1.22761421618688 0.0614813854457125 0.951236237581722 0.996087124653971 -6.25300454216696
"GGH" 0.0357327753211196 0.733620435019389 0.0614301340763083 0.951276835227924 0.996087124653971 -6.25300764218666
"COL10A1" 0.0357327753211195 0.950811369126076 0.0612829976614869 0.951393386830971 0.996087124653971 -6.2530165276017
"IGF2" 0.0357327753211194 0.832300800560946 0.0612095838210388 0.951451540754819 0.996087124653971 -6.25302095302043
"FAP" 0.0357327753211192 0.71726928331621 0.0610474085793368 0.951580006940549 0.996087124653971 -6.25303071021662
"TPI1" 0.0357327753211194 1.21743964433329 0.0603548052687923 0.95212866324833 0.996087124653971 -6.25307208906909
"GARIN1B" 0.0357327753211193 1.00494114708315 0.0602752972059626 0.952191648280296 0.996087124653971 -6.25307680898857
"AMBP" 0.0357327753211193 3.38053727812444 0.0597614850278597 0.952598689589474 0.996087124653971 -6.25310716095268
"CDH1" 0.0357327753211194 0.741230459058091 0.0597427617216113 0.952613522408926 0.996087124653971 -6.25310826207166
"GAPDH" 0.0357327753211193 3.11524845379032 0.0597045625379621 0.952643784295929 0.996087124653971 -6.25311050749848
"H1-3" 0.0357327753211193 1.12736348218594 0.0596866136230488 0.95265800368265 0.996087124653971 -6.25311156207686
"P34931" 0.0357327753211194 0.857992294258848 0.0590026620906868 0.953199851401271 0.996087124653971 -6.25315151105148
"C4B" 0.069567111018614 0.825451840140098 0.0586739421080362 0.953460281576721 0.996087124653971 -6.25317054748716
"HSPA5" 0.0357327753211194 0.931138588922949 0.0582903130330912 0.953764220260243 0.996087124653971 -6.25319262928741
"P26583" 0.0396459841265902 1.24120552866906 0.0578502426041003 0.954112884408995 0.996087124653971 -6.25321778150883
"CALD1" 0.0357327753211193 0.74005781239672 0.0574980367988745 0.954391940679235 0.996087124653971 -6.25323777452563
"YWHAB" 0.0357327753211196 0.834450549216714 0.0574455364424876 0.954433537744909 0.996087124653971 -6.2532407442618
"CCN2" 0.0357327753211195 0.848101510689783 0.0571942185237307 0.954632663650788 0.996087124653971 -6.25325492274567
"KRT222" 0.0357327753211193 0.969104467853743 0.0571199219668279 0.954691531359438 0.996087124653971 -6.25325910239564
"H1-2" 0.0357327753211193 1.09669133478812 0.0570843178300195 0.954719741827854 0.996087124653971 -6.25326110342756
"CFD" 0.0357327753211194 1.78210932271283 0.0569572768386119 0.954820401559489 0.996087124653971 -6.25326823324768
"THBS1" 0.0357327753211194 3.8930104496408 0.0565321673581776 0.955157238447136 0.996087124653971 -6.2532919758313
"Q14CN4" -0.0402768118504619 1.17514041604347 -0.056516294858775 0.95516981523444 0.996087124653971 -6.25329285887447
"GPI" 0.0357327753211194 1.13820514753854 0.055928298399259 0.955635730189042 0.996087124653971 -6.25332539647852
"F11" 0.0357327753211192 0.873681843585717 0.0553736360461504 0.956075246303833 0.996087124653971 -6.2533557776345
"B4GALT1" 0.0357327753211196 0.74343284348161 0.0551617774796494 0.956243127314143 0.996087124653971 -6.25336730209939
"POTee" 0.0357327753211194 1.39968024410531 0.0551256817512967 0.956271730498846 0.996087124653971 -6.25336926119383
"APOD" 0.0357327753211193 2.03025949694095 0.0550085454929635 0.956364552686646 0.996087124653971 -6.25337560992836
"F13A1" 0.0357327753211193 1.65008116970273 0.0548261739180338 0.956509070457376 0.996087124653971 -6.2533854675118
"LUM" 0.0357327753211194 3.21823144904628 0.0547904936352142 0.956537344964725 0.996087124653971 -6.25338739228103
"APOA2" 0.0357327753211194 2.08057150987048 0.0542585155544187 0.956958912707881 0.996087124653971 -6.25341594119168
"CHI3L1" 0.0357327753211194 0.89653022475856 0.0542093234098665 0.956997895810748 0.996087124653971 -6.25341856704901
"Q9BUF5" 0.0357327753211194 0.772245621082417 0.0539570071513847 0.957197849537777 0.996087124653971 -6.25343199815793
"CATHL4" 0.0357327753211193 1.03048592688038 0.0536617413309685 0.957431843145837 0.996087124653971 -6.253447635968
"H2B1" 0.0357327753211195 0.994790927341528 0.0536587267950009 0.957434232138651 0.996087124653971 -6.25344779518081
"CNTN1" 0.0357327753211196 0.80892075336057 0.0532904436450694 0.95772609620595 0.996087124653971 -6.25346717878054
"H2BC12" 0.0357327753211193 1.06456876744601 0.05323358482921 0.957771157289001 0.996087124653971 -6.25347015949774
"YWHAe" 0.0357327753211192 0.998097233620771 0.0531875730778785 0.957807622085434 0.996087124653971 -6.25347256924878
"FABP1" 0.0357327753211196 0.723699590153096 0.0530248280969621 0.957936599923649 0.996087124653971 -6.25348107589499
"BPT2" 0.0357327753211194 0.757961507238932 0.0529058337269605 0.958030905466091 0.996087124653971 -6.25348727920923
"CSN1S1" 0.0357327753211193 1.13340790595161 0.0528752325766925 0.958055157619734 0.996087124653971 -6.25348887223004
"CFH" 0.0357327753211194 4.72189086334204 0.0527719984482958 0.958136973465326 0.996087124653971 -6.25349423954697
"KRT6B" 0.0619562444470434 2.38420675803211 0.0524804870142843 0.958368006634556 0.996087124653971 -6.25350933909607
"SeRPINA3-2" 0.0357327753211192 4.76093658631639 0.0524283178430336 0.95840935293776 0.996087124653971 -6.25351203250363
"CKM" 0.0357327753211195 1.35290143801116 0.0524201843644686 0.958415799078379 0.996087124653971 -6.25351245218026
"H4" 0.0357327753211194 1.62809441033654 0.052409366008314 0.958424373107297 0.996087124653971 -6.25351301029209
"CL43" 0.0357327753211193 1.01997150344783 0.052314357030174 0.958499672165678 0.996087124653971 -6.25351790679494
"APOe" 0.0357327753211194 3.52932592597854 0.0522326766073173 0.958564408026227 0.996087124653971 -6.25352210927896
"SeRPINA7" 0.0357327753211196 3.67551016269991 0.052229909003579 0.958566601496916 0.996087124653971 -6.25352225155806
"DDBX" 0.0357327753211194 1.17015546864944 0.0520534866236401 0.958706426126098 0.996087124653971 -6.25353130565939
"SeRPIND1" 0.0357327753211194 0.867886758831868 0.0516765845970954 0.959005146504776 0.996087124653971 -6.25355054587497
"UBA52" 0.0357327753211194 1.32474527356399 0.0516653544669553 0.95901404723475 0.996087124653971 -6.25355111700943
"YWHAZ" 0.0357327753211194 1.68859588819734 0.0516539295802905 0.959023102329455 0.996087124653971 -6.25355169792134
"Q3SWY2" 0.0357327753211194 1.08367909387548 0.0514328769760761 0.959198304463278 0.996087124653971 -6.25356291231573
"LASP1" 0.0357327753211194 0.732436238002766 0.0513571184936271 0.959258349679142 0.996087124653971 -6.25356674461453
"NACA" 0.0357327753211195 0.91529785373374 0.051328845815873 0.95928075830741 0.996087124653971 -6.25356817336152
"PRDX6" 0.0357327753211195 0.949518417498619 0.051104925455851 0.959458236411049 0.996087124653971 -6.25357946128795
"CSN2" 0.0357327753211195 0.834847588435451 0.0509177706665582 0.959606575907592 0.996087124653971 -6.25358885798806
"CSN1S2" 0.0357327753211193 0.933327611109683 0.0508177640463706 0.95968584207312 0.996087124653971 -6.25359386500646
"RNASe4" 0.0357327753211194 0.913827514006548 0.0507280899500502 0.95975691893519 0.996087124653971 -6.25359834633787
"F10" 0.0357327753211193 1.80970480432474 0.0505128919471425 0.959927489033842 0.996087124653971 -6.25360906825855
"COL1A2" 0.0357327753211194 1.39275872210061 0.0504087870583322 0.960010005261965 0.996087124653971 -6.25361423877294
"TRAP1" 0.0357327753211194 0.747289114942391 0.0502034351965312 0.960172773755774 0.996087124653971 -6.25362440658932
"FMOD" 0.0357327753211192 1.14447821963996 0.0498875703621344 0.960423141730559 0.996087124653971 -6.25363996534599
"DSG1" 0.0357327753211193 1.10922966829358 0.0497952632015166 0.960496309095178 0.996087124653971 -6.253644493639
"MST1" 0.0357327753211194 1.62360500018283 0.0497198876020782 0.960556055895384 0.996087124653971 -6.25364818510453
"FLNA" 0.0357327753211194 1.94622889739667 0.049157027571096 0.961002216578373 0.996087124653971 -6.25367557399595
"GSTA1" 0.0357327753211194 1.25008334825289 0.0490953060956602 0.961051141936881 0.996087124653971 -6.25367855840675
"F12" 0.0357327753211194 1.484624969185 0.0490252290858431 0.961106690741107 0.996087124653971 -6.25368194228682
"F9" 0.0357327753211194 1.31060263913142 0.0488876927372398 0.961215713934441 0.996087124653971 -6.25368856959385
"SeRPINC1" 0.0357327753211194 5.03021048165686 0.0488718954157411 0.961228236304353 0.996087124653971 -6.2536893296094
"PPIA" 0.0357327753211194 1.38578062735525 0.0484971938624418 0.961525261155568 0.996087124653971 -6.2537072846522
"POSTN" 0.0357327753211192 1.03572541643493 0.0484804921645779 0.961538500672403 0.996087124653971 -6.25370808175157
"H2AZ2" 0.0357327753211194 0.75206805292264 0.0484479792937305 0.961564273814078 0.996087124653971 -6.25370963266205
"BLVRB" 0.0357327753211193 1.38693584183561 0.0483758556052829 0.96162144682902 0.996087124653971 -6.25371306935162
"F12AI" 0.0357327753211194 4.17877512795676 0.0482587660063614 0.961714265108432 0.996087124653971 -6.25371863776224
"KLKB1" 0.0357327753211194 2.46678569176775 0.0480206068712637 0.961903058260797 0.996087124653971 -6.2537299222239
"RPS4" 0.0357327753211194 0.819531956561856 0.0480171173036448 0.961905824522023 0.996087124653971 -6.25373008715172
"F2" 0.0357327753211194 4.54461174228961 0.0478508945863709 0.962037593674816 0.996087124653971 -6.2537379294731
"PLG" 0.0357327753211194 5.15979702787067 0.0477675629055618 0.962103653309452 0.996087124653971 -6.25374185079528
"APOC3" 0.0357327753211193 1.26793116509266 0.0476589039175621 0.962189791097432 0.996087124653971 -6.25374695367391
"VNN1" 0.0357327753211194 2.81274626416241 0.0476178385815957 0.962222345147144 0.996087124653971 -6.25374887917198
"RAP1B" 0.0357327753211192 1.4255291648707 0.0475003560352296 0.962315478377396 0.996087124653971 -6.25375437860389
"TUBB" 0.0357327753211194 1.55550919138058 0.0474822503594549 0.962329831535989 0.996087124653971 -6.25375522493394
"CLeC3B" 0.0357327753211194 2.73554187031115 0.0473368792602725 0.962445074000828 0.996087124653971 -6.25376200845306
"CHIA" 0.0357327753211196 2.4685420252052 0.0468240468208658 0.962851626695935 0.996087124653971 -6.25378577288963
"Q0VCM4" 0.0357327753211194 1.13011134261554 0.0467699611172715 0.962894504224511 0.996087124653971 -6.25378826410971
"KRT20" 0.0357327753211194 1.26862606673491 0.0465645883049033 0.963057318656961 0.996087124653971 -6.25379769748404
"KRT5" 0.0357327753211194 4.73730482687423 0.0464395424228004 0.963156452686074 0.996087124653971 -6.25380342087565
"RAP1A" 0.0357327753211194 0.740491933861778 0.0462085008748707 0.963339619635679 0.996087124653971 -6.25381395523976
"KRT6C" 0.0531692651592364 2.32059859033938 0.0461994064305789 0.963346829642223 0.996087124653971 -6.25381436882726
"ARG1" 0.0357327753211193 0.902931337311827 0.0461900021466844 0.96335428529051 0.996087124653971 -6.2538147964197
"H2A1" 0.0357327753211193 1.14609188733564 0.0458240895899158 0.963644380681553 0.996087124653971 -6.25383136609219
"H2AJ" 0.0357327753211193 1.14609188733564 0.0458240895899158 0.963644380681553 0.996087124653971 -6.25383136609219
"H2AC20" 0.0357327753211193 1.14609188733564 0.0458240895899158 0.963644380681553 0.996087124653971 -6.25383136609219
"H2AZ1" 0.0357327753211194 0.791597280724162 0.0455415817562624 0.963868356227368 0.996087124653971 -6.25384406879381
"KRT7" 0.0357327753211193 3.17526847580436 0.0450643961029297 0.964246681320786 0.996087124653971 -6.2538653466129
"CDH5" 0.0357327753211194 1.06888632862755 0.0450459182782778 0.964261331184396 0.996087124653971 -6.25386616603645
"PROC" 0.0357327753211192 1.6725020153346 0.0447837204904291 0.964469212071681 0.996087124653971 -6.25387775732973
"HMGB1" 0.0357327753211193 1.48550073254135 0.0447218443074151 0.964518270347097 0.996087124653971 -6.25388048289702
"KNG2" 0.0357327753211194 4.18853710619748 0.0446620328304283 0.964565691760665 0.996087124653971 -6.25388311393505
"CD14" 0.0357327753211192 1.00797114158891 0.0445697293318001 0.964638874664401 0.996087124653971 -6.25388716735037
"RPS27A" 0.0357327753211194 1.46532108751238 0.0443286488931612 0.964830016934243 0.996087124653971 -6.25389771460491
"FGA" 0.0357327753211193 3.23023216956481 0.0443108029337414 0.964844166307934 0.996087124653971 -6.25389849309069
"CLU" 0.0357327753211193 3.15427172728283 0.0442851726478058 0.964864487594209 0.996087124653971 -6.2538996106001
"eeF1A1" 0.0357327753211194 3.0991127531867 0.0442646954462772 0.964880723211294 0.996087124653971 -6.25390050296461
"Q32LP2" 0.0357327753211193 0.975408792624857 0.0442199267649656 0.964916218698206 0.996087124653971 -6.25390245247653
"CFB" 0.0357327753211194 4.64449267391141 0.0441750162270706 0.964951826730233 0.996087124653971 -6.25390440618385
"Q13509" 0.0357327753211193 1.07733684802175 0.0441638467582913 0.964960682631851 0.996087124653971 -6.25390489177211
"SPP2" 0.0357327753211194 1.00746553062325 0.0441077000748681 0.965005199543888 0.996087124653971 -6.25390733086717
"AFM" 0.0357327753211196 3.70682550964005 0.0440224130827981 0.965072821091296 0.996087124653971 -6.25391102992453
"C9" 0.0357327753211194 2.64589591784853 0.0439724286902337 0.965112452366472 0.996087124653971 -6.25391319451445
"KRT75" 0.0357327753211194 3.76148145514914 0.0438666732836072 0.96519630326584 0.996087124653971 -6.25391776618083
"C4BPA" 0.0357327753211194 1.20731446658283 0.0437238260908626 0.965309563974147 0.996087124653971 -6.25392392380076
"KRT73" 0.0357327753211194 2.38587391724535 0.0434895340181645 0.965495331078633 0.996087124653971 -6.25393397979321
"P0CG53" 0.0357327753211196 1.11835979345701 0.0433764927467781 0.965584960708639 0.996087124653971 -6.25393881228873
"Q9NY65" 0.0357327753211193 0.950188341295903 0.0428531333713788 0.965999934511626 0.996087124653971 -6.25396102191466
"HMGB2" 0.0357327753211193 1.53454097001781 0.042713545058511 0.966110616269794 0.996087124653971 -6.25396690003857
"APOA4" 0.0357327753211194 2.32307816207925 0.0424943591059526 0.966284413601448 0.996087124653971 -6.25397609135573
"HRG" 0.0357327753211192 1.92868671409551 0.0423667720963521 0.966385580891269 0.996087124653971 -6.25398141980171
"KRT71" 0.0357327753211193 2.1048396744389 0.0417846748391516 0.966847149063254 0.996087124653971 -6.25400552677682
"APCS" 0.0357327753211195 0.844120548981667 0.0416785464619587 0.966931303734096 0.996087124653971 -6.2540098860343
"ACTN1" 0.0357327753211196 0.903885631692904 0.0416579870316284 0.966947606412096 0.996087124653971 -6.25401072923782
"UBC" 0.0357327753211194 1.17848232632556 0.0415496907401779 0.967033480600993 0.996087124653971 -6.25401516392452
"eZR" 0.0357327753211194 1.35680174757089 0.0415432222883938 0.967038609810835 0.996087124653971 -6.25401542843954
"LBP" 0.0357327753211192 1.87657596517871 0.0414743904631726 0.967093190636477 0.996087124653971 -6.25401824063537
"THBS4" 0.0357327753211194 2.68668185264539 0.0414597870811101 0.967104770542379 0.996087124653971 -6.25401883667214
"IGFBP3" 0.0357327753211194 1.51430664029472 0.0414363379336512 0.96712336480627 0.996087124653971 -6.25401979330957
"CPB2" 0.0357327753211194 2.51229027992346 0.0407235516129945 0.967688585451451 0.996087124653971 -6.25404861407914
"C5" 0.0357327753211192 0.94545995618737 0.0404683849943385 0.967890929899462 0.996087124653971 -6.2540588099308
"AHCY" 0.0357327753211192 2.09580206176725 0.0401807882757491 0.968118993633158 0.996087124653971 -6.25407022479649
"TG" 0.0357327753211196 0.984270444492584 0.0400447987291453 0.968226834062513 0.996087124653971 -6.25407559394666
"FeRMT3" 0.0357327753211194 1.8407830556546 0.0400404515425315 0.968230281414382 0.996087124653971 -6.25407576528241
"COL1A1" 0.0357327753211196 1.32880881656069 0.0399688278169347 0.968287079658744 0.996087124653971 -6.25407858551205
"CRYZ" 0.0357327753211194 0.885192587043593 0.0398518709876952 0.96837982780984 0.996087124653971 -6.25408317990766
"VCL" 0.0357327753211187 1.09331505663949 0.0396696102020234 0.968524363651548 0.996087124653971 -6.25409031279049
"GPLD1" 0.0357327753211196 1.3278744502177 0.0394236693074627 0.968719400572028 0.996087124653971 -6.25409988600709
"P35900" -0.0169390348037624 1.05611255282155 -0.0394100543171252 0.968730197636477 0.996087124653971 -6.25410041422975
"HBB" 0.0357327753211193 3.6927480636675 0.0393468415024906 0.968780327226838 0.996087124653971 -6.25410286431614
"PGK1" 0.0357327753211194 1.51916776793932 0.0393249136518793 0.968797716676365 0.996087124653971 -6.25410371330623
"C7" 0.0357327753211192 3.25915321358906 0.0392882636574716 0.968826781265903 0.996087124653971 -6.25410513124343
"GSTA2" 0.0357327753211194 1.55368427847348 0.0392623077186696 0.968847365161402 0.996087124653971 -6.25410613464285
"AOCX" 0.0357327753211192 0.823072621196081 0.0392413466341091 0.968863987992242 0.996087124653971 -6.25410694446826
"GFAP" 0.0357327753211193 1.17734737471369 0.0389808135335053 0.969070600489996 0.996087124653971 -6.25411697399855
"IGF2R" 0.0357327753211195 1.02689686977619 0.0389531381542808 0.969092548227469 0.996087124653971 -6.25411803546988
"ITIH3" 0.0357327753211194 4.77000855321383 0.0388783282887453 0.969151875712067 0.996087124653971 -6.2541209009811
"COMP" 0.0357327753211196 2.11594427770156 0.0385250536685269 0.969432040261592 0.996087124653971 -6.25413435836248
"TUBA8" 0.0357327753211194 0.761675413084207 0.0385074816874202 0.969445975828733 0.996087124653971 -6.25413502452967
"HSP90AB1" 0.0357327753211194 1.71077618304505 0.0381874695924413 0.969699765058986 0.996087124653971 -6.25414710326918
"HSPA1L" 0.0357327753211194 1.4491341242286 0.0381226649592072 0.969751159496654 0.996087124653971 -6.25414953702422
"PGLYRP1" 0.0357327753211193 1.5938618371208 0.0380652925540558 0.969796659785235 0.996087124653971 -6.2541516882105
"HSPA1B" 0.0357327753211194 2.44510387229831 0.0378536625638513 0.969964497892764 0.996087124653971 -6.25415959529107
"HSPA1A" 0.0357327753211194 2.44510387229831 0.0378536625638513 0.969964497892764 0.996087124653971 -6.25415959529107
"SeRPINA3-8" 0.0357327753211192 2.79758284602325 0.0378019395338717 0.970005518259065 0.996087124653971 -6.25416152110301
"LDHB" 0.0357327753211192 1.6409401660241 0.0377699023179691 0.970030926292143 0.996087124653971 -6.2541627126293
"ITIH1" 0.0357327753211194 3.87981031137867 0.0374416184059876 0.970291283070057 0.996087124653971 -6.25417486393524
"KRT80" 0.0357327753211192 1.43445392804139 0.0373142772072888 0.970392276241795 0.996087124653971 -6.25417954886982
"HSPA2" 0.0357327753211194 0.839082397910449 0.0372827659681856 0.970417267600878 0.996087124653971 -6.25418070571783
"eNO1" 0.0357327753211192 3.04866362792199 0.0369919625036734 0.970647903351828 0.996087124653971 -6.25419133563716
"TAGLN2" 0.0357327753211193 1.83077279292619 0.0366692580374065 0.970903842699989 0.996087124653971 -6.25420303422456
"TGFBI" 0.0357327753211196 2.48367420342353 0.036649917767611 0.970919181712463 0.996087124653971 -6.2542037320869
"CAP1" 0.0357327753211192 1.40666138507366 0.0366217938358798 0.970941487178071 0.996087124653971 -6.25420474623655
"KRT78" 0.0357327753211194 1.30137014592659 0.036554725450418 0.970994680104353 0.996087124653971 -6.25420716158229
"KRT79" 0.0357327753211193 2.46167221409469 0.0364647509610828 0.971066040408787 0.996087124653971 -6.25421039489618
"PFN1" 0.0357327753211193 1.84309090327684 0.0364201134655003 0.9711014432578 0.996087124653971 -6.2542119960276
"TUBB6" 0.0357327753211194 0.943824000293477 0.0361685506383673 0.971300963630402 0.996087124653971 -6.2542209828298
"LDHA" 0.0357327753211195 1.66580828478678 0.035967214106333 0.971460649687758 0.996087124653971 -6.25422813048004
"FGB" 0.0357327753211194 2.98846075906545 0.0359022702216369 0.971512158887661 0.996087124653971 -6.25423042754328
"RBP4" 0.0357327753211194 1.86564983922821 0.0356671677839744 0.971698627637127 0.996087124653971 -6.2542387083949
"SeRPINA3-5" 0.0357327753211194 4.180000474502 0.035479240924963 0.971847680776836 0.996087124653971 -6.25424528849114
"CPN1" 0.0357327753211194 2.28334598915311 0.0352725321685129 0.972011631845627 0.996087124653971 -6.25425248607518
"F5" 0.0357327753211194 4.70170584827196 0.0352678926555053 0.97201531168982 0.996087124653971 -6.25425264714014
"HSPA8" 0.0357327753211194 2.20683238143488 0.0350575719078348 0.972182128890474 0.996087124653971 -6.25425992636964
"TUBA4A" 0.0357327753211194 3.02607971102588 0.0348132113172429 0.972375946579881 0.996087124653971 -6.25426832904559
"TBA1B" 0.0357327753211194 2.90659736747237 0.0347163076269675 0.972452807432917 0.996087124653971 -6.25427164493848
"SeRPINA6" 0.0357327753211194 1.96343800635878 0.0344257679538824 0.972683255624697 0.996087124653971 -6.25428153135573
"HP" 0.0357327753211195 0.825622886483792 0.0341743010121283 0.972882714286354 0.996087124653971 -6.2542900211411
"CRYZL1" 0.0357327753211194 0.862178149099808 0.0339755930592303 0.973040326788319 0.996087124653971 -6.25429668570659
"MYH10" 0.0357327753211196 1.68204094622377 0.033435463524218 0.973468755815393 0.996087124653971 -6.25431460499274
"eNO3" 0.0357327753211194 0.933274938181608 0.0329867992960342 0.973824640865592 0.996087124653971 -6.25432927151252
"Q9BQe3" 0.0357327753211194 1.17739584610662 0.0328415534764012 0.973939852489882 0.996087124653971 -6.25433397704504
"FN1" 0.0357327753211195 3.71655401057699 0.0326748457562962 0.974072088775352 0.996087124653971 -6.25433935228653
"SeRPINA3-4" 0.0357327753211196 4.36803406739786 0.0326459332159252 0.974095022922827 0.996087124653971 -6.25434028174484
"HSP90AA1" 0.0357327753211196 2.06333001962018 0.0325999177370921 0.974131523592848 0.996087124653971 -6.25434175931863
"P04272" 0.0357327753211194 1.30785720245291 0.0324183006246649 0.974275587537052 0.996087124653971 -6.25434757076499
"TUBB4B" 0.0357327753211194 2.09910667943565 0.0321869700758099 0.974459086869955 0.996087124653971 -6.25435492594777
"MDH1B" 0.0357327753211196 1.38426449232822 0.0321841803902271 0.974461299752863 0.996087124653971 -6.25435501432474
"TUBB4A" 0.0357327753211194 0.896577065405481 0.0321396546331972 0.974496619275579 0.996087124653971 -6.25435642385973
"KRT35" 0.0357327753211198 1.15178337413476 0.0318878928505022 0.974696327258996 0.996087124653971 -6.25436435707758
"TUBB5" 0.0357327753211196 2.13253707445975 0.0317409877035887 0.974812859327448 0.996087124653971 -6.25436895735608
"FGG" 0.0357327753211192 1.93986478329212 0.0313756953271113 0.975102628812605 0.996087124653971 -6.25438030427002
"KRT81" 0.0357327753211196 0.813650693129048 0.0312547412316703 0.975198576831135 0.996087124653971 -6.25438403246956
"Q5XKe5" 0.0238711884219454 1.49693522987368 0.0312448016761462 0.975206461497204 0.996087124653971 -6.2543843381988
"KRT19" 0.0357327753211193 2.98511971955223 0.0312296612301702 0.975218471833895 0.996087124653971 -6.25438480371454
"TUBB2B" 0.0357327753211196 0.92920761844114 0.0310035458626142 0.975397841194885 0.996087124653971 -6.2543917291249
"JUP" 0.0357327753211194 1.99121040639514 0.0308186368476767 0.975544523961824 0.996087124653971 -6.2543973550739
"MSN" 0.0357327753211194 1.42360330958695 0.0297192383180543 0.976416661241606 0.996087124653971 -6.25443010995823
"KRT72" 0.0357327753211194 1.86530528201292 0.0292980822495974 0.976750766152613 0.996087124653971 -6.25444234250072
"IGFBP2" 0.0357327753211194 2.49221021613105 0.0291955687774307 0.976832091168101 0.996087124653971 -6.25444529360125
"KRT74" 0.0357327753211196 1.00583262753999 0.0288427150811404 0.977112015610759 0.996087124653971 -6.25445537228201
"TUBB3" 0.0357327753211192 1.6240475161786 0.0287702130723265 0.97716953296759 0.996087124653971 -6.25445742800485
"PROS1" 0.0357327753211196 2.09391382770784 0.0286291543592584 0.977281438139604 0.996087124653971 -6.25446141276014
"LTF" 0.0357327753211194 2.30720693197382 0.0281388148191275 0.977670439526355 0.996087124653971 -6.2544751119561
"KRT27" 0.0357327753211193 0.96613086091488 0.0275696232111318 0.978122003543384 0.996087124653971 -6.25449071734367
"ACTG2" 0.0357327753211195 1.27257902236426 0.0274272461287567 0.978234958502133 0.996087124653971 -6.25449457100314
"ACTA2" 0.0357327753211195 1.27257902236426 0.0274272461287567 0.978234958502133 0.996087124653971 -6.25449457100314
"K2C4" 0.0357327753211195 1.19799091914634 0.0268842444729891 0.978665753363705 0.996087124653971 -6.25450908504372
"KRT28" 0.0357327753211196 1.28856412177471 0.0267660279354825 0.97875954228878 0.996087124653971 -6.25451220641762
"P05786" 0.0357327753211196 1.65283958906743 0.0258038514963798 0.979522911055694 0.996087124653971 -6.25453710001144
"TUBA1D" 0.0357327753211194 1.84952967490154 0.0252947506440479 0.979926827896762 0.996087124653971 -6.25454990293376
"SeRPINA3-6" 0.0357327753211194 3.86773204855871 0.0250685918280889 0.980106262334652 0.996087124653971 -6.25455550856484
"ACTC1" 0.0357327753211194 3.26018247841033 0.0248506309598493 0.980279193502825 0.996087124653971 -6.25456086336042
"KRT25" 0.0357327753211194 1.02313114472002 0.0247504268780322 0.980358696209591 0.996087124653971 -6.25456330945349
"SeRPINA3-1" 0.0357327753211192 3.96706252848331 0.0244577882599412 0.980590879140961 0.996087124653971 -6.25457039651122
"ACTA1" 0.0357327753211197 2.30705589697583 0.0227849329537854 0.981918174239824 0.996087124653971 -6.2546092912134
"KRT17" 0.0357327753211193 3.23306572574161 0.0223313873932215 0.982278040365803 0.996087124653971 -6.25461936174125
"Q8N1N4" -0.0145771199074352 1.04438723187023 -0.0183562794702338 0.985432244171114 0.996087124653971 -6.2546989612202
"KRT10" 0.0357327753211194 2.01517132558285 0.0178366491121521 0.985844583526423 0.996087124653971 -6.25470821709814
"eeF1A1P5" 0 1.9684402153512 0 1 1 -6.25486479393884
"KRT1" 0 3.40895010581031 0 1 1 -6.25486479393884
"KRT2" 0 3.01917522849957 0 1 1 -6.25486479393884
"P68104" 0 1.89863603467514 0 1 1 -6.25486479393884
