"logFC" "AveExpr" "t" "P.Value" "adj.P.Val" "B"
"eDIL3" -2.99865891694813 1.05310899536172 -5.90828598027206 3.68997932006908e-07 0.000143540195550687 6.39412509129115
"P68366" -2.04850788604805 1.95366699123422 -4.73967882185464 2.01248986077664e-05 0.00335279048239362 2.72116205340173
"P68371" -2.62378996613226 1.62509992330438 -4.66437530824659 2.5856996008177e-05 0.00335279048239362 2.49137877878157
"TUBB" -2.76221099596536 1.55550919138058 -4.49538636808581 4.5177217289596e-05 0.00439348438141321 1.9802206976828
"P06733" -2.10462918402866 1.16215827316113 -4.36956425044029 6.81533806437895e-05 0.00530233301408682 1.60405973504927
"VTN" 1.49054263725734 1.40921416454494 3.98542633294086 0.000232969909627376 0.0123630682502844 0.482896916477145
"TUBA1A" -3.04142684553 1.4003424540644 -3.96560994956969 0.000247927154445381 0.0123630682502844 0.426303278628104
"P26038" -2.18436688223814 1.29594388763761 -3.92961569435286 0.000277505338198517 0.0123630682502844 0.323847024598458
"P00558" -1.82065976885985 0.941550110779888 -3.91992435501793 0.00028603499807856 0.0123630682502844 0.296336824238999
"P15311" -1.82136464251781 0.943878802764833 -3.8768860365848 0.000327073844365996 0.0127231725458372 0.17456177081114
"ANXA2" -1.90470669179389 1.17048389688045 -3.83942696812724 0.000367372113452576 0.0129916138302775 0.0691068142961653
"IGKC" 2.84806147445796 0.881565498792972 3.7823552758512 0.000438113896900514 0.0138384337396122 -0.0905822764128006
"P02787" 3.41733806547981 0.998359047154502 3.76474981834628 0.000462466937313519 0.0138384337396122 -0.139599586575581
"P02647" 2.67406373918678 1.00542398438452 3.6708602123409 0.000615971791097825 0.0164938274919064 -0.399010429379866
"P11142" -1.74309732443783 1.4286386572736 -3.66030869185924 0.000636008772181482 0.0164938274919064 -0.427948797049914
"P02649" 1.80107786359565 0.800040951030369 3.6327441298463 0.000691347467476084 0.0168083853030123 -0.503337309616624
"C4A" 2.04526900455241 1.81106546131638 3.54275120000086 0.000905984040554871 0.0207310465750497 -0.747311169834935
"P00734" 2.88556523159129 1.13249756310267 3.49635156507822 0.0010402308483867 0.0224805444456904 -0.871777638117333
"P07900" -2.01404430449137 1.43066996680378 -3.40120985704397 0.00137721643242302 0.0281966943269766 -1.1240684386925
"HSP90AB1" -2.54465448234567 1.71077618304505 -3.33064682991165 0.00169175799992446 0.0329046930985308 -1.30855658896673
"TUBA1B" -1.77270367631149 1.83936878995559 -3.29173816023794 0.00189323261564553 0.0350698803564815 -1.40929667755253
"Q13509" -2.1285452039803 1.07733684802175 -3.22202312355976 0.0023122834831922 0.0408853761346256 -1.58799585886539
"P63267" -2.40188093788981 0.87805768071294 -3.19144085586801 0.00252253860263893 0.0426638050620237 -1.66564138350992
"ATIC" -1.45537599352986 0.705165706461896 -3.17040151200695 0.00267752624234455 0.043398237844668 -1.71878970472609
"P01023" 2.81715873247077 2.44612252397125 3.12566951644704 0.00303737697122839 0.0472405835929795 -1.83105124770208
"P02768" 1.25396129974562 3.38571285078241 3.11184793574296 0.00315746831212716 0.0472405835929795 -1.86553331448311
"FLNA" -1.82873149100893 1.94622889739667 -3.0811613293315 0.00344024170509634 0.0495649638252768 -1.94173952647125
"TUBB1" -1.1005163000611 1.42581639624191 -3.02359963489331 0.00403588935189044 0.0560700342101921 -2.08336363198378
"TUBB5" -2.76221099596536 2.13253707445975 -3.00508089553675 0.00424720938785921 0.0569711879957667 -2.1285546033108
"P36955" 1.6197635335844 0.913183336911223 2.98643176171747 0.00447044780659748 0.0579668065588806 -2.17387824864852
"P01024" 1.98242200944323 2.31548225916967 2.94487055138722 0.00500800408718039 0.0616800642340598 -2.27420905226064
"SeRPINA5" 1.18618016647883 4.45273357818194 2.94006288257978 0.0050739384459895 0.0616800642340598 -2.2857541814771
"PKM" -1.22566049743908 1.51734925952507 -2.92844457052846 0.00523663414204638 0.0617288085229104 -2.31360191559414
"TUBB4B" -2.62378996613226 2.09910667943565 -2.89459657600068 0.00573876049513015 0.0656581715472244 -2.39430574138245
"P68133" 2.76509774815155 1.28977698708408 2.86733561524101 0.00617536554130352 0.068634777016202 -2.458838746151
"Q14624" 2.18278425019484 0.847102710185448 2.82924957049069 0.00683717215853726 0.0719242913475462 -2.54829311893937
"P62736" -2.40188093788981 0.819421742950362 -2.82903238611413 0.00684112796878974 0.0719242913475462 -2.54880085631349
"IGFBP2" 2.80658848471568 2.49221021613105 2.80850085431066 0.00722481802483449 0.0739593213594899 -2.59667739458761
"Q9BUF5" -1.51313837469203 0.772245621082417 -2.79837156370787 0.00742136763182055 0.0740233848404665 -2.62020782144648
"KRT3" 1.53538454503786 1.68289539879105 2.71153974851872 0.00932073226126445 0.0906441212407968 -2.81945421099483
"KLKB1" 1.62743580372128 2.46678569176775 2.67861558535433 0.0101512211023904 0.0963128050934114 -2.89383013729088
"TUBA1D" -3.04142684553 1.84952967490154 -2.63685748723124 0.0113022479915995 0.104474039369457 -2.98721636845739
"Q0VCM4" -1.63964840270385 1.13011134261554 -2.62843123822723 0.0115485441976521 0.104474039369457 -3.00593102966357
"TLN1" -1.07122335471009 2.87545084798534 -2.57521120557905 0.0132210497928189 0.116886099304695 -3.12311571930249
"Q86Y46" 1.84224462225516 1.1857206287167 2.53930464483686 0.0144713042867395 0.123804367241835 -3.20117507608154
"P08238" -1.60090851055456 1.23310560991947 -2.53467516159368 0.0146401051237131 0.123804367241835 -3.21117993620087
"FeRMT3" -1.82610111575288 1.8407830556546 -2.50612465556303 0.015721290733271 0.127975855269144 -3.27257855585685
"P02774" 1.97536092620995 0.984024814349377 2.50433638719903 0.0157913651745988 0.127975855269144 -3.27640688801147
"TUBA4A" -2.04850788604805 3.02607971102588 -2.44433432997202 0.0183132113865809 0.145384474068979 -3.40365949740066
"AZGP1" 1.31646854188978 0.821127098909867 2.42595277047076 0.0191555864503759 0.149030462583924 -3.44217273305275
"FBLN1" 1.19439345705871 1.37059447289955 2.37628137029921 0.0216094189136499 0.160705681069403 -3.54512574007407
"P0DMV8" 1.47013112203716 1.01534727561345 2.3708225684477 0.021895632639276 0.160705681069403 -3.55633969308839
"P0DMV9" 1.47013112203716 1.01534727561345 2.3708225684477 0.021895632639276 0.160705681069403 -3.55633969308839
"MYH11" -1.01224302749641 0.813994716585664 -2.33335137468838 0.0239538740804432 0.17255661143134 -3.63277439546063
"P02788" -0.984929689720756 1.35017089856469 -2.28792438735216 0.0266801821875267 0.187566699175965 -3.72415722201666
"eZR" -1.60313304372578 1.35680174757089 -2.28269888243962 0.0270109009239146 0.187566699175965 -3.73457826445321
"P35900" 0.796555416377888 1.05611255282155 2.26976031105058 0.0278455400619545 0.187566699175965 -3.76030006310228
"ACTG2" -2.40188093788981 1.27257902236426 -2.25794084704419 0.0286279628921093 0.187566699175965 -3.78369574481442
"ACTA2" -2.40188093788981 1.27257902236426 -2.25794084704419 0.0286279628921093 0.187566699175965 -3.78369574481442
"F12AI" 1.36236061584273 4.17877512795676 2.25344609527365 0.0289305962739277 0.187566699175965 -3.79256727734451
"P02751" 2.15955537861571 0.834444741245757 2.24186241873141 0.0297236680442991 0.189065010151698 -3.81536573374616
"eHD3" -0.740789785501571 1.05773225180497 -2.23597985604651 0.030133754831376 0.189065010151698 -3.82690765872914
"LRP1" -1.00346541417773 0.778836242934973 -2.17695174185801 0.0345346022445128 0.211508543597185 -3.94137673461903
"P19823" 0.945802610086852 1.84784059236717 2.16586581877206 0.035421616548913 0.211508543597185 -3.96259951000385
"ACTA1" 2.76509774815155 2.30705589697583 2.15942002495428 0.0359465338569569 0.211508543597185 -3.97489893858042
"C4B" 2.08836054898922 0.825451840140098 2.15720992415885 0.0361280842875096 0.211508543597185 -3.97910926319554
"C5" 1.55261104335906 0.94545995618737 2.15356222485567 0.0364294920848621 0.211508543597185 -3.9860506173176
"IGF2" 1.01436722983333 0.832300800560946 2.12810728281624 0.0385950502453685 0.220786390374241 -4.03422386289422
"POSTN" 1.26959184527321 1.03572541643493 2.10964813091437 0.0402352963802675 0.223743474480983 -4.06886527641379
"TBA1B" -1.77270367631149 2.90659736747237 -2.10934954846338 0.040262321886038 0.223743474480983 -4.06942358354144
"TUBB3" -2.1285452039803 1.6240475161786 -2.09896326051749 0.0412123528015697 0.224894389580269 -4.08880417858638
"HSPA8" -1.74309732443783 2.20683238143488 -2.09450957788783 0.0416256967860653 0.224894389580269 -4.09709062188488
"P63104" -0.711395057491103 1.02876247999891 -2.07833859371384 0.0431571181649665 0.229974232413315 -4.12705643515881
"Q3SWY2" -1.16595493840732 1.08367909387548 -2.05542419786822 0.0454111967751542 0.238715615480203 -4.16919026134402
"IGFBP3" 1.43096604108156 1.51430664029472 2.03230822416264 0.0477881736305767 0.247861327230591 -4.21130292200326
"TUBB6" -1.60206390379775 0.943824000293477 -1.98604837319128 0.0528706076153412 0.270614031083786 -4.29438745462624
"PZP" 1.90700511620921 1.74957636782378 1.94321078505896 0.0579861489952915 0.292943012456733 -4.36989419719405
"C7" -1.42071518711428 3.25915321358906 -1.91314875509233 0.0618246359984727 0.308330556453922 -4.42205202968937
"P07996" -1.16957631010591 2.00970292703318 -1.84267707209988 0.0716811367169467 0.348577830648316 -4.54160371757905
"eeF1A1P5" 0.752295398957863 1.9684402153512 1.83908071723253 0.0722179330729595 0.348577830648316 -4.54760170632083
"SeRPINF1" -0.615490288665588 4.44950328492584 -1.83664748200552 0.0725830444280555 0.348577830648316 -4.55165413671297
"Q9BQe3" -1.62634974128824 1.17739584610662 -1.83069720223155 0.0734824688642909 0.348593663270843 -4.56154458947523
"P63261" -0.489592879962961 2.61637983050475 -1.81127652574543 0.0764837388546266 0.354192552552973 -4.59363288127041
"P60709" -0.489592879962961 2.61637983050475 -1.81127652574543 0.0764837388546266 0.354192552552973 -4.59363288127041
"P09429" 1.00517636395194 1.26815882585194 1.78016188706103 0.0815068927717104 0.37301389750818 -4.64442596278419
"FHL1" 0.663121919481659 0.837231346343477 1.77169662782973 0.0829203980809541 0.375070172715013 -4.65811301468281
"KRT76" 1.45008280059476 1.62000062950684 1.74667203133103 0.0872192669908771 0.389537102424836 -4.69824203466814
"SYNCRIP" 0.834691538287102 1.12831937205131 1.74155094625956 0.0881215038904513 0.389537102424836 -4.70639278144161
"H4C1" 0.761321701134871 1.01386474095244 1.72694406714515 0.0907377087130326 0.393294909034453 -4.72952627917374
"KRT81" 1.60062362275246 0.813650693129048 1.71468366521718 0.0929831190053996 0.393294909034453 -4.74881191355464
"Q5XKe5" 1.06729707564014 1.49693522987368 1.71093960914112 0.093677923778232 0.393294909034453 -4.75467731573162
"YWHAe" -0.937816515609885 0.998097233620771 -1.70964890215111 0.0939184412779887 0.393294909034453 -4.7566967181772
"ACTB" -0.489592879962963 4.64889836020568 -1.70367750974362 0.0950378443425156 0.393294909034453 -4.76602197499154
"ACTG1" -0.489592879962963 4.64889836020568 -1.70367750974362 0.0950378443425156 0.393294909034453 -4.76602197499154
"HSPA1L" -1.27345898390357 1.4491341242286 -1.66397614081124 0.102763721021048 0.419881787441145 -4.82729130825979
"Q9NY65" -1.12998857877172 0.950188341295903 -1.65972263684316 0.103621212324807 0.419881787441145 -4.83377994705982
"KRT75" 1.09120240299427 3.76148145514914 1.64066115116061 0.107536293953702 0.430926991662427 -4.86267733411625
"HBA1" 0.881451411372089 1.82643888532008 1.63532334335561 0.108654056295285 0.430926991662427 -4.87071648002308
"TGFBI" 1.29644557232371 2.48367420342353 1.62856903967423 0.1100820169137 0.430926991662427 -4.88085565271244
"P02765" 1.5230858704271 1.23196355966353 1.62530219830746 0.110778146956922 0.430926991662427 -4.88574627515493
"LGALS3BP" -0.763662360263705 0.833459978619394 -1.61138845807275 0.113783296787077 0.438234677724483 -4.90647801971168
"P61224" -0.503382730407814 1.06500774225224 -1.59854264682306 0.116616296257447 0.444742541609285 -4.92547757725288
"eNO1" -1.2553093628093 3.04866362792199 -1.59161132666701 0.118168515019079 0.446286915945844 -4.93567298106588
"P13647" 1.0385709870192 2.60010411438863 1.56718252708562 0.123772940987111 0.459092203144041 -4.97128988175766
"P68104" 0.752295398957863 1.89863603467514 1.56655582157936 0.123919489280525 0.459092203144041 -4.97219712235679
"HMGB1" 1.00517636395194 1.48550073254135 1.54078078636119 0.130068697577198 0.476678209053392 -5.00922776541404
"P04406" -0.802058569096138 1.55420244363732 -1.53648413989309 0.131117142336023 0.476678209053392 -5.01534700677774
"MSN" -1.49830225344041 1.42360330958695 -1.52621595090952 0.133650131754062 0.480866354856008 -5.02990854152291
"KRT35" 1.3906412774488 1.15178337413476 1.51991681279911 0.135223263260769 0.480866354856008 -5.03879793435217
"GPI" -0.791318459226175 1.13820514753854 -1.51691687909751 0.135977632478563 0.480866354856008 -5.04301980813065
"SeRPIND1" 0.849359459472121 0.867886758831868 1.50440307154933 0.139160609845401 0.487688984052803 -5.06054953477591
"GC" -0.472047176399205 5.06743320271011 -1.49804788678544 0.140799618735963 0.489027247216872 -5.06940182216145
"KRT14" 0.830452375269009 2.59721950884683 1.48094288012131 0.145287162860319 0.500147843828884 -5.0930592301891
"FGG" -1.36670202276932 1.93986478329212 -1.46975882730656 0.148281949158293 0.505979633531367 -5.10839434803149
"CLeC3B" 0.896301702393536 2.73554187031115 1.45422874661878 0.152520935204204 0.515918641690742 -5.12951339827566
"Q32LP2" -0.95334480600152 0.975408792624857 -1.44493032131072 0.155104173951833 0.520133824717786 -5.14206044214098
"TAGLN2" 1.13641217884407 1.83077279292619 1.42829160260509 0.159812075710841 0.53134100385912 -5.16432916018903
"KRT7" 0.910169863519555 3.17526847580436 1.40583673701281 0.166341559506704 0.54836327667888 -5.19400839209053
"APOe" 0.780021223738291 3.52932592597854 1.39645704677191 0.169129568399293 0.552868925271638 -5.2062783182556
"HSPA1B" -1.05808462581986 2.44510387229831 -1.37279974978407 0.176322061000183 0.563838828842545 -5.23689050995375
"HSPA1A" -1.05808462581986 2.44510387229831 -1.37279974978407 0.176322061000183 0.563838828842545 -5.23689050995375
"H4" 0.761321701134871 1.62809441033654 1.36759025136996 0.177937077444863 0.563838828842545 -5.24356695180241
"MYH10" 1.19238511887972 1.68204094622377 1.36647841692917 0.178283228657154 0.563838828842545 -5.24498884451659
"AHCY" -0.972362143043038 2.09580206176725 -1.33913812839215 0.186958768214952 0.586507748674324 -5.27961824107862
"LYZ" 0.515279327736021 0.816234948298071 1.33340332933806 0.188818702174559 0.587603801167229 -5.28680005012104
"LBP" 0.932756408542444 1.87657596517871 1.32594995985651 0.191257012051115 0.588128632699928 -5.29609150245596
"FTL" -0.622492525761182 0.818609137257954 -1.31333103717686 0.195439593337517 0.588128632699928 -5.31171255897242
"HSPA5" -0.656178963904015 0.931138588922949 -1.31098454515572 0.196224921525434 0.588128632699928 -5.31460205163858
"QSOX1" 0.399275561936493 0.978259002730328 1.30644945319808 0.197749493093193 0.588128632699928 -5.32017304148641
"HSPA6" -0.698737229701761 0.881838350545178 -1.30599941819634 0.197901268878921 0.588128632699928 -5.32072489710438
"ALB" -0.297623191974012 7.89886994691184 -1.30553276335641 0.198058742631595 0.588128632699928 -5.32129694672364
"P01008" 0.891388083092932 1.71175059502475 1.29553115799948 0.201456585290138 0.593686452105027 -5.33351185872983
"SeRPINA3-6" -1.49727300812902 3.86773204855871 -1.28650007389916 0.204562244792223 0.598306114467479 -5.34446657699409
"ANXA5" -0.557842570040969 0.90890180110496 -1.27790626079873 0.207550774565952 0.602516800792204 -5.35482477842827
"SeRPINF2" -0.548855701755168 4.39142943819755 -1.26353885987414 0.21261990588058 0.607824317682197 -5.37199769620505
"AFM" -0.836110306847127 3.70682550964005 -1.26158437822312 0.213316561385364 0.607824317682197 -5.37431986092217
"YWHAZ" -0.711395057491104 1.68859588819734 -1.25948526386611 0.214066662011468 0.607824317682197 -5.37681013759191
"P02771" 0.556609413045647 1.3284525812195 1.25307773011019 0.216368482094849 0.609908257499248 -5.38438778759756
"IQGAP1" -0.82987043756804 0.948345697714533 -1.23348755343057 0.223519968348313 0.625534299910028 -5.4073317329161
"AHSG" -0.389811729079776 6.33992813471078 -1.21893987515183 0.228942522826 0.636133152709387 -5.42415129751386
"IGF2R" -0.906525678345385 1.02689686977619 -1.21032343531493 0.232199491388643 0.636899221550921 -5.43402528353884
"PGLYRP1" 0.925233373013885 1.5938618371208 1.2071447283842 0.233409557540861 0.636899221550921 -5.43765134705224
"ORM1" -0.569279804734868 3.90623180911046 -1.20351621879717 0.234796486821443 0.636899221550921 -5.44177959318126
"CLIC1" -0.4836817359202 0.811425802114727 -1.20098561571717 0.235767321088259 0.636899221550921 -5.44465182740514
"A2M" -0.414796312974794 6.92086440788217 -1.18362578026656 0.24250630065649 0.649011149789316 -5.46420227110536
"FeTUB" -0.444525864537773 4.59737110107439 -1.17770500844587 0.244836388007702 0.649011149789316 -5.47080902840048
"SeRPINA1" -0.385109911749158 6.35969402538638 -1.17664275687811 0.245256141437094 0.649011149789316 -5.47199105853527
"KRT17" -1.49502833119352 3.23306572574161 -1.14431083251393 0.258282330343837 0.677468590621578 -5.50748815017561
"eeF1A1" 0.752295398957863 3.0991127531867 1.1413655684764 0.259493110546568 0.677468590621578 -5.51067541343129
"APOA2" 0.597763036324349 2.08057150987048 1.1116698954829 0.271927767753038 0.70078115935516 -5.54237740523368
"GDI2" -0.488159836912756 0.954614465279186 -1.11138605902785 0.272048618848365 0.70078115935516 -5.54267660530596
"Q04695" 0.689430949583801 2.13005613425584 1.10514222377673 0.27471670426445 0.70078115935516 -5.54924011261164
"TF" -0.361690622890287 6.50277193165561 -1.10168141889299 0.276203478022069 0.70078115935516 -5.55286301921761
"ITIH3" -0.824605930769239 4.77000855321383 -1.09883609674896 0.277430073369395 0.70078115935516 -5.55583355049829
"P34931" -0.538393422884993 0.857992294258848 -1.08880531789751 0.281784784224838 0.707188910086851 -5.56624764528903
"CCN2" 0.552603390708475 0.848101510689783 1.08328955722854 0.284199660733678 0.707363502403347 -5.57193558255331
"A1BG" -0.381706154409255 4.21514638674972 -1.08035305736674 0.285491182203921 0.707363502403347 -5.57495256318963
"P26583" 0.599156198050349 1.24120552866906 1.07075883778121 0.289739399929857 0.713345737801989 -5.58475551640629
"POTee" -0.551021242194528 1.39968024410531 -1.04112097451187 0.303139246719951 0.7391223173694 -5.6145127828375
"KRT73" 0.694352675554892 2.38587391724535 1.03500809978164 0.305955085667374 0.7391223173694 -5.62055132543434
"CHIA" -0.640103665294948 2.4685420252052 -1.02730201574985 0.309530251155052 0.7391223173694 -5.62811538625318
"APOH" -0.48032963425278 3.65061751575342 -1.02536601764949 0.310432899422398 0.7391223173694 -5.6300072279801
"HRG" 0.704573183849179 1.92868671409551 1.02312893558186 0.311478157772733 0.7391223173694 -5.63218904537931
"CSN1S2" 0.587241626601384 0.933327611109683 1.02284839082633 0.311609408865248 0.7391223173694 -5.63246233864125
"P14923" 0.75473488937331 1.10005277187694 1.01323340598043 0.316130471116327 0.739595927958631 -5.64178553905148
"KRT13" 0.507113570048544 1.66250528245446 1.00880499059623 0.318227633385513 0.739595927958631 -5.6460512734693
"KRT10" 1.61745903779831 2.01517132558285 0.988838667438475 0.327799667979527 0.739595927958631 -5.66506219517308
"F10" -0.570395317832077 1.80970480432474 -0.987545390222666 0.32842626053307 0.739595927958631 -5.6662810466817
"C3" -0.390149311332975 6.67762398894577 -0.986975032920179 0.328702853114694 0.739595927958631 -5.66681809565707
"TG" -0.717783738961366 0.984270444492584 -0.985186861540194 0.329571030085988 0.739595927958631 -5.66849991358625
"CSN1S1" 0.542296454937832 1.13340790595161 0.982806311840042 0.330729190214715 0.739595927958631 -5.6707343447459
"APCS" 0.684575153557036 0.844120548981667 0.977940828227159 0.333104738882844 0.739595927958631 -5.6752850748096
"KRT79" -0.778726690646503 2.46167221409469 -0.973278641718692 0.335391668326454 0.739595927958631 -5.67962535197492
"SeRPINA3-7" 0.387973655225566 4.07790237558185 0.968123904181112 0.337932327778963 0.739595927958631 -5.68440102199768
"ARF1" -0.394329121172095 0.8029556509391 -0.966516236092239 0.338727316630915 0.739595927958631 -5.68588549008483
"P23528" 0.33317827151825 0.892579134525166 0.964024374469022 0.339961983948475 0.739595927958631 -5.68818171623727
"VCL" -0.707820390962296 1.09331505663949 -0.962409460874533 0.340763729334986 0.739595927958631 -5.68966680600298
"HP" 0.821274465636811 0.825622886483792 0.961981769164348 0.34097627177842 0.739595927958631 -5.69005971516322
"H2BC18" 0.383611183088274 0.923136078527918 0.961384549619888 0.341273208061176 0.739595927958631 -5.69060808468784
"GSTA2" 0.711771113101916 1.55368427847348 0.957844614600849 0.34303676280049 0.739595927958631 -5.6938517575262
"P00747" 0.739491048520032 1.16782470389664 0.955654707999284 0.344130753111857 0.739595927958631 -5.69585263670827
"KRT77" -0.748987737762262 1.25641552382787 -0.944970715358631 0.349500972390192 0.743502153667067 -5.70555132853773
"APOB" 0.773388666238151 1.74147644688934 0.94143062116617 0.351292419320023 0.743502153667067 -5.70874183664472
"BPT2" 0.518741603113801 0.757961507238932 0.940661833814098 0.351682252634294 0.743502153667067 -5.70943318453133
"ARF3" -0.394329121172095 0.811710042282273 -0.925615680419851 0.359368673317077 0.755645480650502 -5.72285437937464
"P06396" -0.68070915128374 2.02434651694114 -0.89941933404665 0.373009110613545 0.772665565958364 -5.74572413074641
"KRT6B" -0.866394912802157 2.38420675803211 -0.898823244329764 0.373323299295463 0.772665565958364 -5.74623715916602
"PFN1" 0.719886015420068 1.84309090327684 0.898636206143423 0.37342191876651 0.772665565958364 -5.74639806714781
"KRT20" 0.555817516322061 1.26862606673491 0.887088353921033 0.379542959786625 0.7788684074329 -5.75627002790425
"HMGB2" 0.599156198050349 1.53454097001781 0.877171585240674 0.384849962234883 0.7788684074329 -5.76464920837209
"P05452" 0.377571670115122 0.807739349953079 0.874316061835291 0.386386751890189 0.7788684074329 -5.76704510724281
"APOA4" 0.599819397977173 2.32307816207925 0.873636300552547 0.386753155768386 0.7788684074329 -5.76761434160825
"YWHAB" -0.442050141421429 0.834450549216714 -0.870375593039221 0.38851377785131 0.7788684074329 -5.77033891840743
"P62826" 0.26982440046596 0.922613212676283 0.86739510247889 0.390127496116966 0.7788684074329 -5.77282073471355
"H2AZ2" 0.522009133830834 0.75206805292264 0.866827440264004 0.390435319921377 0.7788684074329 -5.77329248647109
"KRT6A" 0.686827447861057 2.57447632704768 0.859963809853471 0.394169278569344 0.782305353895279 -5.77897281515187
"KNG1" 0.373810728599631 4.61740896634327 0.851147540907277 0.398998117101186 0.787869378438382 -5.78620502339648
"THBS1" -0.436240054723243 3.8930104496408 -0.845278954205102 0.402232739698086 0.790245130012906 -5.79097916708777
"THBS4" 0.581791583263611 2.68668185264539 0.826748436672253 0.412552389748249 0.790515712630769 -5.80584374685232
"H2A1" 0.522009133830834 1.14609188733564 0.819881011772053 0.416417646111575 0.790515712630769 -5.81127140856398
"H2AJ" 0.522009133830834 1.14609188733564 0.819881011772053 0.416417646111575 0.790515712630769 -5.81127140856398
"H2AC20" 0.522009133830834 1.14609188733564 0.819881011772053 0.416417646111575 0.790515712630769 -5.81127140856398
"RAP1B" -0.503382730407814 1.4255291648707 -0.819547364155287 0.416605996277081 0.790515712630769 -5.81153398750212
"GSTA1" 0.484254648797513 1.25008334825289 0.81487811003853 0.41924731416409 0.790515712630769 -5.81519778099936
"H2AZ1" 0.522009133830834 0.791597280724162 0.814826403801393 0.419276620304199 0.790515712630769 -5.81523823923095
"NACA" 0.461315273433618 0.91529785373374 0.811592851932582 0.421111807135042 0.790515712630769 -5.81776342235869
"RAC1" 0.381103707909208 0.753457032582295 0.810623243665782 0.421663050486119 0.790515712630769 -5.8185187199352
"CFB" -0.534187390637645 4.64449267391141 -0.808815063438564 0.422692206239589 0.790515712630769 -5.81992489902822
"P63000" 0.381103707909208 0.746602443699595 0.803519445027514 0.425715019437285 0.792359533785186 -5.82402562700316
"JUP" 0.75473488937331 1.99121040639514 0.797235690650687 0.429318718740182 0.794165685197997 -5.82885757024046
"LDHA" 0.643281398853624 1.66580828478678 0.7930246274879 0.431743949708226 0.794165685197997 -5.8320750626249
"CORO1A" -0.328793495928371 0.712513251951128 -0.788543700706289 0.434333578361323 0.794165685197997 -5.83548054815489
"SeRPINA3-8" 0.604307937540715 2.79758284602325 0.782981070687083 0.437561199627821 0.794165685197997 -5.83968200665289
"H1-3" 0.382365091064237 1.12736348218594 0.782229257711814 0.437998516601816 0.794165685197997 -5.84024763148787
"SeRPINA6" -0.659145220789343 1.96343800635878 -0.777756457256622 0.440605627764488 0.794165685197997 -5.84360180067616
"LIMS1" -0.223915865502045 0.815161218650176 -0.774248326260105 0.442656862404162 0.794165685197997 -5.8462194586464
"COL6A1" 0.253254187797086 1.0531367631725 0.773631896223357 0.443017875804538 0.794165685197997 -5.84667822936912
"Q02413" 0.482612554808003 1.12524440089699 0.766573845095712 0.447163801032018 0.795798062218624 -5.85190573461599
"KRT4" 0.38023308777212 0.990790724299546 0.765121062977422 0.448019988755472 0.795798062218624 -5.85297593757346
"APOC3" 0.461315273433618 1.26793116509266 0.753565078965287 0.454864581486048 0.802090401627674 -5.86141827454667
"RPS4" 0.455496269184081 0.819531956561856 0.749652146387263 0.457195915126124 0.802090401627674 -5.86424851682181
"H1-2" 0.382365091064237 1.09669133478812 0.748124593651232 0.458107910937444 0.802090401627674 -5.86534950278564
"KNG2" 0.48434435036248 4.18853710619748 0.741432477173072 0.462115703058189 0.802090401627674 -5.87014703186507
"CPN1" -0.612924069283217 2.28334598915311 -0.741006803368904 0.462371313241033 0.802090401627674 -5.87045077145378
"CFL1" 0.33317827151825 1.04426362624368 0.735551487740145 0.465654340990976 0.802090401627674 -5.87432834015894
"KRT28" 0.799353175199807 1.28856412177471 0.733333478708796 0.466992959819097 0.802090401627674 -5.87589687482446
"CNTN1" -0.400281752607442 0.80892075336057 -0.731128998173312 0.468325594077532 0.802090401627674 -5.87745125950726
"CAP1" -0.579523196370341 1.40666138507366 -0.727426835069371 0.470568477151634 0.802090401627674 -5.8800513819027
"CFH" 0.400698638276188 4.72189086334204 0.724770133335026 0.472181753143284 0.802090401627674 -5.8819093049162
"HPX" 0.318931737103398 4.50017515274439 0.711635912019694 0.480203518290577 0.807285367864265 -5.89099691048781
"F2" -0.433514491717201 4.54461174228961 -0.711004848332919 0.480590863955601 0.807285367864265 -5.89142945494398
"AGT" -0.29076794847807 5.18031301631619 -0.709580415696294 0.481465823507736 0.807285367864265 -5.89240441200433
"H2B1" 0.383611183088274 0.994790927341528 0.70552190749615 0.483963667086389 0.807990843333071 -5.89517178465361
"H2BC12" 0.383611183088274 1.06456876744601 0.69993200649445 0.487415865667848 0.810276802328174 -5.89895794563861
"KRT78" 0.55056889316299 1.30137014592659 0.68981729329963 0.493697219910516 0.815572801572858 -5.90573394110411
"GGH" 0.326158030524566 0.733620435019389 0.686733795038286 0.495620967246811 0.815572801572858 -5.90778041676926
"ITIH1" -0.533540662308759 3.87981031137867 -0.684701086806556 0.496891398387577 0.815572801572858 -5.90912458738273
"DDBX" -0.374132904234615 1.17015546864944 -0.667505134439443 0.507710090143555 0.826460935241707 -5.92033955005433
"ITIH4" -0.278678190947224 5.57714384362311 -0.667403832845436 0.507774199287321 0.826460935241707 -5.92040478922577
"CD14" -0.431118710390023 1.00797114158891 -0.658590935526074 0.513368224647741 0.826475475473369 -5.92604321116334
"RAN" 0.26982440046596 0.88421758480203 0.658054825554038 0.513709588471365 0.826475475473369 -5.92638383823313
"KRT72" 0.653653859638881 1.86530528201292 0.656395968004932 0.514766624861828 0.826475475473369 -5.92743609944758
"Q7RTS7" 0.408989942488025 1.27703309365531 0.652436117897416 0.51729457919056 0.826475475473369 -5.92993741247653
"HBD" 0.405504002963222 0.958828187301187 0.649159983608915 0.519391055906742 0.826475475473369 -5.93199561686998
"VNN1" 0.393282983960754 2.81274626416241 0.641879810490215 0.524065968811666 0.826475475473369 -5.93653291468501
"MST1" 0.376324099731092 1.62360500018283 0.641314486853198 0.524429916879118 0.826475475473369 -5.93688314518849
"KRT27" -0.676496317725974 0.96613086091488 -0.63925649406977 0.525755954121905 0.826475475473369 -5.93815555788076
"PLG" -0.389360429739773 5.15979702787067 -0.637475910135264 0.5269046733095 0.826475475473369 -5.93925321403302
"KRT2" 0.425687397546396 3.01917522849957 0.631508542676552 0.530764057777819 0.829159312417452 -5.94290992132377
"Q14CN4" 0.365567198958025 1.17514041604347 0.628248480217298 0.532878735486794 0.829159312417452 -5.94489336437493
"F9" -0.370225568828201 1.31060263913142 -0.620361490993438 0.538012858544838 0.833812756868294 -5.94965013147167
"HSP90AA1" -0.541143502556642 2.06333001962018 -0.604655257390168 0.548312793554848 0.846403478939825 -5.95894679743703
"KRT6C" 0.563016914530674 2.32059859033938 0.599159996623516 0.551940113223571 0.846530506469702 -5.96214411038271
"ACTN1" -0.418774319384538 0.903885631692904 -0.597939443342518 0.552747425818263 0.846530506469702 -5.9628503672153
"OGN" -0.271208952305757 0.995878796308399 -0.589768335145355 0.558167404799973 0.8514789037929 -5.96754195404445
"KRT31" 0.42431946142451 0.79207591293003 0.57328017321863 0.569184745967925 0.864894008521574 -5.97681532619212
"Q8N1N4" -0.36802236900044 1.04438723187023 -0.567587445954383 0.573013355545024 0.865727827871829 -5.97995689304421
"HP20" -0.259836659507919 0.816240202931749 -0.565849774848804 0.574184523370005 0.865727827871829 -5.98090968110588
"TTR" -0.250016350213309 3.64932677107665 -0.559552629884407 0.578438491505144 0.868484152676502 -5.98433835526178
"PGK1" -0.412905912183474 1.51916776793932 -0.556541763642939 0.580477839835194 0.868484152676502 -5.98596434264963
"GSN" 0.188121724824384 4.70798588107988 0.541644195971477 0.590619215699677 0.878874879594777 -5.99388225388078
"P62979" -0.195719462749124 0.826696115854738 -0.529434365478921 0.598993194091578 0.878874879594777 -6.00021353450257
"ILK" -0.283663451360272 0.777665343783164 -0.529170460293292 0.599174802517853 0.878874879594777 -6.00034880605893
"KRT71" 0.366426476457032 2.1048396744389 0.524786620665298 0.602195335787148 0.878874879594777 -6.0025861141419
"CAPNS1" 0.242193132644553 0.858051979934831 0.52176000079268 0.604284848012437 0.878874879594777 -6.0041200317857
"COL1A1" 0.375305188064764 1.32880881656069 0.514144104837753 0.609557499414407 0.878874879594777 -6.00794105090805
"AMY2B" -0.237654528661933 0.923538375654455 -0.503053960931926 0.617272957546399 0.878874879594777 -6.01340583979519
"KRT80" 0.392673288087325 1.43445392804139 0.502209904468209 0.617861975558883 0.878874879594777 -6.01381693317951
"LUM" 0.266646483220844 3.21823144904628 0.500748842760145 0.618882165160485 0.878874879594777 -6.01452692223704
"eNO3" 0.440105272467029 0.933274938181608 0.497594567632097 0.621087229042843 0.878874879594777 -6.01605273664282
"CFD" 0.252528789524332 1.78210932271283 0.492991004785415 0.624311759553678 0.878874879594777 -6.01826249751355
"HSPA2" 0.382365091064237 0.839082397910449 0.488613251422176 0.627385029385198 0.878874879594777 -6.02034501887565
"P62987" -0.195719462749124 0.778036181657141 -0.488523456666146 0.627448137226795 0.878874879594777 -6.02038754238565
"C4BPA" -0.32505984197537 1.20731446658283 -0.487147366415031 0.628415606426535 0.878874879594777 -6.02103824103825
"AMBP" 0.237400315423469 3.38053727812444 0.486274564268933 0.629029577404576 0.878874879594777 -6.02145001334245
"F5" -0.402142898323508 4.70170584827196 -0.486114745401887 0.629142030375467 0.878874879594777 -6.0215253338523
"CSN2" 0.272895898342557 0.834847588435451 0.476261274458628 0.636092266084381 0.878874879594777 -6.02612181367432
"FGB" -0.386034731082922 2.98846075906545 -0.475036709118439 0.636958356470912 0.878874879594777 -6.02668654387348
"AMY1A" -0.237654528661933 0.931305959676543 -0.47426714934877 0.637502900175741 0.878874879594777 -6.02704070360626
"AMY1B" -0.237654528661933 0.931305959676543 -0.47426714934877 0.637502900175741 0.878874879594777 -6.02704070360626
"AMY1C" -0.237654528661933 0.931305959676543 -0.47426714934877 0.637502900175741 0.878874879594777 -6.02704070360626
"KRT222" 0.242193132644553 0.969104467853743 0.474163708558791 0.637576110719888 0.878874879594777 -6.02708826483484
"KRT84" 0.349791641306301 0.773961847807489 0.471606526506063 0.639387123201342 0.878874879594777 -6.02826077047525
"KRT9" 0.167048329730108 2.91951637462526 0.463542332534675 0.645112740816912 0.881662569099505 -6.03191720009303
"KRT1" -0.178732363025825 3.40895010581031 -0.46236827166467 0.645948154738712 0.881662569099505 -6.0324443287593
"KRT5" 0.287235104368359 4.73730482687423 0.457198007251187 0.649632579372866 0.881939137190967 -6.0347499120973
"TPI1" 0.220297930155474 1.21743964433329 0.455723212974279 0.650685173197449 0.881939137190967 -6.03540286085165
"AFP" -0.142366729991172 5.71185561573929 -0.447960167069358 0.656237653220989 0.88637655244085 -6.03880539888929
"TLN2" 0.252770389968554 1.10544850568922 0.426285595647352 0.671843554340005 0.904315372450733 -6.047998529003
"SeRPINB12" 0.158666423112267 0.756539404534591 0.397921157545039 0.69248789843974 0.926050392377123 -6.05934584738384
"KRT16" 0.242341209953366 2.4557089568436 0.397559966709501 0.692752350081601 0.926050392377123 -6.05948534388472
"HBA" 0.143664393468991 4.58751823349648 0.394182772204355 0.695226883444671 0.926175539931428 -6.06078357233277
"P05786" 0.431245689515766 1.65283958906743 0.381406580585844 0.704618392148242 0.935483121316266 -6.06559534115958
"KRT74" 0.382365091064237 1.00583262753999 0.378001267600833 0.707129504213353 0.935623731765286 -6.06685126625053
"COL1A2" -0.210863536658316 1.39275872210061 -0.364323021220774 0.717248904914215 0.943408828102947 -6.07178319762499
"ADIPOQ" 0.163111400413225 2.9311360628011 0.36349415303683 0.717863786936947 0.943408828102947 -6.07207625487655
"RGN" 0.161543576684112 1.09112540622662 0.351237565901934 0.726977957106669 0.947145896522449 -6.07633226241365
"HBBF" -0.112695594951155 5.11778033064974 -0.349829561583673 0.728027556678839 0.947145896522449 -6.07681188572988
"SeRPINC1" -0.207105676463462 5.03021048165686 -0.346920581820217 0.730197727579027 0.947145896522449 -6.07779673320022
"UBA52" -0.195719462749124 1.32474527356399 -0.346587032159943 0.730446706829653 0.947145896522449 -6.07790913514219
"KRT25" -0.391416232944988 1.02313114472002 -0.332047647385595 0.74132783330443 0.951534821511799 -6.08270418115816
"P04272" 0.29515430808585 1.30785720245291 0.327958017739086 0.744398228113716 0.951534821511799 -6.08401608755972
"GPLD1" 0.241945621293775 1.3278744502177 0.3269291842454 0.74517131421369 0.951534821511799 -6.08434357831736
"P08729" -0.19136037137223 0.884330985275087 -0.326338004159296 0.74561565870768 0.951534821511799 -6.08453129514092
"FN1" 0.290860244923769 3.71655401057699 0.325744275642291 0.746062006583802 0.951534821511799 -6.08471948082686
"AOCX" 0.239489840438462 0.823072621196081 0.322114205552882 0.748792895839723 0.95189685124723 -6.08586263453286
"KRT8" 0.23019866822128 1.48481870418941 0.318565820858374 0.751465480460102 0.952182644622084 -6.08696773974367
"MYH9" -0.199631040673934 2.01663136304521 -0.309561754867567 0.758260948931111 0.954127268361491 -6.08971725708837
"PRDX6" -0.17559561649252 0.949518417498619 -0.307578029404296 0.759760704875898 0.954127268361491 -6.09031246430064
"F12" 0.182574199548762 1.484624969185 0.306787681889989 0.760358491496304 0.954127268361491 -6.09054854276386
"RPS27A" -0.195719462749124 1.46532108751238 -0.297370162617724 0.767492791860917 0.959982945446613 -6.09331502567911
"HBB" -0.208666712137505 3.6927480636675 -0.281411557547227 0.779628584392822 0.969812213712796 -6.09780684935306
"B4GAT1" -0.100574176802842 0.751939136810005 -0.280481844064897 0.780337333912867 0.969812213712796 -6.09806092500402
"C4" 0.116886009777953 4.65920312784159 0.276510222825472 0.783367139440491 0.97047712497564 -6.09913686981833
"TUBB4A" 0.242193132644553 0.896577065405481 0.266797595443595 0.790790759457932 0.975138099493254 -6.10170366924597
"C1S" -0.124368752190859 0.797910518051992 -0.265031148929788 0.792143031979096 0.975138099493254 -6.10216066430773
"CATHL1" 0.117655039709101 0.722043678629876 0.259274048442743 0.796554741388193 0.977475692113587 -6.10362907066611
"P68032" 0.167244036861349 2.03404680916652 0.241730093012874 0.810039666479601 0.988234420166052 -6.10790552686672
"OMD" -0.102220603137602 0.719840954152191 -0.236319141469695 0.814210701635067 0.988234420166052 -6.1091642096893
"PPIA" 0.141099037593916 1.38578062735525 0.23454141593375 0.815582256229822 0.988234420166052 -6.10957153702983
"BLVRB" 0.13906724289556 1.38693584183561 0.230585707510096 0.81863626032186 0.988234420166052 -6.11046689227395
"K2C4" -0.247722956367163 1.19799091914634 -0.228266915947716 0.820427807647967 0.988234420166052 -6.11098467597309
"COMP" 0.17122317736263 2.11594427770156 0.226091734287961 0.822109278683556 0.988234420166052 -6.11146564562168
"GFAP" 0.16825728916587 1.17734737471369 0.224803809854648 0.823105275408229 0.988234420166052 -6.11174826193591
"P13645" 0.0723266690289641 3.13597377247352 0.220441738762353 0.826480792957676 0.988957318230858 -6.11269348735401
"HABP2" 0.103193395939029 1.22761421618688 0.217457520128505 0.828791994198611 0.988957318230858 -6.11332949681916
"CPB2" 0.145618554805302 2.51229027992346 0.203255003077186 0.839812115382773 0.997151370297873 -6.1162378329725
"O95678" -0.18051057016016 1.53894183147187 -0.202002277385033 0.840785731253734 0.997151370297873 -6.11648495525871
"LOX" 0.0902777725487032 0.816160085207953 0.198658835258536 0.843385474643421 0.997194375794197 -6.11713704146536
"KRT19" -0.178699975724538 2.98511971955223 -0.191280477636425 0.849128823106865 0.998294170931304 -6.11853763161934
"SeRPINA7" -0.105691647848071 3.67551016269991 -0.189207705527105 0.850743781273547 0.998294170931304 -6.11892157285098
"CDH1" 0.0902777725487032 0.741230459058091 0.184860877730038 0.854132614876278 0.998294170931304 -6.11971317568413
"CALD1" 0.0902777725487032 0.74005781239672 0.177915068605692 0.859553386525031 0.998294170931304 -6.12093995089664
"PeBP1" 0.0795944416325171 0.80566044467276 0.168628027815258 0.866811986608274 0.998294170931304 -6.12250693988551
"DSP" -0.133171367749197 1.47603450015398 -0.1630954537492 0.871141715204452 0.998294170931304 -6.12340057282223
"TRAP1" 0.0902777725487032 0.747289114942391 0.155343523266295 0.877214967890651 0.998294170931304 -6.1246025952343
"FABP1" 0.0819686401035247 0.723699590153096 0.148972422525877 0.882212017495731 0.998294170931304 -6.12554673636523
"ACTC1" 0.16724403686135 3.26018247841033 0.142451472451382 0.887331612733386 0.998294170931304 -6.12647218493829
"SPP2" 0.0902777725487033 1.00746553062325 0.13648160740356 0.892022815315707 0.998294170931304 -6.12728314224943
"P12259" 0.0791144529007273 0.921348733982136 0.133229766725399 0.894579809687281 0.998294170931304 -6.12771028618375
"S100A9" 0.0673728748244843 0.904075742037082 0.130249194286735 0.896924494049397 0.998294170931304 -6.12809275793634
"APOA1" 0.0536157219987778 5.73016030923517 0.128373345635011 0.898400618994061 0.998294170931304 -6.12832903634647
"F13A1" -0.0666567532852791 1.65008116970273 -0.125259587318336 0.900851666710583 0.998294170931304 -6.12871367822503
"FGA" 0.065926908237373 3.23023216956481 0.100127001329 0.920668881547085 0.998294170931304 -6.13147274627117
"KRT15" 0.0823917624871652 1.05196784790562 0.0880506917724618 0.930210047678776 0.998294170931304 -6.13257972133575
"RBP4" -0.0680640458501915 1.86564983922821 -0.0832080350750271 0.934039090599085 0.998294170931304 -6.13298372641229
"PROS1" -0.0835459937470842 2.09391382770784 -0.0819809657686861 0.935009576538763 0.998294170931304 -6.13308246925549
"PROC" -0.0533880449958968 1.6725020153346 -0.0819488888412093 0.935034947441267 0.998294170931304 -6.13308503083139
"P08727" 0.0570698215394496 1.416951926209 0.0783640508537366 0.937870759602271 0.998294170931304 -6.13336499169338
"LDHB" -0.0565192402602972 1.6409401660241 -0.0731679787488489 0.941982584658848 0.998294170931304 -6.13374856236514
"SeRPINA3-1" -0.0821581169410353 3.96706252848331 -0.0688726095369232 0.945382863863802 0.998294170931304 -6.13404578747073
"GAPDH" 0.0306632079059508 3.11524845379032 0.0627485925617377 0.950232489125175 0.998294170931304 -6.13443847001899
"SeRPINA3-5" -0.0443456680018404 4.180000474502 -0.053926769155719 0.957221812508291 0.998294170931304 -6.13493991782422
"DSG1" -0.0295161761806689 1.10922966829358 -0.050376385895377 0.960035687352235 0.998294170931304 -6.13512033075272
"CL43" 0.0236549344441854 1.01997150344783 0.0424152002465491 0.966347180797692 0.998294170931304 -6.13548023475441
"LYSM" 0.0175733455917704 1.09459348779693 0.042317587464423 0.966424580903641 0.998294170931304 -6.13548426435606
"APOD" -0.0215529521961932 2.03025949694095 -0.0406364544261595 0.967757652364936 0.998294170931304 -6.13555220728712
"SeRPINA3-2" -0.0211419740937568 4.76093658631639 -0.0379918411626566 0.969854911970993 0.998294170931304 -6.13565351612966
"COL2A1" 0.0175733455917704 0.758061130802922 0.0378995172319531 0.969928131660247 0.998294170931304 -6.1356569297402
"IGFBP6" 0.0175733455917704 0.737406371623844 0.0375942432224928 0.970170238334013 0.998294170931304 -6.13566815789501
"FMOD" 0.0216591655863922 1.14447821963996 0.037035051742591 0.970613729186705 0.998294170931304 -6.13568848978259
"GARIN1B" 0.0175733455917704 1.00494114708315 0.0363055224821466 0.971192327820969 0.998294170931304 -6.13571455703735
"CLU" -0.0234234807751288 3.15427172728283 -0.0355540153489119 0.971788373737804 0.998294170931304 -6.13574086736888
"CHI3L1" 0.0175733455917704 0.89653022475856 0.0326518142759845 0.97409035791765 0.998294170931304 -6.13583730776905
"CATHL4" 0.0175733455917704 1.03048592688038 0.0323219900461957 0.974351984224052 0.998294170931304 -6.13584774852444
"CKM" 0.0175733455917704 1.35290143801116 0.0315741650424281 0.97494519157724 0.998294170931304 -6.13587102869243
"LASP1" 0.0175733455917704 0.732436238002766 0.0309338502922254 0.975453128496676 0.998294170931304 -6.13589052898119
"RNASe4" 0.0175733455917704 0.913827514006548 0.0305549685448205 0.975753685581178 0.998294170931304 -6.13590187940207
"C9" 0.0192616144946585 2.64589591784853 0.0290303332134865 0.976963174801421 0.998294170931304 -6.13594614005389
"ARG1" 0.0175733455917703 0.902931337311827 0.0278215494426621 0.977922138800752 0.998294170931304 -6.13597962170944
"CRYZ" 0.0175733455917704 0.885192587043593 0.0240039131313688 0.980950992371505 0.998294170931304 -6.1360760162592
"TUBA8" 0.0175733455917704 0.761675413084207 0.0231941492939694 0.981593484430004 0.998294170931304 -6.13609463706311
"CRYZL1" 0.0175733455917704 0.862178149099808 0.0204644641309893 0.983759390647826 0.998294170931304 -6.13615270001829
"FAP" 0.00953481765829112 0.71726928331621 0.0199507169059161 0.984167044760894 0.998294170931304 -6.13616281607677
"MDH1B" 0.0175733455917703 1.38426449232822 0.0193854454293964 0.984615587861452 0.998294170931304 -6.1361736495217
"TUBB2B" 0.0175733455917704 0.92920761844114 0.0186743157399155 0.985179876613107 0.998294170931304 -6.13618683611551
"B4GALT1" -0.00904213924893671 0.74343284348161 -0.0170957565148455 0.986432506583653 0.998294170931304 -6.13621434663935
"F11" 0.00766662919815508 0.873681843585717 0.0145507835894733 0.988452083614799 0.998294170931304 -6.1362535865695
"SeRPINA3-4" 0.00765887768273199 4.36803406739786 0.00856984766994253 0.993198564668078 0.998294170931304 -6.13632096000852
"UBB" 0.00286746323882925 0.754972106198902 0.00810461693511288 0.993567785230232 0.998294170931304 -6.13632473956536
"P0CG48" 0.00286746323882925 0.754972106198902 0.00810461693511288 0.993567785230232 0.998294170931304 -6.13632473956536
"LTF" -0.00609007950799012 2.30720693197382 -0.00587364432877688 0.995338367915033 0.998294170931304 -6.13633993342686
"CDH5" 0.0030132835495843 1.06888632862755 0.0046523708522272 0.996307626496336 0.998294170931304 -6.13634619665025
"COL10A1" 0.00203449754548453 0.950811369126076 0.00427342466013115 0.996608376767383 0.998294170931304 -6.13634784460599
"P0CG53" 0.00286746323882939 1.11835979345701 0.00426315549587048 0.996616526886576 0.998294170931304 -6.13634788731703
"UBC" 0.00286746323882936 1.17848232632556 0.00408361260244731 0.996759021109196 0.998294170931304 -6.13634861745957
"RAP1A" 0.00223372295968727 0.740491933861778 0.00353777385593016 0.997192226682004 0.998294170931304 -6.13635064429954
"SeRPINB3" 0.00155949529320001 0.93675025011604 0.00240484825927812 0.998091377010268 0.998294170931304 -6.13635392450216
"P05109" 0.00106027425850963 0.857391557633852 0.0021493292682852 0.998294170931304 0.998294170931304 -6.13635449146467
