"logFC" "AveExpr" "t" "P.Value" "adj.P.Val" "B"
"P63261" 4.95104963478409 2.61637983050475 19.2700897426845 9.67613381925505e-25 1.88200802784511e-22 44.5316400737122
"P60709" 4.95104963478409 2.61637983050475 19.2700897426845 9.67613381925505e-25 1.88200802784511e-22 44.5316400737122
"P13645" 5.16482954236802 3.13597377247352 15.9916954040865 2.93515183351338e-21 3.80591354412235e-19 37.2988178794582
"P02768" 5.98537307024053 3.38571285078241 15.7150428990309 6.08024499560759e-21 5.91303825822838e-19 36.6299242160484
"KRT1" 5.86752505876493 3.40895010581031 15.3832240220005 1.47316360754456e-20 1.14612128666967e-18 35.8147727766362
"KRT9" 5.06124100016769 2.91951637462526 15.006561220413 4.0851307779582e-20 2.64852645437623e-18 34.872162562692
"TLN1" 5.35810560618905 2.87545084798534 13.8043028558103 1.18616806686435e-18 6.59170540014616e-17 31.7368673107314
"P68366" 3.84143857551291 1.95366699123422 9.26089060010931 2.06570008627125e-12 1.0044466669494e-10 18.0698400334898
"KRT2" 5.07386092449196 3.01917522849957 8.08889699845666 1.24412613164755e-10 5.3773896134544e-09 14.1161057467644
"P19823" 3.1765052902061 1.84784059236717 7.87677662810762 2.64393539038271e-10 1.02849086685887e-08 13.3875102902416
"FLNA" 4.41740043853312 1.94622889739667 7.67479043415277 5.4341596698209e-10 1.92171646505485e-08 12.6909515532035
"TUBA1B" 3.59812379337392 1.83936878995559 7.09659795091287 4.31824510317135e-09 1.3592204394526e-07 10.6861477288342
"TUBB1" 2.40919258829615 1.42581639624191 7.08251925875662 4.5423819313326e-09 1.3592204394526e-07 10.637198225648
"KRT14" 3.92045737782992 2.59721950884683 6.8194837122657 1.16976110860151e-08 3.2502647946142e-07 9.7222100967011
"P68032" 4.16104234501059 2.03404680916652 6.40437602276637 5.2033900670267e-08 1.34941249071559e-06 8.2790330025341
"P07996" 3.9523180218391 2.00970292703318 6.35221096507761 6.27526376200788e-08 1.52567350213816e-06 8.09799572064843
"KRT71" -3.85426711192591 2.1048396744389 -5.93763453123385 2.7681499774717e-07 6.14817820806182e-06 6.66447361448433
"eeF1A1P5" 2.40837501927179 1.9684402153512 5.92996615124819 2.84491536619827e-07 6.14817820806182e-06 6.63807222991358
"FBLN1" 2.9072093237833 1.37059447289955 5.83513833788918 3.98851978389856e-07 7.80406752946233e-06 6.31202483896971
"LOX" -2.49268725890416 0.816160085207953 -5.83346301062494 4.01237405113744e-07 7.80406752946233e-06 6.30627208851695
"P01024" 3.54284063542216 2.31548225916967 5.75600887852464 5.28459313938379e-07 9.7890796724776e-06 6.04061607207403
"P13647" 3.8254874955406 2.60010411438863 5.72931690444994 5.81000408852079e-07 1.02731435928845e-05 5.94921141751265
"MYH9" 3.32117712876454 2.01663136304521 5.62994678540963 8.26343124009555e-07 1.39759771843355e-05 5.60962933630116
"P11142" 2.48490726575701 1.4286386572736 5.60082677930936 9.16025421687569e-07 1.48472453765194e-05 5.51033812342235
"POTee" 2.92971971831484 1.39968024410531 5.58408544044802 9.71884914281683e-07 1.5122529266223e-05 5.45330260399374
"P06396" 4.06274971918427 2.02434651694114 5.55683874323962 1.07010073491377e-06 1.6010353303133e-05 5.36055324256192
"P68371" 3.0461750502212 1.62509992330438 5.51944440917996 1.22108431988714e-06 1.75926592754111e-05 5.23341921364214
"CKM" -3.00750837952014 1.35290143801116 -5.4391582188859 1.62019620295581e-06 2.25091543910647e-05 4.96110938169361
"P68104" 2.40837501927179 1.89863603467514 5.33924429875975 2.30097560317908e-06 3.08648106771263e-05 4.6235494299747
"C4A" 2.80199316056825 1.81106546131638 5.26566687511301 2.97655657352054e-06 3.85960169033163e-05 4.3759773034514
"CHI3L1" -2.83537524734588 0.89653022475856 -5.18668575268156 3.9204532246886e-06 4.91953646581892e-05 4.11124587836312
"KRT79" -3.82484010488379 2.46167221409469 -5.1759563091469 4.06962194804752e-06 4.94713418059526e-05 4.07536799124003
"P07900" 3.00894601610734 1.43066996680378 5.15475207999503 4.3810787367832e-06 5.16436251093535e-05 4.00452562200362
"F12" -2.86723656911883 1.484624969185 -5.02658629846339 6.83070573138484e-06 7.81513096914324e-05 3.57815262007553
"KRT16" 3.20537080035686 2.4557089568436 4.95915536540857 8.61863649523428e-06 9.57899884756039e-05 3.35515435880115
"COL6A1" 1.49909351953084 1.0531367631725 4.88990379336796 1.09332429965216e-05 0.000118139764601303 3.12714983700075
"P02771" 2.18440889563678 1.3284525812195 4.71321513087031 1.99716835518522e-05 0.000209972564910014 2.55042903334098
"VTN" 1.63118742575404 1.40921416454494 4.69816960672637 2.10165315653211e-05 0.000215142915234472 2.50167220990561
"KRT6A" 3.7802456011643 2.57447632704768 4.62036312123921 2.73356927692295e-05 0.000272656012493084 2.25046649202783
"PKM" 1.78548484766126 1.51734925952507 4.59034884486493 3.02417206827031e-05 0.000294100733639288 2.15399252942136
"NACA" -2.34987909724351 0.91529785373374 -4.48671302131685 4.27926774013223e-05 0.000406008573393033 1.82280140177675
"CAPNS1" -1.88495927536135 0.858051979934831 -4.43722962538408 5.04587496073526e-05 0.000467344133268099 1.66575722820961
"COL10A1" -1.95576720980451 0.950811369126076 -4.38476792195038 6.00486989548794e-05 0.000543231253336002 1.50006255546099
"APOB" 3.3447306773314 1.74147644688934 4.3594405891154 6.5293460499412e-05 0.000577253548506166 1.42037152067777
"DSG1" -2.39016860796639 1.10922966829358 -4.28076651995508 8.45935205352912e-05 0.000719873874017382 1.17412255564483
"IGFBP3" -3.21067422468491 1.51430664029472 -4.27885185242148 8.51264735341891e-05 0.000719873874017382 1.16815456692228
"P63104" 1.32826681024322 1.02876247999891 4.23524186380404 9.8189203572244e-05 0.000812672344459637 1.03255067855998
"LYSM" -1.72499874845956 1.09459348779693 -4.17472295888524 0.00011959015378808 0.000969178537990902 0.845429645996955
"GARIN1B" -1.96713021426683 1.00494114708315 -4.07313963147538 0.00016608502751715 0.00131851174906472 0.534214739760376
"JUP" -3.49972013536033 1.99121040639514 -4.04722179650873 0.000180506970149665 0.00140434422776439 0.455407950351228
"CALD1" -1.89988240031239 0.74005781239672 -3.99596739994672 0.000212680847577483 0.00162221273936551 0.300297517542368
"KRT17" -5.22561307595216 3.23306572574161 -3.96760364453633 0.000232801268958532 0.00173153598885092 0.214888258755235
"ANXA5" -1.78696564485832 0.90890180110496 -3.96342574978638 0.000235916214419277 0.00173153598885092 0.202333837218051
"F10" -2.11615810759156 1.80970480432474 -3.88438873888535 0.00030301814715145 0.00218285294892433 -0.03388333039541
"eDIL3" 1.83673847775349 1.05310899536172 3.8629229349859 0.000324212374202164 0.0022930657011753 -0.0976088372453692
"P04406" 1.85626945037689 1.55420244363732 3.8495677179422 0.000338112220617845 0.00232819706163268 -0.13716224041116
"LTF" -3.68350973977871 2.30720693197382 -3.84671979453664 0.000341149697977025 0.00232819706163268 -0.145587371633084
"P02788" 1.64728386951146 1.35017089856469 3.83113987447346 0.000358237548700287 0.00240266218007606 -0.191619290012549
"CSN1S1" -2.3000102156227 1.13340790595161 -3.78120855738439 0.000418734689043429 0.00276081006843888 -0.338467358063668
"AMY2B" 1.6434154422948 0.923538375654455 3.75796003606036 0.000450148630379185 0.00291846362029171 -0.406484047809271
"KRT73" -2.6322265299966 2.38587391724535 -3.70566865231866 0.000529294507574289 0.00337533710567866 -0.558623825102185
"P01023" 3.0277828544791 2.44612252397125 3.67672291343702 0.000578681425551326 0.00363075926676558 -0.642328761435166
"Q04695" 2.38499211082492 2.13005613425584 3.66222516719348 0.000605049496692221 0.00373594054306784 -0.684114141124557
"UBA52" -2.1766943788484 1.32474527356399 -3.65058752400894 0.000627045185903411 0.00381087227944823 -0.717588440625086
"HRG" -2.34321572364183 1.92868671409551 -3.64556229786308 0.000636778144380809 0.00381087227944823 -0.732024183236859
"KRT6B" 3.7802456011643 2.38420675803211 3.61789283960167 0.000693015011556199 0.00408458847720245 -0.811305369922349
"APOH" -1.58943399622255 3.65061751575342 -3.60081672084321 0.000730061664923949 0.00423871623366293 -0.860060239927028
"APOA2" -1.89607718726509 2.08057150987048 -3.58505666672943 0.000765928537147763 0.00438156177868352 -0.904939148687204
"CSN2" -2.08342950174179 0.834847588435451 -3.55810405730537 0.000831204735933025 0.00468606727939053 -0.981424682191445
"P08238" 2.16063918095528 1.23310560991947 3.52031891311638 0.000931721420141577 0.00517770903478676 -1.08807932490882
"CDH1" -1.7144166276958 0.741230459058091 -3.49552070345689 0.00100388563345782 0.00550016213260693 -1.15770913757444
"KRT75" -2.32133998406862 3.76148145514914 -3.45376329624059 0.00113758887561991 0.00614613989744645 -1.27429066433371
"KRT7" -2.09692543874806 3.17526847580436 -3.42996897366558 0.00122118976202386 0.00650743585516824 -1.34034217754628
"HBA1" 1.81174928532204 1.82643888532008 3.35639580201089 0.00151822728591293 0.00793657422048367 -1.5428004424574
"B4GAT1" -1.32301752871271 0.751939136810005 -3.35372894124566 0.00153018783171279 0.00793657422048367 -1.55008798635418
"OMD" -1.3673363129156 0.719840954152191 -3.30378825544103 0.00177136685513877 0.00906660140327605 -1.68588556858431
"KRT78" -2.42095541332587 1.30137014592659 -3.2680597924158 0.00196554437227537 0.00992982806253402 -1.7822455465121
"KRT13" 1.66873606167831 1.66250528245446 3.25567834652021 0.00203741041567441 0.0101609314320172 -1.81548225162275
"KRT20" -2.05058919910564 1.26862606673491 -3.23947399932565 0.00213522244828505 0.0105139434478846 -1.85885866714316
"SeRPINA5" -1.4820162231305 4.45273357818194 -3.21672236886846 0.00228006175897042 0.0110868003029937 -1.9195251851137
"TUBB" 1.94995307788142 1.55550919138058 3.20838212696994 0.00233544187887238 0.0112158875417451 -1.94169473231122
"LRP1" 1.55765495944795 0.778836242934973 3.19538957561447 0.00242424808142748 0.0113830941175345 -1.97615612246992
"KRT35" -2.78466168735928 1.15178337413476 -3.19473813174896 0.00242878357777729 0.0113830941175345 -1.97788160861827
"TUBA1A" 2.23064280035008 1.4003424540644 3.16023589531109 0.0026807541226743 0.0124144446871464 -2.06893838483345
"Q13509" 1.90403835811588 1.07733684802175 3.11301885437106 0.00306564809051535 0.0140298483201232 -2.19249168813591
"MDH1B" -2.60563321258258 1.38426449232822 -3.06138242296322 0.0035457047403388 0.0160381295812999 -2.32618344811719
"POSTN" 2.07705490413345 1.03572541643493 3.050810865822 0.00365230657218923 0.0163304282365702 -2.3533680293406
"MST1" -1.76731092510398 1.62360500018283 -3.02190380371902 0.00395932669548935 0.0174056359214599 -2.4273752742658
"IGFBP2" -3.3834113249706 2.49221021613105 -3.01982905867493 0.00398226631622091 0.0174056359214599 -2.43266849278774
"CSN1S2" -1.99661201030201 0.933327611109683 -2.99391666914015 0.0042794367775041 0.0184966767383233 -2.4985676295808
"CL43" -1.52395657246691 1.01997150344783 -2.96931217036766 0.00458066742040642 0.0195810947971219 -2.56077811350257
"KNG1" -1.32825823156156 4.61740896634327 -2.96284051921556 0.00466312343593219 0.0197169023541046 -2.57708210548322
"APOD" -1.45333907106042 2.03025949694095 -2.95154695665861 0.0048103401080157 0.0199712722238718 -2.60547469899839
"H2AZ2" -1.72598822646894 0.75206805292264 -2.9503674438714 0.00482596295384049 0.0199712722238718 -2.60843570278492
"BLVRB" -1.67486067293186 1.38693584183561 -2.93878977880038 0.00498184114395852 0.0203993284736828 -2.63745601864582
"ACTG2" -3.39237556262483 1.27257902236426 -2.92472211012706 0.00517755365788518 0.0207635914733746 -2.67261036716349
"ACTA2" -3.39237556262483 1.27257902236426 -2.92472211012706 0.00517755365788518 0.0207635914733746 -2.67261036716349
"MYH11" 1.16226131728625 0.813994716585664 2.91118919234996 0.00537255929037306 0.0210736733783954 -2.70631674101841
"H2A1" -1.72598822646894 1.14609188733564 -2.90449202710927 0.00547157072292528 0.0210736733783954 -2.7229566732448
"H2AJ" -1.72598822646894 1.14609188733564 -2.90449202710927 0.00547157072292528 0.0210736733783954 -2.7229566732448
"H2AC20" -1.72598822646894 1.14609188733564 -2.90449202710927 0.00547157072292528 0.0210736733783954 -2.7229566732448
"KRT19" -2.7221586160371 2.98511971955223 -2.8738607045046 0.00594642535206274 0.0226780339407099 -2.79871873267221
"F13A1" -1.45171141544491 1.65008116970273 -2.86827842555365 0.00603698135215926 0.0227998616115529 -2.81246433523193
"OGN" -1.33964885254775 0.995878796308399 -2.85817023604651 0.00620422119399891 0.0232061735044767 -2.83730599334285
"ARG1" -1.68754094772815 0.902931337311827 -2.83056669145164 0.00668305755958573 0.0247591370540843 -2.90482469762879
"KLKB1" -1.68948596877202 2.46678569176775 -2.82064696469446 0.00686333630937325 0.0251871492862849 -2.92897376828393
"HABP2" -1.40499345520665 1.22761421618688 -2.81671796242611 0.00693597744827192 0.0252158432465213 -2.93852187316667
"VCL" 2.32699936801817 1.09331505663949 2.79572175247699 0.00733636767686839 0.0261988902631302 -2.98938330928724
"CLeC3B" -1.71721099725037 2.73554187031115 -2.79548115184713 0.00734107722026013 0.0261988902631302 -2.98996454954309
"H2AZ1" -1.72598822646894 0.791597280724162 -2.76061604458814 0.00805383036278949 0.0283297206125073 -3.07380723448085
"CFH" -1.53658915240193 4.72189086334204 -2.75921322127137 0.0080838020256769 0.0283297206125073 -3.07716467792527
"IGF2R" 1.90140370279094 1.02689686977619 2.73152899549973 0.00869672631143454 0.0302055940638218 -3.14316715115898
"KRT81" -2.480432041604 0.813650693129048 -2.72502324010394 0.00884684018983283 0.0304550516269466 -3.15860679151487
"P04272" -2.31996713059874 1.30785720245291 -2.71588291437206 0.00906177469457892 0.0309213189139579 -3.18025309819598
"KRT222" -1.36775475859112 0.969104467853743 -2.69747992480044 0.00950915824181761 0.0321657613571048 -3.2236726088316
"P0CG53" -1.7991255401085 1.11835979345701 -2.6905660536798 0.00968241709586557 0.0324694849163078 -3.23992856904759
"CCN2" -1.57463825057589 0.848101510689783 -2.67342416881281 0.0101245613076508 0.0336620029801382 -3.2800991627695
"KRT5" -1.67531924374342 4.73730482687423 -2.65510380074166 0.0106175156012435 0.0350018099057942 -3.32282003221269
"P01008" 1.72620056164523 1.71175059502475 2.65133431180495 0.0107216318748923 0.0350480235238076 -3.33158281327105
"TLN2" 1.45434691909172 1.10544850568922 2.64659642752198 0.0108538221342606 0.0351844734185616 -3.34258357611514
"Q9BQe3" 2.16454175873841 1.17739584610662 2.64198734926316 0.0109838489955377 0.0353117128864807 -3.35327113076573
"HSP90AA1" 2.29170537894434 2.06333001962018 2.61832111464831 0.0116742310260973 0.0371692745797489 -3.40792816152115
"AMY1A" 1.21140396147721 0.931305959676543 2.60654734499761 0.0120322630768258 0.0371692745797489 -3.43498162888296
"AMY1B" 1.21140396147721 0.931305959676543 2.60654734499761 0.0120322630768258 0.0371692745797489 -3.43498162888296
"AMY1C" 1.21140396147721 0.931305959676543 2.60654734499761 0.0120322630768258 0.0371692745797489 -3.43498162888296
"PZP" 2.38057099792556 1.74957636782378 2.6063157526181 0.0120394051338004 0.0371692745797489 -3.43551285305951
"UBC" -1.7991255401085 1.17848232632556 -2.60005044893262 0.0122340951996465 0.0374729372650591 -3.44987060406324
"RPS27A" -1.7991255401085 1.46532108751238 -2.58068753805204 0.0128540855426286 0.0390643693443946 -3.49407773472623
"KRT3" 1.48808206206098 1.68289539879105 2.55532241766378 0.0137095784226864 0.0413412868715118 -3.55160808084578
"ACTA1" -3.05198107423138 2.30705589697583 -2.51098240872373 0.0153303242937035 0.0458730473096203 -3.6511295430078
"Q9NY65" 1.55731447007451 0.950188341295903 2.50549168487718 0.0155426806221746 0.0461534561986712 -3.66336023794752
"HBB" 1.8530183456399 3.6927480636675 2.49940444758556 0.015781221377728 0.0462369075266631 -3.67689551641134
"RGN" -1.13771804475778 1.09112540622662 -2.49871351256035 0.0158085056582164 0.0462369075266631 -3.67843023767004
