"logFC" "AveExpr" "t" "P.Value" "adj.P.Val" "B"
"SeRPINA3-3" 6.13341038020696 1.84065714294141 16.6926974085139 1.18977490326189e-08 2.49852729684997e-06 10.507637923697
"GDI2" -2.44366546483982 2.16737953791039 -8.37919085039746 7.64484998718112e-06 0.000775133738256692 4.11462765165297
"F7" -1.38034096619466 2.63114259233792 -7.80935772711584 1.42185804514363e-05 0.000775133738256692 3.47243722034062
"LUM" 1.5293179800553 3.47323049409322 7.77572809858857 1.47644521572703e-05 0.000775133738256692 3.43336860047436
"TGM3" 2.6438974979822 1.2990670776417 7.18450574438852 2.92194761460187e-05 0.00122721799813279 2.72414754938294
"MDH1B" 4.06989406608918 2.13715887360276 6.13368108297849 0.0001089399126915 0.00246471937998945 1.35203679374359
"THBS4" 1.29175469057703 2.59476000527697 6.12489826735378 0.000110210313130585 0.00246471937998945 1.33993253319853
"CAPN1" -1.34471426836217 1.71150583854924 -6.11548405472094 0.000111589772866106 0.00246471937998945 1.3269460373092
"HSPA1A" -2.06899635654383 2.66329086595133 -6.07736960510474 0.000117367589523307 0.00246471937998945 1.27424113326174
"HSPA1B" -2.06899635654383 2.66329086595133 -6.07736960510474 0.000117367589523307 0.00246471937998945 1.27424113326174
"APOA2" 2.66199422904789 2.83142347922601 5.20901046694716 0.000391334218482495 0.00747092598921126 0.0172130058495314
"SeRPINA3-8" 1.6403969924339 3.94262723422624 5.02198771175076 0.000514329169349201 0.00900076046361102 -0.267695087119148
"FGA" -2.02099922599428 3.90552896286996 -4.78951398513626 0.000727477239915163 0.0117515554140142 -0.628733493708553
"COL1A2" 2.29933096426355 2.43239036993102 4.65016465617215 0.000898857083123557 0.0126225732139132 -0.848730445226384
"LTF" -1.47878587051117 3.61105158529327 -4.64816180844708 0.000901612372422371 0.0126225732139132 -0.851911627812366
"H2A1" 2.07410956448631 1.81484749722115 4.60583487757154 0.000961985671185548 0.0126260619343103 -0.919266483443635
"CFL1" 1.87246391542549 2.28532404078674 4.51186629226088 0.00111187103431983 0.0137348774827744 -1.06964819509021
"IGFBP3" -1.64515108334201 1.80276586125359 -4.45699355276272 0.00121067097365117 0.014124494692597 -1.15799659835949
"CST3" 2.00256043508977 1.73039472256853 4.37127675143147 0.00138402853252725 0.0145603701649193 -1.29677581639777
"F2" -0.917698142989877 6.01393104044267 -4.36562472816855 0.0013963454310408 0.0145603701649193 -1.3059591890699
"IGFBP6" 1.83951748697844 1.54222197353315 4.31518858984895 0.00151151971069736 0.0145603701649193 -1.38808272237358
"RPLP0" 1.75220415326166 1.62895395250168 4.30939742624115 0.00152537211251535 0.0145603701649193 -1.39753230387972
"RAP1A" 3.69440299048944 1.43811606815302 4.23478872595619 0.00171631322307669 0.0156706859498306 -1.51963572401535
"FGG" -1.6241000364182 3.58496865621262 -4.16997065430677 0.00190265962734647 0.0166482717392816 -1.62625123995655
"F5" -1.46972809373471 6.11640606054422 -4.09319324129919 0.00215129232266688 0.0180708555104018 -1.75316061343892
"PLG" -2.54266557665579 5.17047669769541 -4.06120609197981 0.00226475175414021 0.0182922257065171 -1.80622714940178
"F13A1" 2.07938780105626 3.16076014391508 3.99792175305856 0.00250813516103576 0.019507717919167 -1.91153958199922
"HSPA8" -1.58259506420688 2.8779300301127 -3.94032153593728 0.00275354607191986 0.020651595539399 -2.00775500884711
"KRT7" 1.43273195688132 4.06946235951879 3.68936318037815 0.00415507466010244 0.0300848360172556 -2.43060930157829
"CAT" -1.7427992156147 3.90363606718182 -3.65327268635895 0.0044110001797686 0.0300848360172556 -2.49185687263566
"CFAP210" 1.68568125212539 1.48543917210232 3.64917258177622 0.0044410948406425 0.0300848360172556 -2.49882114852276
"HSPA1L" -0.897664005331759 2.03105486994055 -3.57219743825042 0.00504748808515456 0.0308727801298482 -2.62978874364034
"H2AJ" 2.07410956448631 1.62132508483618 3.55713240531812 0.00517590038638204 0.0308727801298482 -2.65546735726125
"MFAP4" 1.17500205473465 1.58183909018346 3.54215300717172 0.00530694504101765 0.0308727801298482 -2.68101419802038
"APOC4" 1.00858226393678 1.51997790248747 3.53487151645416 0.00537188370210124 0.0308727801298482 -2.69343751928483
"AHCY" -1.36336264719449 2.61663982421895 -3.53117218019579 0.00540519052985917 0.0308727801298482 -2.69975037515092
"SeRPINA3-1" 1.06546631044692 6.03085073567506 3.52738721906952 0.00543948983240183 0.0308727801298482 -2.70621019802431
"CPB2" -1.11102090887707 3.1308940527783 -3.45800231869523 0.00610981427175675 0.033764763080761 -2.82477422200078
"BLVRB" -0.88357395301771 3.32894323911684 -3.41744302744623 0.00654069296418164 0.035219115960978 -2.89419742118049
"H2AC20" 2.07410956448631 1.7292346792619 3.33693043758765 0.0074914501498467 0.0393301132866952 -3.03221890441751
"SeRPINA3-4" 0.723975302016489 5.7630180423362 3.31668493148836 0.00775221544026827 0.0397064693282033 -3.06696313669408
"SeRPINA3-2" 1.14238910357832 6.14737146797983 3.24348044232912 0.00877562203018446 0.041675906206179 -3.19268958653799
"CDH5" 1.17266363471882 1.62330616968147 3.23600291954533 0.0088876898962233 0.041675906206179 -3.20553897132667
"SeRPINF1" 0.828144018240683 4.74306007931245 3.23442718779979 0.00891149260020063 0.041675906206179 -3.2082468444753
"KNG1" -0.679320740044467 5.50669463689372 -3.2239565359791 0.0090713303179774 0.041675906206179 -3.22624162961687
"ORM1" 0.83621030914126 4.71001766278901 3.22022458063606 0.00912900802611539 0.041675906206179 -3.23265578641425
"PROS1" -0.967587151575783 6.02882916831202 -3.136267515055 0.0105307939526216 0.0470524836180966 -3.37699553613775
"APOe" -0.545911993180638 4.76444191034778 -3.11676017733534 0.0108869092857325 0.0476302281250795 -3.41053794794408
