"logFC" "AveExpr" "t" "P.Value" "adj.P.Val" "B"
"COLeC11" 1.53925920293248 0.674061119339919 5.6679858822497 0.000179613801160494 0.0766950930955309 1.12043907472895
"BLVRB" -1.51156448840739 3.35531171733281 -4.71966665831473 0.000735891181051968 0.154414314715714 -0.148222733408871
"MYL6" 1.2813330973215 1.28414089301023 4.43114747675908 0.0011591883929404 0.154414314715714 -0.564268228472575
"CATHL1" 1.01250404022566 0.896639538273354 4.02660120330844 0.00223420973323408 0.154414314715714 -1.16937559458919
"GPI" 1.08498529244759 0.743203152158902 3.92745930202341 0.00263240885274025 0.154414314715714 -1.3212196244861
"F7" -0.853249732013245 2.39568587803144 -3.75910578900589 0.00348716889548896 0.154414314715714 -1.58192724478298
"LDHA" -2.18822420837033 1.86723077393249 -3.74148135798132 0.00359201814190545 0.154414314715714 -1.60941511515023
"HBA" -1.23230570458998 6.35501045088591 -3.69753004590239 0.00386800153876987 0.154414314715714 -1.6781151828486
"H2A1" -1.78947461383495 1.75258522708785 -3.64822262844625 0.00420396911133114 0.154414314715714 -1.7554364379002
"CAPN1" -1.17500205473465 1.25172616153746 -3.490446404445 0.00549700829104723 0.154414314715714 -2.0044754387849
"NMe2" -1.25546726166231 0.536652456672674 -3.47653883493947 0.00562914348829032 0.154414314715714 -2.02653600444461
"VCP" 2.72504615211712 1.88433603030458 3.47312403538613 0.00566208537601292 0.154414314715714 -2.03195512641369
"NMe1-1" -1.17500205473465 0.555702253436536 -3.45397268473811 0.00585055308065835 0.154414314715714 -2.06236512990752
"NMe1-2" -1.17500205473465 0.555702253436536 -3.45397268473811 0.00585055308065835 0.154414314715714 -2.06236512990752
"B4GALT1" -1.2843257691959 1.00666728430726 -3.41292804922665 0.006276553660588 0.154414314715714 -2.12763693044718
"CFD" 1.54400449263542 1.39338356244753 3.37598898732396 0.00668722094054951 0.154414314715714 -2.1864876618297
"ARPC4" -0.838634276816913 0.539086752863226 -3.33297268796845 0.00720044504235322 0.154414314715714 -2.25513962499072
"OMD" -0.966585562311957 0.475287784920511 -3.33275870134788 0.0072030967738778 0.154414314715714 -2.25548143982677
"CAH2" 1.09317823969534 0.750400631438789 3.30824249714991 0.00751363364362686 0.154414314715714 -2.29466158011846
"CDH5" 1.63327932226356 1.37784707351082 3.2535528791375 0.0082567869976909 0.154414314715714 -2.38218839547597
"KRT20" -1.31215565508822 0.616444086072879 -3.22831290908561 0.00862473925975518 0.154414314715714 -2.42263612506572
"TPI1" 1.08451901295795 1.0812397470591 3.21633947682534 0.00880511167244547 0.154414314715714 -2.44183446763545
"SAR1A" -0.763123576928135 0.463588387070331 -3.2163224012788 0.0088053716393619 0.154414314715714 -2.44186185142742
"AOC3" 1.54893779111575 0.881833515934563 3.14553763031671 0.00995333362326833 0.154414314715714 -2.55548063362357
"NAP1L1" 1.6145852963125 2.10603889824491 3.12023137736974 0.0103998381692514 0.154414314715714 -2.59614334807921
"HMGB1" 1.51715555772417 1.79747581974222 3.12009847633093 0.0104022361493192 0.154414314715714 -2.59635694673992
"CHI3L1" -0.971540069350832 0.544002855586355 -3.1129478805434 0.0105320900642869 0.154414314715714 -2.60785010863472
"APOC3" 1.1096104467927 0.956938014931504 3.10959459083272 0.0105935523968813 0.154414314715714 -2.61324032990372
"NAP1L4" 0.956997885704011 1.05443237814391 3.10439826297022 0.0106895174904746 0.154414314715714 -2.6215937063986
"KRT7" -1.26291895559938 4.15669002752408 -3.09587828941388 0.0108487808933757 0.154414314715714 -2.63529147795937
"GPLD1" -0.780849713313625 0.605857822493658 -3.06028789609628 0.0115405875388373 0.157520606884194 -2.69252816830026
"C7" 1.96948090339628 2.51010884622911 3.04726304425193 0.0118048229983471 0.157520606884194 -2.71348058024324
"CPB2" 1.50086725070898 3.04629665060279 2.93836709894213 0.0142683365878236 0.184623627969717 -2.88870790547831
"KRT40" -2.56453059000508 0.808449136524372 -2.90799031272771 0.0150440708159939 0.188935830542041 -2.9375824303061
"BPIFB1" -0.684791379936585 0.460308391560664 -2.8085787695204 0.0178924133028123 0.214001315547998 -3.097401256418
"CL43" 1.27527174555459 1.15014708666961 2.80379904016405 0.0180422654794565 0.214001315547998 -3.10507785294777
"KRT72" -2.40409991492295 1.2088714074053 -2.76842370297495 0.0191911522273066 0.221476270298916 -3.16186391997079
"ARF1" -1.57336121473382 2.87482770398709 -2.7049621080343 0.0214386708294382 0.237641214194272 -3.26357899347657
"AFM" 0.889548305474749 5.12455516078697 2.6902816171704 0.0219949296231904 0.237641214194272 -3.28707452186186
"DSC1" -0.705339013424846 0.399120394613309 -2.68337777990769 0.0222614720556695 0.237641214194272 -3.29811885544706
"VASP" 1.51456915546576 1.57621041762669 2.57584228489252 0.0268526521522644 0.279660548024803 -3.46966505185766
"ACTN4" 1.29834307677416 0.901381464650456 2.56156734185798 0.0275287781520518 0.279875911212526 -3.49235866785122
"GC" 0.542789315868555 6.49281553533094 2.49794134108503 0.0307525440232736 0.301325033848098 -3.59324037691336
"LUM" 0.593039046974498 3.55830037316055 2.49240783535729 0.0310498863918414 0.301325033848098 -3.60199171949782
"HPX" 0.579744871608566 5.86609039902919 2.45925345937321 0.0328915274221193 0.30673068967165 -3.65434471105209
"RAB1B" -1.85166254983225 1.97598120810845 -2.42882982511283 0.0346755196604125 0.30673068967165 -3.70225618291823
"COL1A1" 1.9070460091428 2.45948134185914 2.41713423093398 0.0353862525949007 0.30673068967165 -3.72063960263144
"F9" -0.684196692690157 4.81279679801799 -2.41463255253226 0.0355401174193035 0.30673068967165 -3.72456919871555
"C1S" 0.906405550838282 0.445091266900577 2.40750964458112 0.0359818001852536 0.30673068967165 -3.73575264480221
"HP251" 1.00927075110345 0.490390616214758 2.4003524935896 0.0364310072312473 0.30673068967165 -3.74698215454279
"CTSC" 0.984665048307062 0.790974136159921 2.38619183171543 0.0373359706932624 0.30673068967165 -3.76917690380461
"CFAP210" -1.76959674643897 1.13893653538318 -2.38380716204345 0.0374905102105257 0.30673068967165 -3.77291143718808
"ARFIP2" 1.01160760249491 0.463816022238977 2.37492000634717 0.0380719591395725 0.30673068967165 -3.78682127555087
"CD14" 0.830468801817118 0.445690128893174 2.31742437188893 0.0420514032219834 0.319912184656768 -3.87649291335753
"THBS1" 0.671723458897953 3.56414186627016 2.3133537114323 0.0423479735605533 0.319912184656768 -3.88281971948391
"RAB8A" -1.19716509417242 1.11747851921654 -2.31329004509844 0.0423526280795536 0.319912184656768 -3.88291864867939
"CRYBB1" -1.17834544482636 0.461902850229692 -2.30156929785864 0.0432180106021162 0.319912184656768 -3.90111848382436
"FABP1" 1.46291320237623 0.853731027968962 2.28678460898323 0.044334065818818 0.319912184656768 -3.92403939088628
"MAML2" -1.17834544482636 0.489061657053337 -2.28187672951451 0.0447106756996037 0.319912184656768 -3.93163894554184
"MYLK" 1.01621910544661 0.464968897976902 2.27533172581054 0.0452177277189162 0.319912184656768 -3.94176623860576
"CFB" 0.470670025786885 5.17575984876085 2.2691499425211 0.0457017406652526 0.319912184656768 -3.95132381863274
"FGB" 1.26715389161319 4.50853166234196 2.22748205736271 0.049097056052777 0.33813617636348 -4.0155446879428
"FTL" 0.748581393281314 1.10501307336717 2.20622692745082 0.050921300552193 0.345133259298197 -4.04816366301599
"CD44" 0.761892001640337 0.428545928848979 2.18935698846803 0.052415341688373 0.349584435650912 -4.07398220012435
"CDH1" -1.15637448370086 1.22800214430714 -2.18051146579673 0.0532154293145417 0.349584435650912 -4.08749411772092
"SeRPINC1" 0.489624935424055 5.93004310799188 2.16282530123853 0.0548503708905488 0.354865278337338 -4.11445625168805
"GSN" 0.696816959289285 5.17463596655203 2.13588672107614 0.0574332059275907 0.366029536284794 -4.15538045755202
"RAC2" 0.761892001640336 0.763257734923616 2.12025975146365 0.0589842436078246 0.370386353243251 -4.17903875558112
"CHCT1" 0.766846508679212 0.402625748785052 2.0803548710054 0.063127772867655 0.385079414492696 -4.23916846494057
"ACAP1" 0.766846508679212 0.402625748785052 2.0803548710054 0.063127772867655 0.385079414492696 -4.23916846494057
"TIMP3" -0.763123576928135 0.511173887906619 -2.06510602197353 0.0647828927522553 0.387115877820893 -4.26203419237784
"FGG" 1.22859727218189 3.46014535346016 2.06064500605413 0.0652748084381833 0.387115877820893 -4.26871149201443
"KRT80" -1.09533841257738 1.83083533134938 -2.03931483751777 0.0676760831232498 0.39585873278942 -4.30056204172272
"ANP32B" 0.877071657788766 0.541120340530431 2.02995063070043 0.0687564008955993 0.396743015978661 -4.31450407862216
"HGS" 0.963592890437551 0.562750648692627 1.97622609547995 0.0752747676789296 0.428564343985373 -4.39399272637132
"LBP" 1.02461589414972 1.06059742015874 1.96394808685817 0.0768437103747762 0.431740320131966 -4.41203505006716
"YWHAe" 1.08885675607313 1.7629349378047 1.94446048403427 0.0793968331810697 0.435022807596012 -4.44057356383745
"A2M" 0.519974365356003 6.81672493265751 1.93808359447418 0.0802493322618148 0.435022807596012 -4.44988556279572
"FN1" 1.68132762061975 2.01454844039328 1.93633698476822 0.080484313349145 0.435022807596012 -4.45243377349667
"HSPA1A" 1.054603150023 2.36590338799201 1.91677669233229 0.0831600006560628 0.43838667012517 -4.48090234950069
"HSPA1B" 1.054603150023 2.36590338799201 1.91677669233229 0.0831600006560628 0.43838667012517 -4.48090234950069
"SeRPINA6" 1.22476154536613 1.26326511265867 1.90406049806683 0.0849435838648343 0.442328174515661 -4.49934104162375
"APOe" -0.417018794405013 4.85994025296833 -1.88738593857476 0.0873361706399241 0.449307769436718 -4.52343556020694
"F11R" -0.608592192881137 0.591362997760567 -1.81354008790527 0.098699090294843 0.475119803663729 -4.62894778709406
"AOCX" 1.07557003010743 0.76888560092259 1.78581817542198 0.103304165064298 0.475119803663729 -4.66802988030452
"PKP1" -0.936226981770776 0.401373234465796 -1.77925354232846 0.104423009468908 0.475119803663729 -4.67724066201578
"HSPA5" -0.963275702778511 0.40813541471773 -1.77893823631261 0.104477025737596 0.475119803663729 -4.67768263575432
"eeF2" -0.963275702778511 0.40813541471773 -1.77893823631261 0.104477025737596 0.475119803663729 -4.67768263575432
"GRB14" -1.02497793346195 0.42356097238859 -1.7773279417977 0.104753288727191 0.475119803663729 -4.6799392171481
"H3-3A" -1.04572030237929 0.428746564617923 -1.77656927082938 0.104883677271761 0.475119803663729 -4.68100202108394
"P68432" -1.04572030237929 0.428746564617923 -1.77656927082938 0.104883677271761 0.475119803663729 -4.68100202108394
"Q5e9F8" -1.04572030237929 0.428746564617923 -1.77656927082938 0.104883677271761 0.475119803663729 -4.68100202108394
"SeLeNBP1" -1.13545294151994 0.451179724403086 -1.77244144650882 0.105595697504417 0.475119803663729 -4.68678057057028
"MFAP4" 0.600587986013302 1.33666554632046 1.77137673042594 0.105780066133568 0.475119803663729 -4.68826996427551
"F10" -0.671876667513963 5.15532292388228 -1.76843255400277 0.106291412796257 0.475119803663729 -4.69238610347206
"SFN" -1.26030857935395 0.482393633861589 -1.76541118495935 0.106818503868192 0.475119803663729 -4.69660654125274
"MBL" 0.857702351614252 0.99138750132462 1.75041237906378 0.109470455121484 0.481895714813131 -4.71750307849361
"RGN" 0.999524460314966 1.72440413338983 1.74388281448608 0.110643512737595 0.482089591213806 -4.72657142514283
"PROC" -0.696939369458152 4.7478311913348 -1.72231688468566 0.114599254304824 0.494281632203634 -4.75639664559525
"KRT81" -2.53134129478929 0.800151812720424 -1.7054318022049 0.117785102284009 0.495324911610142 -4.77961127890582
"KRT83" -2.78397070729426 0.863309165846668 -1.69808663302117 0.119195715880149 0.495324911610142 -4.78967165775703
"KRT35" -2.21330418344311 0.814572411337956 -1.68909438050066 0.120943324341531 0.495324911610142 -4.8019560656978
"UBB" 1.00590116896199 0.706652665593456 1.68270377609608 0.122199267812135 0.495324911610142 -4.81066480673518
"RAP1B" -0.60979860403559 3.30247536489936 -1.68260647877596 0.122218479750028 0.495324911610142 -4.81079725881438
"H1-3" -0.728019656849211 0.576347254639334 -1.67690539331528 0.123348934166891 0.495324911610142 -4.81855090826664
"H1-2" -0.728019656849211 0.576347254639334 -1.67690539331528 0.123348934166891 0.495324911610142 -4.81855090826664
"TGFBI" 1.18564634790009 2.85148189879729 1.67303742861009 0.124121230778185 0.495324911610142 -4.82380324438161
"PABPC1" -0.671331263423301 0.39819421468868 -1.66072583182983 0.126608325698332 0.500571806233219 -4.84047670331758
"CSRP1" -0.671331263423301 0.689503602662081 -1.63401430210633 0.132158003440579 0.516568726985072 -4.87641523436304
"CPN1" -0.83316456594442 4.05252449055689 -1.62145819119801 0.134840723205899 0.516568726985072 -4.8931947061027
"RHOA" -0.462914771000604 0.400543477260578 -1.61418658922355 0.136416366748612 0.516568726985072 -4.90287833538638
"SePTIN2" -0.462914771000604 0.654348465109691 -1.61344633281624 0.136577680520094 0.516568726985072 -4.90386273686617
"SeRPINF2" 0.517475960452773 5.35831819392891 1.6074469398386 0.137891290437842 0.516568726985072 -4.911831197205
"CRYZ" -1.63700756461612 0.789911198666005 -1.60340165999435 0.138783333423125 0.516568726985072 -4.91719449913852
"C3" 0.409288710075548 7.70740898894547 1.6014090621904 0.139224603333699 0.516568726985072 -4.91983344102321
"CTNNB1" -1.29966564069589 1.10159240727331 -1.59318948187874 0.141058000009519 0.516568726985072 -4.93069904784677
"MYH10" 1.03535523770187 1.50882721049745 1.58248064816424 0.143478572048571 0.516568726985072 -4.94480617282085
"RAB6B" -0.462914771000604 0.404839239326668 -1.57876989895607 0.144325828205287 0.516568726985072 -4.94968142417081
"RNASe4" -0.590866056495648 1.5844410704628 -1.57834370462576 0.144423420331855 0.516568726985072 -4.95024093411468
"AHCY" 0.960436659988928 2.30692394805216 1.57508498644162 0.145171539199552 0.516568726985072 -4.95451604489079
"APOC2" -1.35144055589226 1.38785434990623 -1.56421212217348 0.147692374730207 0.521195405039655 -4.968742224518
"CLU" 0.460896128658188 3.78165880678675 1.55578211915851 0.149673199156746 0.523856197048612 -4.97973167718328
"SLC2A1" 1.0075549245193 1.57845899084011 1.5349763902739 0.15466182139479 0.536915428744514 -5.00670107282801
"K2C4" -1.26030857935395 0.655758562036653 -1.51200314653338 0.160338031720834 0.542641512207529 -5.0362225626741
"RPLP0" 0.968249661366106 1.37152714985335 1.4968732220518 0.164174361551785 0.542641512207529 -5.05551471804277
"IGF2" -0.627006816433296 0.890394580469718 -1.49360412390913 0.165013632244402 0.542641512207529 -5.05966725203798
"LTF" -0.696406751049552 3.46662224499435 -1.49038957843986 0.165842511817754 0.542641512207529 -5.06374494829233
"C4BPA" -1.12501363867483 2.30481814479615 -1.47898591617083 0.168812042533077 0.542641512207529 -5.07816607868818
"F5" -0.541763176130241 6.24315152845296 -1.46313378938743 0.17301598365379 0.542641512207529 -5.0980961548013
"BPT2" -0.705339013424846 0.800670879449937 -1.46292097138308 0.173073028919193 0.542641512207529 -5.09836278974544
"KRT25" 1.04135971646765 1.67421891289424 1.44845760153712 0.176987888865304 0.542641512207529 -5.11642533317429
"RAP1A" -1.31354271435931 1.29469653953489 -1.44357393119487 0.178326780414862 0.542641512207529 -5.12249819522073
"RDX" -0.780654977884551 0.600451424615388 -1.44297581550279 0.178491351522719 0.542641512207529 -5.12324104332153
"CKM" 1.36599816955619 1.94798796451312 1.44090123878886 0.17906317585913 0.542641512207529 -5.12581608343997
"ANXA6" -0.462914771000604 0.389687724175153 -1.43918520258057 0.179537355870266 0.542641512207529 -5.12794427638097
"TGM2" 0.934515862023533 0.444543087121133 1.43325889152808 0.181183181575096 0.542641512207529 -5.13528130204208
"RPS27A" 0.866274424197713 1.23198627921839 1.43302618102368 0.181248070459876 0.542641512207529 -5.13556900588223
"GPATCH1" -0.930250066945234 0.399879005759411 -1.4254400373912 0.18337425842646 0.542641512207529 -5.14493119042213
"HeXA" -0.930250066945234 0.399879005759411 -1.4254400373912 0.18337425842646 0.542641512207529 -5.14493119042213
"PDIA4" 0.972789631897284 0.825178695660571 1.42522190543867 0.18343570754335 0.542641512207529 -5.14519991051616
"KRT74" -0.979559853713519 0.805729347189191 -1.42236871678129 0.184241082903462 0.542641512207529 -5.14871231815163
"ASPN" 0.891796371126281 0.43386321439682 1.42188902701065 0.184376780754627 0.542641512207529 -5.14930238574715
"KNG1" 0.346918800275776 5.64121807585725 1.42067810973898 0.184719711155261 0.542641512207529 -5.15079135760111
"ANXA3" -0.387404071111826 0.397968856026604 -1.41398300361205 0.186625554373769 0.542641512207529 -5.15900876823129
"HBB" -0.416129427889864 6.12256865805915 -1.40647040207194 0.188783946528943 0.542641512207529 -5.16819907652835
"TUBB6" 1.45991117845733 1.12066458309776 1.394450484707 0.192281253490031 0.542641512207529 -5.18283572876679
"PSMA7" -0.462914771000604 0.417998069585503 -1.3939079562086 0.192440389948627 0.542641512207529 -5.18349439376201
"eBD" -0.80262593901005 0.367972973775614 -1.38896557280265 0.193895233955439 0.542641512207529 -5.18948688748599
"SLC15A4" -0.80262593901005 0.367972973775614 -1.38896557280265 0.193895233955439 0.542641512207529 -5.18948688748599
"CDC23" -0.80262593901005 0.367972973775614 -1.38896557280265 0.193895233955439 0.542641512207529 -5.18948688748599
"SNX11" -0.80262593901005 0.367972973775614 -1.38896557280265 0.193895233955439 0.542641512207529 -5.18948688748599
"SCARB1" -0.80262593901005 0.367972973775614 -1.38896557280265 0.193895233955439 0.542641512207529 -5.18948688748599
"OGN" 0.861813668896433 0.743074778439432 1.38693991870473 0.194494181388325 0.542641512207529 -5.19193882037515
"H2AJ" -0.913394176240733 1.5335651176893 -1.38285494065804 0.195706774894519 0.542641512207529 -5.19687614541782
"B2M" 0.672640535151429 0.556566437510383 1.36248171740328 0.201849742215831 0.553623791144906 -5.22135359297539
"RHOB" -0.387404071111826 0.464739925657036 -1.36113747660694 0.202260682479169 0.553623791144906 -5.22295997520466
"SeRPINA3-7" 0.492748413416646 5.25226519355215 1.35477571180494 0.204215010830204 0.555412800156033 -5.23054769964596
"PDe12" -0.930250066945234 0.493808882213488 -1.34236026331409 0.208074472145024 0.562327845607122 -5.24528563117696
"MYH7" -1.39406424698436 0.795957223701033 -1.33733853719251 0.209652694351015 0.563029562816878 -5.25122025221679
"PROS1" -0.432560302469175 6.16477537271403 -1.31898448605784 0.215505844018371 0.575131221224028 -5.27277981749581
"XPNPeP1" -1.19476364125092 0.642042906410297 -1.31064415271051 0.218209963234949 0.578730772057908 -5.2825081935017
"GIMD1" 0.769453489675974 0.403277494034243 1.30260602650239 0.220842547786337 0.580175641412686 -5.29184313420217
"ANXA5" -0.737715056558782 2.36293676180519 -1.30069520439141 0.221472200351915 0.580175641412686 -5.29405629546231
"PRDX6" 0.475646169989965 1.10252678953559 1.27828643212418 0.228967053678278 0.586668404275266 -5.31983897540056
"ACTN1" 0.670802629933331 0.625039223862849 1.27722062226159 0.229328637219459 0.586668404275266 -5.32105732019181
"RAB8B" -0.671331263423301 0.618834251419302 -1.27587209813446 0.229786802380038 0.586668404275266 -5.32259780102781
"BCL2L14" 0.86609949517007 0.521368871861844 1.27332578044652 0.230653960938755 0.586668404275266 -5.32550340645765
"CHIA" 1.05128933946883 2.38861682342321 1.27005420893367 0.231772027518483 0.586668404275266 -5.3292305049821
"TUBB4A" -1.35142803523403 1.17195561474063 -1.2663545801544 0.233041705842763 0.586668404275266 -5.33343698403391
"APOH" 0.372671122330732 4.79199003580177 1.26482523200574 0.233568217158771 0.586668404275266 -5.33517328084299
"KNG2" 0.326915140094285 5.28730966303119 1.25670163138247 0.236381199049444 0.590261824526974 -5.3443708410603
"A1BG" 0.326453415485895 5.09463027094381 1.24550331064861 0.240303918897424 0.596568449820931 -5.35697939521943
"VNN1" 0.436170236599176 3.89893410575294 1.21627722336202 0.250790022260414 0.613275855336621 -5.38949792682743
"HSPA1L" 0.50087285486602 1.71309403699572 1.21496577615632 0.251269045615498 0.613275855336621 -5.39094382261406
"CSN2" 0.734763818049694 0.843290344476437 1.21476467942881 0.251342563662549 0.613275855336621 -5.39116543391266
"APCS" 0.342756226846712 2.1393585301351 1.20896777014175 0.253469249193644 0.614950962532306 -5.39754205805344
"RBP4" 0.694957036543264 3.17122371336146 1.20006158870055 0.256764637373263 0.619426554567138 -5.40729486755176
"KRT73" -0.963841247724858 2.98075790550278 -1.18744448209902 0.261491495150056 0.623828385029613 -5.42101945721558
"FGA" 0.731946470834345 3.77516754425321 1.17709806474656 0.265419026038254 0.623828385029613 -5.43219301738047
"eeF1D" -0.387404071111826 0.413566535489131 -1.17690806108853 0.265491586449225 0.623828385029613 -5.43239752433647
"LYSM" -0.623999689927731 1.46591368537073 -1.1754347746004 0.266054752004766 0.623828385029613 -5.43398242652983
"SeRPINA3-8" 0.422049168281412 4.04312880663964 1.17154081366198 0.267547771944745 0.623828385029613 -5.43816419582461
"PTPDC1" 0.699850524291123 0.479806629142107 1.16976011835415 0.268232726707633 0.623828385029613 -5.44007301947028
"SeRPINA7" 0.431699684367962 4.32391101055686 1.16824665020046 0.26881597856077 0.623828385029613 -5.44169366527557
"MMP2" 0.6404995996303 0.464968897976902 1.14159213252113 0.279252491751638 0.636944135703435 -5.46997451251966
"TUBB4B" 1.31688162256197 2.50340259588837 1.13742921469362 0.280910725593438 0.636944135703435 -5.47434645849871
"CLeC3B" 0.49928583301427 3.039908264367 1.13661810709932 0.281234710360241 0.636944135703435 -5.4751968687618
"H4" -0.907784508308126 1.19454312149962 -1.13503003040426 0.281869887543038 0.636944135703435 -5.47686054919878
"ARF3" -0.581953117829026 2.87918901252281 -1.13329531237332 0.282564993546191 0.636944135703435 -5.47867581180674
"KLKB1" 0.795452595538646 2.80290839902347 1.12767087442816 0.284827903346386 0.636944135703435 -5.48454671652399
"JUP" -1.39503404619081 2.33067620825151 -1.12493110013359 0.285935302376169 0.636944135703435 -5.48739840284189
"GSTT1" -0.80262593901005 0.706120175485974 -1.12149915691106 0.287327184839279 0.636944135703435 -5.49096298117398
"PeBP1" -0.387404071111826 0.989592584313003 -1.12010825532711 0.287892782648157 0.636944135703435 -5.49240524204591
"NACA" 0.446787662456369 1.22662392426242 1.11440187120294 0.290222266956805 0.638788185518329 -5.4983078402126
"KRT8" 0.78227796078943 2.32328615316849 1.10645294622943 0.293491469581143 0.642671064159734 -5.50649110889799
"HBe4" 0.699850524291123 0.625840628701859 1.09995702038651 0.296184112511631 0.645258245114624 -5.51314469416226
"HNRNPA2B1" -0.387404071111826 0.573292617791743 -1.09480547269662 0.298332970215789 0.646640498894121 -5.51839953385237
"IGFBP3" -0.590866056495648 1.41855360328732 -1.0880406483647 0.30117291658876 0.649499168603034 -5.52527067349059
"FeRMT3" 0.884153848717967 2.41521703554718 1.0782221108661 0.305331586053561 0.652635922256645 -5.53518400615369
"LGALS3BP" 0.89924146345206 0.933071220314681 1.07340608508315 0.307387369054022 0.652635922256645 -5.5400206488612
"SPP1" 0.457774634558936 0.372099636326516 1.07024806982029 0.308741115446938 0.652635922256645 -5.54318290081245
"P31098" 0.457774634558936 0.372099636326516 1.07024806982029 0.308741115446938 0.652635922256645 -5.54318290081245
"HBe2" 0.699850524291123 0.531910752247782 1.06115257691891 0.312665381470935 0.657675457576795 -5.55224936267049
"YWHAQ" -0.695233796462563 1.74892543870474 -1.05180910876365 0.316735831410685 0.662971568688052 -5.56149897504077
"S100A9" -0.621236789403888 1.23061035431542 -1.04148242211337 0.321280953898241 0.66364336887207 -5.57164597153358
"TUBA8" 1.11781434192828 1.12248409212218 1.0390269320587 0.32236887169228 0.66364336887207 -5.57404694331993
"ACTC1" 1.12572457156724 3.39617056398317 1.03584378034951 0.323783291893562 0.66364336887207 -5.57715265528996
"SeRPINA5" 0.35153061136241 4.89883954726343 1.03456655538095 0.324352126139001 0.66364336887207 -5.57839665746443
"MAP10" 0.457774634558936 0.432000322656884 1.03349982742366 0.324827784764081 0.66364336887207 -5.57943469309988
"eIF4A1" -0.48044617195702 0.437532434976122 -1.02305818007817 0.329511320205193 0.666810398516821 -5.58954995381706
"F13A1" 0.550730963314609 3.27773283732891 1.02105010002986 0.33041777149923 0.666810398516821 -5.59148576580226
"GAPDHS" 0.629638575024554 0.754321640944968 1.01962370704206 0.331062773970881 0.666810398516821 -5.59285895812635
"MAeA" -0.80262593901005 0.613484310956354 -0.971605113387606 0.35332382678692 0.7083064508827 -5.63817239586546
"AGT" 0.225199552256663 6.11889226085239 0.939835471203932 0.368638879507452 0.735555147428421 -5.66716043487373
"KRT75" -0.767004721453527 4.09933352474936 -0.924287787997769 0.376304767575912 0.74735877095309 -5.68105364280224
"CAP1" 0.840172181021232 1.8262944636633 0.91981899543236 0.378528930843735 0.748295617917939 -5.68501090093854
"H2BC12" -0.489907941770188 1.01978474290524 -0.906430973446206 0.385247873349992 0.749718669104976 -5.69676961828381
"P62808" -0.489907941770188 1.01978474290524 -0.906430973446206 0.385247873349992 0.749718669104976 -5.69676961828381
"eNO1" 0.299139502960791 4.21357154108241 0.905866548623879 0.385532967945131 0.749718669104976 -5.69726215381848
"ANXA1" 0.483869380859545 1.54924691845549 0.90440496074986 0.386271913824578 0.749718669104976 -5.69853637667024
"GGH" -0.560563026192618 1.1412533167062 -0.900761979853656 0.388118046160852 0.749893238509882 -5.70170476950745
"COL1A2" 0.469988236871385 2.5047030394118 0.896845748351152 0.390109533994092 0.750345815385032 -5.70509872200818
"USO1" -0.846876614674365 1.62915416345594 -0.890295878244509 0.393456216659169 0.75176291960857 -5.71074700909156
"APOA4" 0.782414261868609 2.5369042028591 0.888519243004816 0.394367433237283 0.75176291960857 -5.71227302051735
"CST3" 0.372431729223898 1.57751655785258 0.8818772460391 0.397787029997031 0.754341339695978 -5.717955042009
"ATIC" 0.446778556430088 0.592567773217681 0.876542367935138 0.400548502183966 0.754341339695978 -5.7224925045624
"eeF1A1" -0.389749363590526 2.9817900909438 -0.875310379257341 0.401188089870601 0.754341339695978 -5.72353699990501
"KRT222" 0.288524240632014 0.377680432503023 0.870426410892742 0.403730537113054 0.754341339695978 -5.72766531285333
"GDI1" -0.540703879871025 0.750027128108268 -0.86642699592958 0.405820754809938 0.754341339695978 -5.731031185256
"UTP15" 1.00930098876698 2.65599107042824 0.865474426095103 0.406319691171136 0.754341339695978 -5.73183089836286
"F12" 0.419650372839445 1.00033167960419 0.853844461050139 0.412445140963361 0.760345392131234 -5.74153361162786
"eeF1A2" -0.845193160301921 1.30738099274185 -0.852579702907767 0.413115060830085 0.760345392131234 -5.74258196470818
"MYL9" 0.288524240632014 0.417998069585503 0.823003841003654 0.42899167736436 0.782818146301631 -5.76671327275468
"MYL12B" 0.288524240632014 0.417998069585503 0.823003841003654 0.42899167736436 0.782818146301631 -5.76671327275468
"HABP2" 0.510813921785626 1.66677707551178 0.813695117325041 0.434072139174192 0.785678387561632 -5.77415495985331
"SULT1e1" 0.443582043100327 1.16506820927664 0.81339041950062 0.434239108816265 0.785678387561632 -5.77439729533807
"TGM3" -0.321222718905431 1.12881896814017 -0.803339267136465 0.439770874419431 0.79232980327889 -5.78234673841267
"MDH1B" -0.671999969913034 2.02281863736917 -0.789556385690105 0.447431679216985 0.802745071536356 -5.7931064678103
"KRT5" -0.781346956692661 4.91797067237994 -0.782721932066896 0.451262586286214 0.806230645791687 -5.79838100985774
"eHD1" 0.213013540743236 0.54595713616329 0.766531686386843 0.460422482799329 0.819168333980472 -5.8107140806794
"HSPA8" -0.391054418329949 2.71351494027571 -0.756985012159538 0.46587935152407 0.825437689214845 -5.81787911404954
"THBS4" 0.276020046237243 2.53956007255448 0.752338302498802 0.468550295410223 0.826739570827128 -5.82133767471443
"GDF6" -0.638305627590024 0.918542871853225 -0.73712547932246 0.477362611640148 0.838822366956146 -5.83252756481634
"VDAC1" -0.309071874120276 0.394917832836802 -0.725721402229001 0.484036585188649 0.846803344668944 -5.84078159492823
"PSMB3" 0.372431729223898 0.454355429204855 0.72260448963452 0.485870771531361 0.846803344668944 -5.84301743548388
"AFP" 0.192849097232311 7.01239407037668 0.715963111266597 0.489793364949567 0.850169783875875 -5.8477525736203
"eSD" 0.288524240632014 0.741032824739296 0.706857622466302 0.495203070855674 0.854763310396191 -5.85418046845413
"TUBB5" 0.439530606581125 3.04898017321813 0.702489944185087 0.497810952182357 0.854763310396191 -5.85723739067437
"TAGLN2" -0.406693937262532 2.39193528895552 -0.699962641301858 0.49932380250461 0.854763310396191 -5.85899841132114
"FMOD" 0.372431729223898 0.630913264716573 0.695926545679558 0.501745633880423 0.854763310396191 -5.8617988356799
"SeRPINA3-2" 0.272282719558585 6.29324212475739 0.694197723615587 0.502785185458279 0.854763310396191 -5.86299387992675
"OSTF1" 0.466637702751681 0.685365313242926 0.691432785261303 0.504450478266605 0.854763310396191 -5.86489953279042
"CAT" 0.452792322389616 3.86951405485917 0.685199726323874 0.508216825745289 0.857741441079994 -5.8691701510783
"PPIA" 0.330774690588507 1.69247800455589 0.674125703791418 0.514950008569169 0.861105950175161 -5.8766707676757
"eIF5A" -0.387404071111826 0.543835230609352 -0.669191988447469 0.517966875776787 0.861105950175161 -5.87997656996742
"MRPS24" 0.413165666593612 0.569541735077932 0.66817561178271 0.518589673316117 0.861105950175161 -5.88065483216216
"CD9" -0.445363626903902 1.27244889347086 -0.65936377472883 0.52400784582149 0.861105950175161 -5.88649574833173
"UBC" 0.357101040808796 0.544452633555157 0.658290459725162 0.524670073769199 0.861105950175161 -5.88720234561755
"TUBB3" 0.358792944987145 2.97026572683777 0.656979448261929 0.52547962704374 0.861105950175161 -5.88806399547884
"ANXA2" -0.508129019554625 2.15931965448994 -0.655766987480475 0.526228978525558 0.861105950175161 -5.88885947296338
"CAPNS1" 0.445391061615209 1.85341022823834 0.655581861040637 0.526343449638681 0.861105950175161 -5.88898081316232
"PLG" 0.537624697052558 5.19886416204139 0.64390904211227 0.53359067610693 0.866044582508722 -5.89656819758116
"F12AI" 0.228335619066681 4.72017590150507 0.642331039377822 0.534574835111458 0.866044582508722 -5.89758429597425
"TUBA4A" 0.280545373867307 4.47774431843289 0.637697455715166 0.537470757072258 0.866044582508722 -5.90055466719038
"COL10A1" -0.253677613759267 3.47619039587805 -0.6362701682646 0.538364613780379 0.866044582508722 -5.90146564458321
"HA1B" -0.245712019016653 0.620669685617257 -0.634454108794989 0.539503182546417 0.866044582508722 -5.902622039919
"GFAP" -0.608209951364168 2.49088314735574 -0.624725559653663 0.54562598287899 0.872592864004976 -5.90876486959024
"HSP90AB1" 0.681732744816166 3.3072440104728 0.618166387469836 0.549776371948338 0.873384783178465 -5.91285697349811
"CBR1" 0.213013540743236 0.480709494415282 0.617479628279387 0.550211959426246 0.873384783178465 -5.91328311448167
"MGP" 0.288524240632014 0.540021099458785 0.587331968657252 0.569524451763724 0.893941234080892 -5.93155635366517
"ACTB" -0.171072409949147 5.17958981381159 -0.584309793710381 0.571480820567249 0.893941234080892 -5.93334120855921
"ACTG1" -0.171072409949147 5.17958981381159 -0.584309793710381 0.571480820567249 0.893941234080892 -5.93334120855921
"YWHAB" 0.181338938461598 1.86596588662691 0.584224328537764 0.571536198838603 0.893941234080892 -5.93339155820152
"KRT78" -0.504669940157376 1.26176963906163 -0.580463490543197 0.573975985379529 0.894480823930871 -5.93560035203897
"HP252" 0.218171889237466 0.621270824116424 0.577029096837365 0.576208942737309 0.894695340177568 -5.93760577933119
"APOC4" 0.266983437747621 1.16049840548255 0.563451194471131 0.58508287218872 0.90518255950936 -5.94542517281079
"CORO1A" 0.357101040808796 1.0930879520495 0.554500850272151 0.590972148442772 0.910993167455103 -5.9504840971263
"GPX3" 0.295083124117022 0.511710754048434 0.545490648638334 0.596932326192891 0.912721781432598 -5.95549993601328
"CSN1S1" -0.329483214589277 1.40921461042602 -0.543136624074452 0.598494665351616 0.912721781432598 -5.9567976408991
"AMBP" 0.184344174117445 3.89753442117917 0.536747527954648 0.602745758262978 0.912721781432598 -5.96029310013336
"PTGR1" 0.357101040808796 1.08470721320811 0.535125259303614 0.603827646790985 0.912721781432598 -5.96117442912011
"TBA1B " 0.219379730911122 4.46456158305168 0.531652908299903 0.606146719142374 0.912721781432598 -5.9630523876652
"ARF4" 0.37125147526767 2.35750976334701 0.529894436961303 0.607322891718551 0.912721781432598 -5.96399902124702
"HP" 0.369859603009744 1.8487185539759 0.528419017552761 0.608310645038334 0.912721781432598 -5.9647909940859
"APOA1" 0.179975025979264 6.47497209857035 0.527101033995331 0.609193694867191 0.912721781432598 -5.96549669396358
"RAB11B" 0.203447530752663 1.33183829362584 0.511680102182407 0.619574127480613 0.92342527965293 -5.97362968821143
"PGLYRP1" -0.342519292642708 1.56040861488942 -0.510070234950649 0.620662892881478 0.92342527965293 -5.97446553836339
"KRT17" -0.637520498388127 2.67216397339243 -0.501310817532488 0.626603662288351 0.927373469477853 -5.97896964310015
"KRT79" 0.671965859205499 3.02599141000057 0.499757225249104 0.627660263885479 0.927373469477853 -5.97976076262462
"PFN1" 0.136351201524192 2.95488336709145 0.435303814652009 0.67224634565852 0.965225688966448 -6.01051143917291
"SeRPINA3-1" 0.150357908683509 6.17402969191073 0.433632050717651 0.673421647526117 0.965225688966448 -6.01125489963117
"MSN" 0.311249822905018 1.2639300696528 0.405573119664181 0.693282771783594 0.965225688966448 -6.02332118147217
"CFL1" 0.176889866829063 2.36364223420273 0.399130280314541 0.697878376460347 0.965225688966448 -6.0259817052168
"PRDX2" -0.316693373190102 1.13408948474323 -0.399064413795219 0.697925424566272 0.965225688966448 -6.02600869134868
"KRT19" 0.403049701974349 2.75817499136611 0.390867875518863 0.703790533440428 0.965225688966448 -6.02933320740437
"MST1" -0.329258178001727 1.90001014243331 -0.387566371672977 0.706158719574818 0.965225688966448 -6.03065339992822
"HP20" -0.166749579750045 1.61578220240543 -0.384701380039944 0.708216449572235 0.965225688966448 -6.03179023682429
"TRAP1" -0.189834148663716 0.711437163711257 -0.378071446796128 0.712987663441773 0.965225688966448 -6.03438960894475
"H2AC20" -0.264594048087536 1.6957651497276 -0.377185413531458 0.7136262799773 0.965225688966448 -6.03473366771358
"IGFBP1" -0.087195265184295 0.648812462249081 -0.372652880172608 0.716896746034216 0.965225688966448 -6.03648143880065
"PTGeS3" -0.187859752908154 0.89631578461956 -0.371071332078757 0.718039328573207 0.965225688966448 -6.03708645810338
"MTAP" -0.087195265184295 0.617837908972962 -0.365702672581959 0.721923290895922 0.965225688966448 -6.03912155983522
"APOA2" -0.187557924163742 2.92984961441833 -0.352928384673369 0.731197893332628 0.965225688966448 -6.04384777035418
"SeRPINA3-3" -0.087195265184295 1.63432839743559 -0.35123852727385 0.732428222381527 0.965225688966448 -6.04446071415279
"HNRNPK" -0.087195265184295 0.554996879160843 -0.346529593003175 0.735860806222086 0.965225688966448 -6.04615359239392
"GSTM1" -0.087195265184295 0.389687724175153 -0.343554207437699 0.738032854151443 0.965225688966448 -6.04721175587864
"PNP" -0.087195265184295 0.389687724175153 -0.343554207437699 0.738032854151443 0.965225688966448 -6.04721175587864
"ARG1" 0.224009618872084 1.23561033564881 0.342494146033278 0.738807287541546 0.965225688966448 -6.04758660259446
"APRT" -0.087195265184295 0.474000474303524 -0.341851454947036 0.7392769573588 0.965225688966448 -6.04781331277336
"ANG1" -0.087195265184295 0.377680432503023 -0.341569451891937 0.73948307664275 0.965225688966448 -6.04791265846805
"ATP6V1D" -0.087195265184295 0.476439323507216 -0.33843052310375 0.741778805618054 0.965225688966448 -6.04901305141399
"PPIe" 0.150631928919409 0.785697930021613 0.338306253775044 0.741869747484085 0.965225688966448 -6.04905641141421
"F2" -0.0830719061672518 6.16233936367882 -0.333750264918825 0.745206729206582 0.965225688966448 -6.05063533905118
"KRT10" -0.566442831644556 3.40303086313449 -0.333476649222886 0.745407311852524 0.965225688966448 -6.0507294973728
"ANXA11" -0.158245209771793 0.839743777656129 -0.333454096362979 0.745423845826072 0.965225688966448 -6.05073725503371
"ORM1" 0.0997989689837073 4.8102881838775 0.32565188995614 0.75115184636242 0.965225688966448 -6.05339022921222
"PHGDH" -0.104921401569785 0.493755645343079 -0.323973228670846 0.752386316414923 0.965225688966448 -6.05395298693535
"eNO3" -0.313606431274516 0.99290281061463 -0.32138485624029 0.754291205733351 0.965225688966448 -6.05481513732044
"LOX" -0.087195265184295 0.435539750083442 -0.318593761408287 0.756347214663227 0.965225688966448 -6.05573722156063
"GSTP1" -0.182162425401516 0.784981248927217 -0.313671615494849 0.75997785285891 0.965225688966448 -6.05734412870514
"ARPC1B" -0.087195265184295 0.579888958572463 -0.307620758243747 0.764449382545242 0.965225688966448 -6.05928590440402
"PGM1" -0.087195265184295 0.524532485669506 -0.307359403417984 0.764642726475097 0.965225688966448 -6.05936893973338
"HMGB2" 0.102779952449466 1.8914820562858 0.304976345891581 0.766406431128251 0.965225688966448 -6.06012286903028
"C4" 0.110139056683577 5.27620105236723 0.302476784584245 0.768257857359494 0.965225688966448 -6.06090746801883
"S100A12" -0.087195265184295 0.504131382814887 -0.296419408922525 0.772750848755409 0.965225688966448 -6.06278254488953
"CTSD" 0.182724965071365 1.05853662729871 0.29503912465878 0.773775893100949 0.965225688966448 -6.0632046031957
"AKR1A1" -0.104921401569785 0.756980046568206 -0.29434444988479 0.774291953191269 0.965225688966448 -6.06341628611595
"IGFBP5" -0.087195265184295 0.612552751060188 -0.29287564808984 0.775383474329575 0.965225688966448 -6.06386224828636
"IGFBP4" -0.087195265184295 0.70727253657282 -0.292297883192179 0.775812972938423 0.965225688966448 -6.06403707018981
"TTR" -0.109570411678034 4.92942843131743 -0.289985046865028 0.777533076598184 0.965225688966448 -6.06473349720816
"C9" 0.116044797175729 3.33848214867488 0.284710097402842 0.781460845281723 0.965225688966448 -6.06630150312568
"SePTIN8" -0.087195265184295 0.390926350934872 -0.283879452462376 0.782079937977303 0.965225688966448 -6.0665458362622
"RAB13" -0.137357441808918 0.723978957096803 -0.276660572139717 0.787466925526801 0.965225688966448 -6.0686396731748
"SeRPINF1" 0.0798661696285841 4.8400555296092 0.26762572582866 0.794225533616173 0.965225688966448 -6.07118538724293
"LDHB" -0.122320057295939 2.84148230058972 -0.262287828222222 0.798227009094511 0.965225688966448 -6.07265027835181
"IGFBP6" -0.087195265184295 1.33893448199256 -0.256260074437167 0.802752959533713 0.965225688966448 -6.07426949188953
"RAN" 0.167131838621978 1.04895830466732 0.256150453707388 0.802835339535133 0.965225688966448 -6.07429859502447
"ACO1" -0.087195265184295 0.53255268864921 -0.254878835789848 0.803791144574641 0.965225688966448 -6.07463529791874
"PROZ" 0.080326069848355 3.245792045934 0.253145195783211 0.805094769626417 0.965225688966448 -6.07509167196413
"SeRPINA1" -0.0722085166486046 7.33017595081601 -0.252999471739096 0.805204376497 0.965225688966448 -6.07512989317439
"UBA52" 0.187297213238306 0.911303654524378 0.248962387512969 0.808242626440312 0.965225688966448 -6.07618011935755
"eXT1" -0.0871952651842951 0.91355813581641 -0.247580794006873 0.809283160514659 0.965225688966448 -6.07653570213591
"IGFBP2" 0.161971566650662 2.93082251674727 0.244634010171029 0.811503796556309 0.965225688966448 -6.07728758973354
"APOD" -0.104375416857167 2.64006340870884 -0.238293214400338 0.816287984271567 0.965225688966448 -6.07887530923267
"P02070" -0.252471883984724 4.27335271645977 -0.236119027527315 0.817930253774751 0.965225688966448 -6.07941023105384
"ITIH4" -0.152114324138921 4.82000702427043 -0.236087712599228 0.817953914205408 0.965225688966448 -6.07941790014619
"KRT71" -0.198467579154654 1.69193509710301 -0.231919565661937 0.82110490882734 0.965225688966448 -6.0804297098746
"ITIH3" 0.225699802168842 4.16871435066649 0.231018530409044 0.821786503388874 0.965225688966448 -6.08064609109093
"FeTUB" 0.0812627653289413 5.43470251133555 0.226277628664181 0.825375328570308 0.965225688966448 -6.08177087666878
"ANP32A" -0.0862988274535504 0.488137472128007 -0.204768605198706 0.841709046695133 0.965225688966448 -6.08658376023122
"ACTA1" -0.339972084141996 2.26912656438184 -0.202513713802589 0.843426081466482 0.965225688966448 -6.0870607448347
"PSMA1" -0.087195265184295 0.485651188296436 -0.197354288732599 0.847358041758121 0.965225688966448 -6.08813242756009
"LeCT2" -0.087195265184295 0.446091223004707 -0.196442554859323 0.848053325479224 0.965225688966448 -6.0883189544607
"CATHL4" -0.0909386841523383 1.03247856969317 -0.193947646385763 0.849956623888314 0.965225688966448 -6.08882499322726
"C1QA" 0.130007486799656 1.65284025768012 0.190297475789421 0.852743050214401 0.965225688966448 -6.08955378538096
"HSPA2" -0.128485267589892 0.675856036351536 -0.183877718850985 0.857648800072192 0.965225688966448 -6.09080219999352
"HPSe" -0.087195265184295 0.36515081239364 -0.18378704100718 0.857718138701753 0.965225688966448 -6.09081952891983
"RNPC3" -0.087195265184295 0.36515081239364 -0.18378704100718 0.857718138701753 0.965225688966448 -6.09081952891983
"CDC42" -0.087195265184295 0.45978606312341 -0.177945807809726 0.862187388590225 0.965225688966448 -6.0919179221573
"ARPC2" -0.087195265184295 0.45978606312341 -0.175662715070361 0.863935620309962 0.965225688966448 -6.09233765740387
"ARF2" -0.087195265184295 0.578493630882512 -0.172911055027678 0.866043665645743 0.965225688966448 -6.09283637793238
"CAPN2" -0.087195265184295 0.857889856697209 -0.171284397052448 0.867290364325255 0.965225688966448 -6.09312751823893
"CTSL" -0.104921401569785 1.67243024294141 -0.171062121705589 0.867460749548592 0.965225688966448 -6.09316708878762
"CTSV" -0.104921401569785 1.67243024294141 -0.171062121705589 0.867460749548592 0.965225688966448 -6.09316708878762
"RPL7" 0.0710590506137793 0.416538637176849 0.16855106780026 0.869386088379917 0.965225688966448 -6.09361057053043
"COL2A1" 0.0710590506137793 0.494870834168399 0.164241603065606 0.87269242008643 0.965225688966448 -6.09435647332107
"CFH" -0.103141741243297 2.73311449355811 -0.162677046365531 0.873893424825611 0.965225688966448 -6.09462252051344
"SNRPD1" -0.087195265184295 0.399879005759411 -0.157986712740756 0.877495868718556 0.965225688966448 -6.0954049142303
"VIM" -0.087195265184295 0.402458123808049 -0.1563280086419 0.878770551497169 0.965225688966448 -6.09567615168489
"ACAN" -0.087195265184295 0.402458123808049 -0.1563280086419 0.878770551497169 0.965225688966448 -6.09567615168489
"MIA3" -0.087195265184295 0.402458123808049 -0.1563280086419 0.878770551497169 0.965225688966448 -6.09567615168489
"UGDH" -0.087195265184295 0.466203911078831 -0.156091810360749 0.878952094909762 0.965225688966448 -6.09571454400357
" K2CB" -0.0871952651842949 0.399211096444112 -0.15355130649369 0.880905201992491 0.965225688966448 -6.09612383212199
"PLeKHA2" -0.087195265184295 0.384795376623037 -0.153472782752757 0.880965583395003 0.965225688966448 -6.09613637620756
"TUBA3" -0.087195265184295 0.384795376623037 -0.153472782752757 0.880965583395003 0.965225688966448 -6.09613637620756
"TUBA1C" -0.087195265184295 0.384795376623037 -0.153472782752757 0.880965583395003 0.965225688966448 -6.09613637620756
"DNAJC12" -0.087195265184295 0.384795376623037 -0.153472782752757 0.880965583395003 0.965225688966448 -6.09613637620756
"SMC3" -0.087195265184295 0.384795376623037 -0.153472782752757 0.880965583395003 0.965225688966448 -6.09613637620756
"PSMD2" -0.087195265184295 0.384795376623037 -0.153472782752757 0.880965583395003 0.965225688966448 -6.09613637620756
"AMDHD1" -0.087195265184295 0.384795376623037 -0.153472782752757 0.880965583395003 0.965225688966448 -6.09613637620756
"CHAD" -0.087195265184295 0.932039286335565 -0.149006519765774 0.884401246792776 0.965225688966448 -6.09683934427737
"CLIC1" -0.0871952651842951 1.16649045744082 -0.146947544376394 0.885985956299285 0.965225688966448 -6.097156457227
"TF" 0.030478012274898 7.95224413921759 0.142504641325459 0.889407255817982 0.965225688966448 -6.09782576156085
"AHSG" 0.0304780122748953 7.92399558400718 0.140307332478578 0.891100194971642 0.965225688966448 -6.0981492141149
"ILK" -0.0948176520629604 1.15233167107786 -0.139042549210286 0.892074919791303 0.965225688966448 -6.09833312507548
"NOSTRIN" -0.087195265184295 0.643369721449895 -0.138049683403701 0.892840218714217 0.965225688966448 -6.09847633452071
"TNFAIP8" -0.087195265184295 0.643369721449895 -0.138049683403701 0.892840218714217 0.965225688966448 -6.09847633452071
"LYRM7" -0.087195265184295 0.434626642499916 -0.138032434377587 0.892853515244866 0.965225688966448 -6.09847881345911
"CCT6A" -0.087195265184295 0.434626642499916 -0.138032434377587 0.892853515244866 0.965225688966448 -6.09847881345911
"GDI2" 0.0577886726120096 1.76965202492705 0.127283741570388 0.901145785324364 0.965225688966448 -6.09996353412972
"GSTA1" -0.087195265184295 0.719135086218648 -0.125617183071242 0.902432620140771 0.965225688966448 -6.10018300049524
"KRT27" -0.0925874992062286 1.59978620673897 -0.125435678860065 0.90257278667662 0.965225688966448 -6.10020672838378
"YWHAH" -0.0835115656588732 1.00969491056355 -0.125299245433687 0.902678149621524 0.965225688966448 -6.10022454169162
"SePTIN7" -0.087195265184295 0.834597337592445 -0.123024958140573 0.904434793920961 0.965225688966448 -6.10051863587854
"ACTG2" -0.087195265184295 0.469239978251018 -0.122349126575048 0.904956905854804 0.965225688966448 -6.10060499440365
"ACTA2" -0.087195265184295 0.469239978251018 -0.122349126575048 0.904956905854804 0.965225688966448 -6.10060499440365
"CMPK1" -0.087195265184295 0.472710099611018 -0.120960584689438 0.906029768329029 0.965225688966448 -6.10078093558451
"COMP" 0.0710590506137793 1.00670265617101 0.119120427888376 0.90745187647583 0.965225688966448 -6.10101101553828
"HSP90AA1" -0.0563648827349379 5.11108827023986 -0.118469872145344 0.907954720244688 0.965225688966448 -6.10109151489476
"eZR" 0.109522207311726 1.28510719615767 0.118030122860641 0.908294646276313 0.965225688966448 -6.10114568019115
"GSTA2" -0.087195265184295 0.934895426186002 -0.114505290729639 0.91102003215352 0.965225688966448 -6.10157258652953
"SeRPINA3-6" -0.0373038464621152 5.53073277414851 -0.113695617396462 0.911646239740402 0.965225688966448 -6.10166882622715
"ascc3" -0.087195265184295 0.494928131101173 -0.112734136553471 0.912389938368359 0.965225688966448 -6.10178222542567
"HRG" -0.0698650742909179 1.96367273588324 -0.110923638410092 0.913790584871486 0.965225688966448 -6.10199315213021
"YWHAG" 0.084856845168463 0.832994163627799 0.108720902190167 0.915495091408458 0.965225688966448 -6.1022451819006
"SLC2A3" -0.0400413410943234 1.0823529794274 -0.100086580456057 0.922180670980151 0.969879671203263 -6.10318445802297
"SPZ1" -0.087195265184295 0.534499169467833 -0.094600261040647 0.926432066730117 0.970264931750807 -6.10374100206916
"SeRPINA3-5" 0.109232310517727 4.65151762801419 0.0918742125161642 0.928545412675158 0.970264931750807 -6.10400589437389
"TALDO1" -0.087195265184295 0.724562448865416 -0.0836827644330934 0.934899183685463 0.970264931750807 -6.10475533592658
"PGK1" 0.0499414710763535 2.57489153092758 0.0819707205028349 0.936227764570868 0.970264931750807 -6.10490314877145
"OLFML3" -0.0294107016810063 0.907161839369262 -0.0800375953246357 0.937728154330208 0.970264931750807 -6.10506638142822
"KRT28" -0.0937635569589994 1.14543589060528 -0.079571763413316 0.938089746741108 0.970264931750807 -6.10510513447394
"ITIH1" 0.0706405076942911 2.8397505992761 0.079103853713431 0.938452966775371 0.970264931750807 -6.10514383294001
"DDBX" 0.0349448344132057 2.5284027046102 0.0736881666312338 0.942658002907616 0.972258374979594 -6.10557514886386
"GAPDH" -0.0188840259312544 4.01546387994701 -0.0642143878234881 0.950018305543434 0.974502098316847 -6.10625620600006
"GALK1" 0.0407560203107489 1.26499983681606 0.0627820204857499 0.951131575342372 0.974502098316847 -6.10635104051913
"SPP2" 0.02866073602469 3.4849997067358 0.0620764072719324 0.951680035124415 0.974502098316847 -6.10639697206689
"YWHAZ" 0.0214938467038239 3.19842278451098 0.0590505018374612 0.954032308907161 0.974573674409946 -6.10658805964616
"HSP90B1" 0.0299782382684146 1.21478216703589 0.0539995032419211 0.957959861114835 0.976250264191013 -6.10688577747619
"RAC1" 0.0201737966616797 1.40902248895824 0.0446789702456547 0.965210316613033 0.980359698447378 -6.10736534839731
"ADIPOQ" 0.0195760274894505 3.62619020801899 0.042148086864135 0.967179694594461 0.980359698447378 -6.10747993711298
"DSG1" -0.0364446637610003 1.79208455424942 -0.0399631336500867 0.968880076685699 0.980359698447378 -6.10757349233452
"SeRPINA3-4" 0.00868119093987918 5.90792193596409 0.0325380185341276 0.974659639477967 0.98387627909478 -6.10785422128883
"C1QB" -0.0186184650075132 1.52003506182875 -0.025989725544976 0.97975798295231 0.985788939343345 -6.10805409201457
"TUBA1D" 0.0408746751460378 2.33720703633656 0.024174232345711 0.981171660938927 0.985788939343345 -6.10810158791403
"TUBB2B" -0.00559457780703898 1.36573439339964 -0.00373615842374243 0.997089752916609 0.999430339191061 -6.10839909004025
"ALB" 0 9.67797934023327 0 1 1 -6.10840637031155
