"logFC" "AveExpr" "t" "P.Value" "adj.P.Val" "B"
"SeRPINA3-3" -6.39270766974746 1.75040977732359 -13.4363133469154 7.69781150055507e-08 2.27085439266374e-05 8.26832156095561
"TGM3" -3.1304168196087 1.21697549074761 -6.12139404178878 0.000101171292871254 0.0105236927611223 1.69587545772991
"GDI2" 2.945324166928 2.01690458088736 6.0796490640517 0.000107020604350396 0.0105236927611223 1.64037459730875
"HSPA1A" 3.45174686145793 2.57110647693856 5.67362137491106 0.000187184721510686 0.0110438985691305 1.08668693208819
"HSPA1B" 3.45174686145793 2.57110647693856 5.67362137491106 0.000187184721510686 0.0110438985691305 1.08668693208819
"H2A1" -3.69917294301733 1.80050811147294 -5.45803842783332 0.000254231629127528 0.0124997217654368 0.782396352804126
"NAP1L1" 2.79489099323401 2.28559176631142 4.89512925876698 0.00058334214194994 0.0213820724275955 -0.045859777927534
"C7" 3.37867763083726 2.66104238691755 4.79300240243135 0.000681510323667716 0.0213820724275955 -0.201277691720665
"KRT7" -2.69777644431134 4.15157157333388 -4.73385678318653 0.000746256404458741 0.0213820724275955 -0.291991991469196
"FGG" 3.30312846081828 3.56420348710343 4.72936747131427 0.000751430202412034 0.0213820724275955 -0.298898413324912
"CPB2" 2.56664280417297 3.10802413129862 4.6909448400293 0.00079729761594424 0.0213820724275955 -0.358128637252558
"MDH1B" -4.91901474085213 2.09523810948778 -4.58272225497331 0.000943159451386656 0.023186003179922 -0.526105770236759
"FGA" 3.18156050410876 3.88432828550186 4.29606211354725 0.00148348187264904 0.0336636271101129 -0.978959019954813
"MYL6" 1.55790610888252 1.48582233364358 4.21321745954473 0.00169447342587705 0.0357049757595521 -1.11187635089189
"AHCY" 2.68140827651535 2.50915357508349 3.98522667957743 0.00245464594581284 0.0466995440171692 -1.4820341311367
"HSPA1L" 1.75398560263217 1.8929692356715 3.96611637450908 0.00253285662466002 0.0466995440171692 -1.51333547504239
"HBA" -1.79373029353154 6.35501045088591 -3.89268218314446 0.002858482509528 0.0475724254021347 -1.63398468350641
"CFAP210" -3.22055033031154 1.3109368308122 -3.88296477747717 0.00290474054776726 0.0475724254021347 -1.64999276473793
"APOA2" -2.84112157339229 2.92054742881332 -3.85070576690385 0.00306398672081545 0.0475724254021347 -1.70320461425891
"HMGB1" 2.12897821081699 1.98671738771771 3.79413578090447 0.00336560707663645 0.0496427043803877 -1.79676901218645
"RAP1A" -4.83498348118504 1.36097873018299 -3.73043168389538 0.00374260185880868 0.0525746451594552 -1.90249823029362
"F7" 1.0857198302182 2.54411352435091 3.56875727201212 0.00490977298528724 0.0658355923027152 -2.17239597246305
"FGB" 2.75141360558025 4.5228412397939 3.50911080723549 0.00543061040266288 0.0696534812515456 -2.27246913703516
"CFD" 2.20984428067996 1.58119921366968 3.38822265163539 0.00666869059390964 0.0819693218834726 -2.47596771523122
"VASP" 2.64577191926655 1.79324105901057 3.34581021524914 0.00716910282086582 0.0845954132862167 -2.54754330571637
"NOSTRIN" -2.65298383670609 0.815478819063251 -3.2547208010104 0.00837849337609732 0.0865423394454471 -2.701508238269
"TNFAIP8" -2.65298383670609 0.815478819063251 -3.2547208010104 0.00837849337609732 0.0865423394454471 -2.701508238269
"PLG" 3.35911882800965 5.2510944043989 3.25450863947825 0.00838154217624903 0.0865423394454471 -2.70186716526049
"IGFBP6" -1.85271231820688 1.44157619810673 -3.24580827450123 0.00850755201328124 0.0865423394454471 -2.71658718846215
"MYH10" 2.7204026462707 1.73941337943095 3.21824247464087 0.00891975702153665 0.0877109440451104 -2.76323815851432
"KNG1" 1.04102341139478 5.64121807585725 3.16649285887962 0.00974964910518597 0.0927789189041891 -2.85085900486978
"CFB" 0.855017357895846 5.17575984876085 3.13394574796823 0.0103116028268847 0.0950600885603437 -2.90598628622134
"THBS4" -1.17430777966317 2.59491138889951 -3.06089715908276 0.011696180146158 0.0992413684926447 -3.0297321589907
"A2M" 1.1155115915324 6.81672493265751 3.05747683011539 0.0117654643180208 0.0992413684926447 -3.03552600705912
"CAT" 2.42387527528696 3.92509564827897 3.04245957983229 0.0120746333277232 0.0992413684926447 -3.06096330915016
"TUBB5" 2.45935839053224 3.15978881443397 3.03548418761272 0.0122210348667892 0.0992413684926447 -3.07277800066708
"H2AJ" -2.80184997339536 1.57617736906745 -3.02061867374435 0.0125390796550162 0.0992413684926447 -3.09795477971199
"GSTA1" -2.66212660950327 0.896096709254095 -3.00944609811676 0.0127836339075271 0.0992413684926447 -3.11687500167505
"RAP1B" -1.49595040386731 3.30804854291596 -2.97965335897583 0.0134596766138458 0.101810374386782 -3.16731662258361
"KRT74" -2.25741201803304 1.02251601349466 -2.89240107533962 0.0156551913916762 0.112703926413471 -3.31490465203138
"GSN" 1.3028153038944 5.17463596655203 2.89207889107611 0.0156639355354315 0.112703926413471 -3.31544913086999
"LUM" -0.917050192909038 3.55311337599626 -2.7924037392225 0.0186196237035116 0.126198396519363 -3.48364978513582
"HABP2" 1.96326265038579 1.86544166549811 2.76889311886936 0.019394870666786 0.126198396519363 -3.52323799204376
"KNG2" 0.975796575526764 5.28730966303119 2.76683754563177 0.0194641710710171 0.126198396519363 -3.5266974351303
"CFL1" -1.64393529705115 2.34431985102747 -2.76628864675862 0.0194827182669343 0.126198396519363 -3.5276211577153
"KRT40" -3.46263172293723 1.01789079062104 -2.76052936911781 0.0196783940335278 0.126198396519363 -3.53731193261799
"TUBB3" 1.82279322361484 3.06979014321408 2.67014555490217 0.0230198048308079 0.143432978033921 -3.6890458805878
"eXT1" 1.63209817468042 1.17526926241388 2.66222659273372 0.023338247273316 0.143432978033921 -3.70230522204646
"KRT8" 2.16067264002206 2.50224461653863 2.64488956320983 0.0240508102713068 0.14479569449052 -3.73131214761021
"ACTC1" 3.36996445939611 3.56228896540496 2.62527465260618 0.0248831196902905 0.146512109689958 -3.76409262514938
"MYH7" -3.47835302170438 1.02182111531282 -2.61502838465898 0.0253292121836877 0.146512109689958 -3.78119966343377
"APOC2" -2.69601982170593 1.50536108894806 -2.59912839203022 0.0260372203167979 0.147711153720296 -3.80772271979498
"TPI1" 1.25635402195396 1.27946679388455 2.57640072815184 0.0270834616261367 0.150747569428497 -3.84558375576507
"F2" 0.86121735032648 6.16233936367882 2.56431744012348 0.0276565496481264 0.151086706411061 -3.86568714748923
"HSPA8" 1.62423772295204 2.81201248770465 2.54482033437745 0.0286066628185564 0.153435736935894 -3.89808601985019
"CST3" -1.64013175448079 1.64526870437168 -2.53043344157354 0.0293283687814599 0.154497656973762 -3.92196101682702
"SeRPINA3-8" -1.22185913068409 4.03795786355504 -2.4979943290016 0.0310222416277132 0.15864308831811 -3.97568858301568
"PPIA" 1.38939681404717 1.89615773953036 2.49486154614648 0.0311908444828827 0.15864308831811 -3.9808692964868
"CLU" 0.995097551682416 3.79084776663646 2.4716484916238 0.0324685653533939 0.162342826766969 -4.01921128849461
"CATHL4" -1.24196773796427 1.2154817398604 -2.42643779926927 0.0351064812449223 0.169834294715555 -4.093645224609
"COL1A2" -1.74306097493988 2.49163112753144 -2.42624320145863 0.035118277890335 0.169834294715555 -4.09396488179159
"CRYZ" -3.28295897169242 0.972972602809832 -2.41501556136699 0.0358055199885511 0.170364974139074 -4.11239712284095
"CKM" 3.20394473632346 2.09436362453755 2.38351382128123 0.0378047590153713 0.177022284278326 -4.16399544612159
"CSRP1" -1.08668314722502 0.964335538599025 -2.3698211042614 0.0387073892685175 0.177465815945228 -4.18636747910551
"LTF" 1.29313184829949 3.57797574930512 2.35963817334897 0.0393922506920216 0.177465815945228 -4.20298226364119
"APOD" 1.17248686466115 2.74479780579411 2.35505676510763 0.039704216448763 0.177465815945228 -4.21045099743667
"MAeA" -2.49961057451654 0.777135503515863 -2.33172246647851 0.0413308487491605 0.17947968452168 -4.24842783852214
"GC" 0.669098755630829 6.49281553533094 2.32344481466371 0.0419233170245796 0.17947968452168 -4.26187382394722
"H2AC20" -2.30119541461585 1.70134100876233 -2.32265892193936 0.0419799940067657 0.17947968452168 -4.26314968540774
"YWHAe" 1.41920873862699 1.94978720226753 2.27392457731678 0.0456436978704901 0.189897920543028 -4.3420154569838
"APCS" 0.84933469345016 2.27668375580325 2.27315144624311 0.0457042452832373 0.189897920543028 -4.34326248563268
"THBS1" 0.871583359869618 3.57337983648066 2.2528862133043 0.0473192943540914 0.193877664367458 -4.37590189750948
"IGFBP3" 1.45758903936866 1.63593540287619 2.18459268394243 0.0531772874610539 0.214894517822067 -4.48518867991018
"HSP90AB1" 2.83238260610177 3.47531866043804 2.15462469350026 0.0559622841718912 0.223092889604161 -4.5327790131688
"HSPA2" -1.82060096669935 0.862141915047692 -2.1410268186467 0.0572715183913036 0.224539366194881 -4.5542951845569
"COL10A1" -1.17225635378108 3.47713761543386 -2.13513916134563 0.0578474299349523 0.224539366194881 -4.5635959093943
"XPNPeP1" -2.59545308608704 0.801096131408489 -2.12613106368847 0.0587392856088229 0.225040120189646 -4.57780770235104
"CHAD" -1.61403523579887 1.10186633523598 -2.11753578377618 0.0596024866676321 0.225419661114762 -4.59134735446257
"RAB1B" -1.91228581051322 2.05726537668342 -2.1093872565669 0.060431974322833 0.225663701585262 -4.60416423213509
"ACTN4" 1.40441278886104 1.11834791595904 2.07896642049768 0.0636267852993964 0.234623770791524 -4.65184610768358
"C3" 0.71395631887238 7.70740898894547 2.06430451568933 0.0652232547973565 0.237541483521237 -4.67473073973043
"SeRPINA3-4" -0.739857852625028 5.90792193596409 -2.04029019586809 0.0679203125578121 0.244347465909202 -4.71207287052655
"CAPN1" 0.765923491782405 1.51228701556479 2.003551731069 0.0722511125870356 0.256436427930453 -4.76885324607795
"SeRPINA3-1" -0.959688309079643 6.17402969191073 -1.99725355500645 0.073019186258163 0.256436427930453 -4.77854379124254
"BPT2" -1.11737675115805 1.03210113327212 -1.97114619643596 0.0762855782628001 0.264755830441483 -4.81857355541018
"LYSM" -1.26357795055629 1.56989321086644 -1.94699587066267 0.0794286033047919 0.272458581103647 -4.855397388278
"F13A1" -1.46948502006568 3.24384767405591 -1.92929897911762 0.0818081464367051 0.275145109194713 -4.88225238875152
"PGK1" 1.42054747150609 2.64914823878535 1.92732842379129 0.082077185115711 0.275145109194713 -4.88523584200515
"HPX" 0.595429777096559 5.86609039902919 1.88419144261201 0.0881769644038306 0.289476809030334 -4.95019270160823
"OLFML3" 0.90544664247474 1.13972541254087 1.88324798845086 0.0883149586872204 0.289476809030334 -4.9516056925364
"SeRPINF1" -0.764934748606827 4.8400555296092 -1.86782340034715 0.0905995868912201 0.289651379842439 -4.97465899593221
"CTNNB1" -1.80237625388093 1.31725686209541 -1.86449359782683 0.0910999053118643 0.289651379842439 -4.97962375113909
"TAGLN2" -1.41070403429718 2.43409501560093 -1.86307504087131 0.091313824831684 0.289651379842439 -4.98173753374722
"F5" 0.95313967969637 6.24315152845296 1.85126249244416 0.0931132677189647 0.292217169969091 -4.99930911610313
"AFM" 0.842836927014956 5.12355881834063 1.83445659282858 0.0957297714981202 0.297266132546794 -5.02421441918007
"ORM1" -0.769320234830522 4.8102881838775 -1.82569642354513 0.0971203168916152 0.298442640448193 -5.03715202353678
"KRT81" -3.67416974731909 1.0707752967165 -1.80829874106456 0.0999371155898194 0.30393246493811 -5.06275435612045
"YWHAB" 0.791546460983282 1.99087116427765 1.7926960552439 0.102526796135474 0.308626580203721 -5.08560978150655
"ANXA11" -0.874609966434814 1.07538527316866 -1.76329155418018 0.107574642131459 0.318631101908317 -5.12840549380891
"KRT72" -1.88717864291923 1.45974011251792 -1.75144645176151 0.109671295243395 0.318631101908317 -5.14554057700147
"ADIPOQ" -1.13305532880641 3.62576661351702 -1.74593003565252 0.110660354182299 0.318631101908317 -5.15349979021335
"KRT83" -3.92679915982407 1.13393264984274 -1.74471942551642 0.110878489982142 0.318631101908317 -5.15524470506285
"TTR" -0.916446234423497 4.92942843131743 -1.74265783650797 0.111250859310361 0.318631101908317 -5.15821469934509
"FN1" 1.96115779506113 2.13624108186912 1.7333220891712 0.112951346378732 0.318703988015379 -5.17164063770188
"ARF1" -1.22203797411908 2.89869732311397 -1.72674056285445 0.114164276878488 0.318703988015379 -5.18108243584979
"CTSC" 1.01764917358488 1.02165701214 1.72188513319661 0.115066643798369 0.318703988015379 -5.18803558507686
"PTGeS3" -0.933640208169742 1.12398756783855 -1.71392956417358 0.116559111665781 0.318703988015379 -5.19940532185325
"GSTT1" -1.6194367819575 0.864876618879392 -1.712021286171 0.116919696110237 0.318703988015379 -5.20212829071605
"YWHAZ" -0.842029475882643 3.18069407003987 -1.70233189928335 0.118766165526678 0.318703988015379 -5.21592874094284
"AFP" 0.623648651599246 7.01239407037668 1.7019536618807 0.118838775192175 0.318703988015379 -5.21646658868958
"SeRPINA3-2" -0.926213654183618 6.29324212475739 -1.69386099919783 0.120401925538836 0.319987099405015 -5.22795846742662
"KRT35" -3.00274542088891 1.07961282265096 -1.68185540977761 0.122754983168526 0.323327857452815 -5.24495097732492
"JUP" -2.45812974244974 2.44279411280677 -1.65277085302746 0.128627465750143 0.331318007527585 -5.28583543803803
"RAC2" 0.876383170622097 0.986340511399302 1.64369919143167 0.130509870151683 0.331318007527585 -5.29850471098142
"CAPNS1" 1.26827078491918 2.00986481052275 1.64345524107256 0.130560828547801 0.331318007527585 -5.29884485552361
"AOC3" 1.20359812423397 1.06814424980227 1.63865599727882 0.131566950379352 0.331318007527585 -5.30553063641738
"CTSL" 1.19787886402915 1.83553071280708 1.63410596713661 0.132527203011034 0.331318007527585 -5.31185884787759
"CTSV" 1.19787886402915 1.83553071280708 1.63410596713661 0.132527203011034 0.331318007527585 -5.31185884787759
"CHIA" 1.49475650787588 2.53194710138403 1.6207862582107 0.135374201937577 0.3353742238547 -5.33032540797224
"C9" -0.897111526877397 3.33039139526694 -1.61576227630899 0.13646208287448 0.3353742238547 -5.33726785110937
"SeRPINA3-5" 2.44712429783481 4.75129595416397 1.61072660508224 0.137560274869216 0.3353742238547 -5.34421379302333
"ITIH3" 2.00747461976576 4.22426925674217 1.60364821697996 0.139117195565621 0.336389940097198 -5.3539558141257
"eeF1A2" -2.03532431870307 1.4675400061289 -1.58729671060252 0.142773551211548 0.342424370791923 -5.37636336985267
"SLC2A3" -0.832921277742059 1.23757646949636 -1.55472218920132 0.150310974321017 0.357594656650807 -5.42059125530333
"eSD" 0.926795696175088 0.998943642787549 1.53928856805457 0.154002544994312 0.363446006186577 -5.44135117085367
"SeRPINC1" 0.453421517035316 5.93004310799188 1.50224371295688 0.163188009380874 0.382067164820301 -5.49065547801115
"TALDO1" -2.02612353868549 0.933997935914138 -1.4967833680489 0.164581411146571 0.382295403844398 -5.49785905709003
"HMGB2" 0.668558497980432 2.02393245021452 1.46993720633658 0.171582890285018 0.393141149257383 -5.53303265391832
"GDI1" -1.16427341155765 0.989505186265949 -1.46660094425939 0.17247067598151 0.393141149257383 -5.53737525180717
"CSN1S1" -1.10899353826073 1.50433106772898 -1.46368950624755 0.173248642045627 0.393141149257383 -5.54115967808167
"ITIH4" 1.29783585198803 4.82477529093205 1.44501613498733 0.17831038559759 0.400409098710148 -5.56531604476449
"FABP1" 1.25937928864601 1.08208954090528 1.44190429745963 0.179166105185558 0.400409098710148 -5.56932192226957
"HBB" -0.580822379937547 6.12256865805915 -1.43145827823285 0.182064367797062 0.403826981204011 -5.58272762685908
"HSP90AA1" 0.932967976840491 5.11746563167424 1.42603317519662 0.183585295587816 0.404161658197057 -5.58966447484076
"APOA4" 1.44697437540645 2.66364124325596 1.42100226863074 0.185005374103865 0.404271002671409 -5.59608169798528
"TBA1B " 0.787658809008287 4.4693298497133 1.39340882569389 0.192961325404364 0.418555816134467 -5.6310092811526
"H4" -1.33190209258806 1.41629504327181 -1.38698013393289 0.194855931886667 0.419580291288808 -5.63908048495493
"IGFBP4" 0.716580859888165 0.946389933715819 1.37276766921298 0.199100253601633 0.425612860960013 -5.6568342415335
"COL1A1" 1.22861020665281 2.56140591566763 1.36150280225086 0.202519318539653 0.429451833110924 -5.67081719203743
"TRAP1" -0.834639801005272 0.9445780910529 -1.35729947094132 0.203807649611964 0.429451833110924 -5.67601447038246
"RAB8A" -0.703497353950739 1.38000849937086 -1.32486845463478 0.213979982790313 0.44515202712595 -5.71573922809958
"IGF2" -0.622985971145543 1.12024655550427 -1.32203076958824 0.214889797107044 0.44515202712595 -5.71918318239967
"SLC2A1" 1.24001141939138 1.71343258384693 1.31924663243342 0.215785558911901 0.44515202712595 -5.72255710573424
"RAN" 1.12708552949998 1.31050952587468 1.31180028559392 0.218196541143485 0.446999858592555 -5.73155624638306
"UBA52" -1.1570381509739 1.0889279626305 -1.29565766353854 0.223499708724349 0.454172541304925 -5.7509411764891
"BLVRB" -0.547666920251355 3.35612670303937 -1.28968834895314 0.22548744102265 0.454172541304925 -5.75806616904038
"TUBB4B" 1.92423767253169 2.67509760294301 1.28480089712113 0.227125718305102 0.454172541304925 -5.76388232813759
"YWHAH" -0.995437501138225 1.253649853733 -1.28184630788101 0.228120827278488 0.454172541304925 -5.76739066828854
"PROS1" 0.578641371111758 6.16477537271403 1.27740516213301 0.229623331210754 0.454172541304925 -5.7726532608949
"PRDX2" -1.17112204608736 1.31397924720715 -1.27354694382421 0.23093519049403 0.454172541304925 -5.77721443493051
"VCP" 1.14166049162128 2.05154812599339 1.25724594397451 0.236545563321818 0.462125438277723 -5.79637524198383
"KRT17" 1.98817694780791 2.91341288351668 1.2494472942345 0.23926863067672 0.464370039800214 -5.80547861290317
"TUBA4A" 0.7483592723354 4.48251258509451 1.23813091832968 0.243265173544264 0.469040694088614 -5.818614560709
"CL43" 0.700090834617986 1.3755767612888 1.21844753308505 0.250345081583299 0.479557136799177 -5.84125309149194
"PeBP1" 0.437472769405144 1.24116627154522 1.19702839236984 0.258236472539097 0.488400685582525 -5.86558149933555
"HP" 1.01148547053962 2.03639602487667 1.1969307277166 0.258272904918217 0.488400685582525 -5.86569169065155
"RNASe4" -0.640381337410113 1.70306998652199 -1.18352636731808 0.263312207349345 0.494758606165966 -5.88075117947668
"ARG1" -0.863332598684112 1.40066330074322 -1.17595135510249 0.266194363458851 0.497008463420006 -5.88920493364467
"B4GALT1" -0.457234884370153 1.24308889878845 -1.15905154279283 0.272714447856034 0.504872860519583 -5.90791662107655
"LGALS3BP" -1.15998136622526 1.11384513425394 -1.15619375015465 0.273829348078418 0.504872860519583 -5.91106039431976
"FeRMT3" 1.08948001264679 2.52396267043321 1.13825113800591 0.280911276123042 0.514713207803089 -5.93066246399895
"ANXA2" -1.06934894751365 2.25831039389751 -1.12844337598401 0.284842487285571 0.516492986758163 -5.94127740650772
"CDH5" 0.657864288550548 1.5390920750393 1.12710002248263 0.285384260479934 0.516492986758163 -5.94272578375089
"GGH" -0.727603189278098 1.35113077047041 -1.11099002746304 0.291943981884504 0.525143138145907 -5.95999075603612
"SULT1e1" 0.706227116305684 1.39315467548426 1.10513303021519 0.294357574876997 0.52559031592097 -5.96621959594402
"eeF1A1" -0.676467826272228 2.97553678681301 -1.10175668107075 0.295755906586037 0.52559031592097 -5.96979858879437
"PROZ" -0.49164308928882 3.23548239088662 -1.08807268982141 0.301475628447205 0.532546768813925 -5.9842157487008
"KRT25" 0.971394449561199 1.86771160522844 1.07829153136229 0.305615726467329 0.536646662546798 -5.99443383119685
"KLKB1" 0.915891439776799 2.8469065840615 1.07359424668778 0.307619329337841 0.53696865180274 -5.9993149691712
"ITIH1" 1.18050329828529 2.91776720827233 1.05667202242282 0.314920375300498 0.546479474786158 -6.01675888610088
"ARF4" 0.793919273465708 2.45381139029625 1.05219969350912 0.316871702282634 0.546650012709806 -6.02133210683538
"AOCX" 0.83616056099339 0.976284858992125 1.03236011695944 0.325638011092035 0.558043857110462 -6.04143121932433
"NAP1L4" 0.369680584613412 1.24565818745757 1.02873421035091 0.327259617898678 0.558043857110462 -6.04507120226166
"CTSD" -0.689921128556682 1.25983291655125 -0.98693897394606 0.346388059238181 0.584954331582306 -6.0862746450995
"PTGR1" -0.816899948685156 1.24748152716515 -0.985615770570374 0.34700680687086 0.584954331582306 -6.08755624096386
"KRT19" 1.14261296920877 2.9050323945127 0.944565994908918 0.366605032745989 0.61106121368188 -6.1266065427099
"SPP2" -0.600632379063707 3.49343424635566 -0.943236174005251 0.367252994984047 0.61106121368188 -6.12784843842925
"COLeC11" 0.443409745465001 0.878097155110028 0.936236812718145 0.370677010298496 0.61106121368188 -6.13436084553608
"MBL" -0.551763728922718 1.17350438883095 -0.931956093664409 0.372782310772272 0.61106121368188 -6.13832368422897
"RPLP0" -0.674615931862437 1.54491768258111 -0.931816901026369 0.372850910043181 0.61106121368188 -6.13845228442449
"H2BC12" -0.57112664381626 1.26098429550885 -0.91930626904574 0.379053387290761 0.614399721158102 -6.14994476381244
"P62808" -0.57112664381626 1.26098429550885 -0.91930626904574 0.379053387290761 0.614399721158102 -6.14994476381244
"RAC1" 0.439344093988578 1.6047117066381 0.907846324565908 0.384798802633862 0.620304080748575 -6.16035682063258
"PPIe" -0.469465655993658 1.0358716273058 -0.90070525066858 0.388409834533178 0.622722289061345 -6.16678888424502
"DSG1" -0.95075055832923 1.94799835927355 -0.888624476680816 0.39457268494445 0.629183470587097 -6.17757170811873
"OSTF1" -0.77831774753007 0.872366716043116 -0.883643154351661 0.397133583527511 0.629862403981804 -6.18198163756388
"APOC4" -0.443345085150755 1.3689463006936 -0.878733908899417 0.399668700565059 0.630493404634719 -6.18630699626187
"RAB11B" 0.347877815179912 1.52847152809494 0.857316508837192 0.41085936358231 0.64285588478311 -6.20493469889594
"FMOD" -0.601835765148383 0.83817373905413 -0.855414210671132 0.411863600759348 0.64285588478311 -6.2065700532947
"KRT27" 0.728752798859281 1.80705119255296 0.846638488041824 0.416518055029725 0.646699085440889 -6.21407360822396
"GDF6" -0.972798313991635 1.12913215929065 -0.839256921922594 0.420460654293395 0.64940258123849 -6.22033315672813
"eNO1" 0.37564923152877 4.21493837642468 0.828064573813779 0.426486637750014 0.655278948626324 -6.22973327246125
"VNN1" 0.387176512531764 3.90245807131805 0.788874447290195 0.448040662391869 0.684828991738868 -6.26177576481902
"SeRPINA1" -0.302871969832306 7.33017595081601 -0.776036475176636 0.455254115600381 0.686407067621509 -6.2719743135315
"ANXA1" 0.46665286529807 1.75180044110064 0.771930149684006 0.457577217322188 0.686407067621509 -6.27520508628249
"SeRPINA7" -0.39585605191191 4.32534762956744 -0.770242938070938 0.458533954129808 0.686407067621509 -6.27652813829221
"KRT5" 0.949185609852643 4.9750515731116 0.763718066293203 0.462246037542688 0.686407067621509 -6.28162048578882
"CSN2" -0.606975901590051 1.01358231248571 -0.762621185907151 0.462871959093315 0.686407067621509 -6.2824727626441
"SeRPINF2" 0.337318235253837 5.35831819392891 0.759491431847056 0.464660905493029 0.686407067621509 -6.28489858458045
"GAPDH" 0.303577184027003 4.01941362420333 0.758269204637629 0.465360723811192 0.686407067621509 -6.28584349893744
"AKR1A1" 0.360833078586153 1.00357202156872 0.749212933674906 0.470567118459579 0.689149342684732 -6.29280264583554
"LDHB" -0.507615720968981 2.82553280451299 -0.746918403672397 0.471892092279037 0.689149342684732 -6.2945539738827
"TGFBI" -0.727945246663509 2.84364297883443 -0.738644379301282 0.476689548073042 0.692726190549495 -6.30082926622219
"F12" 0.413637007637154 1.23520733110322 0.725412530106068 0.484425310916143 0.698829223695543 -6.31073425446535
"A1BG" 0.255885626279349 5.09463027094381 0.719554981627252 0.487874728106659 0.698829223695543 -6.31506757553196
"ARF3" 0.428840324898868 2.92293264906822 0.719349515814012 0.487996000275531 0.698829223695543 -6.31521900082169
"CORO1A" -0.569584104808974 1.24754593741915 -0.709484161735535 0.493840833949885 0.69893916239749 -6.32244365690377
"CLeC3B" -0.419913216276839 3.02569859813768 -0.707460464169872 0.49504511196538 0.69893916239749 -6.32391451326483
"KRT10" 1.50302891549891 3.59509906798351 0.703640518327388 0.497323234867144 0.69893916239749 -6.3266805444964
"C4BPA" 0.685576165498806 2.47824943331545 0.703261015041666 0.497549912215162 0.69893916239749 -6.32695460282928
"SeRPINA3-6" -0.311548560324105 5.53073277414851 -0.687431475989368 0.507061164348209 0.707889137648536 -6.33826630423139
"ILK" 0.565346358459859 1.42191012877033 0.68468865780958 0.508720329428778 0.707889137648536 -6.34020250026795
"AHSG" -0.195510429408404 7.92399558400718 -0.67916737173181 0.512070145869732 0.709205131603619 -6.34407866422709
"F12AI" -0.326270559984724 4.72017590150507 -0.661438474102113 0.522915571301861 0.720841558570323 -6.35633112124973
"NACA" 0.260989107770387 1.42264489682359 0.650022341056939 0.529970641338974 0.727169019511615 -6.36406355982994
"RBP4" -0.513278604327105 3.17213094040432 -0.63175196674662 0.541376656738577 0.73803372616964 -6.37618062204764
"TUBB4A" -0.889888269227459 1.38941392986648 -0.629340505460183 0.542892605351905 0.73803372616964 -6.37775610926973
"F9" -0.237431748491555 4.81557720003636 -0.612533427455458 0.553525567630537 0.747186730527129 -6.3885817777499
"HSP90B1" 0.381323354991643 1.44307042952867 0.606734267643095 0.557221520960418 0.747186730527129 -6.39225401467465
"GFAP" -0.735713396776599 2.58492407395942 -0.60673038135627 0.557224002427011 0.747186730527129 -6.39225646473012
"USO1" 0.67395526444551 1.87627378149205 0.574089310203316 0.578282438529206 0.771915472244868 -6.41231810081212
"IGFBP2" 0.448583251119612 3.02938249026485 0.569118817925111 0.581526688808342 0.772749428821896 -6.41528202232692
"CDH1" -0.318028023492481 1.43591872050169 -0.557977567911213 0.588834052294509 0.778052095164276 -6.42183771651505
"APOe" 0.161714991888799 4.8631984576915 0.555004757841108 0.590792099378975 0.778052095164276 -6.42356638359071
"PRDX6" -0.227826380641782 1.29991760787362 -0.546296855270041 0.596547360549445 0.782139872720383 -6.4285799422582
"FTL" 0.199485721624742 1.30731771792175 0.539526368371948 0.601042380116527 0.784546469621131 -6.43242639639602
"HP20" 0.303589363822509 1.74082049471062 0.523121064695212 0.612006623225725 0.789740764937034 -6.44155859489053
"GALK1" -0.362167365124947 1.44966765346626 -0.514723463967201 0.617658267595922 0.789740764937034 -6.44612988575201
"GAPDHS" -0.439254996487604 0.954992454792663 -0.514136507385757 0.618054276300154 0.789740764937034 -6.44644677650974
"ACTA1" -1.13821153900922 2.43524496580363 -0.511029935481865 0.620152349951405 0.789740764937034 -6.44811826285596
"SePTIN7" -0.460278462342717 1.04065935195833 -0.509513022539666 0.621178118997741 0.789740764937034 -6.44893094100699
"TF" 0.143472233116547 7.95224413921759 0.507435268396285 0.622584518394923 0.789740764937034 -6.45004036287908
"UBB" -0.377928510908396 0.894150552614127 -0.505698468892052 0.623761349933318 0.789740764937034 -6.45096442609908
"S100A9" -0.32686178142861 1.41227031890738 -0.498752777647378 0.628478698182728 0.792312888734636 -6.45462975996717
"GPI" 0.214094148655128 0.96200959067858 0.47929117180412 0.641789458466276 0.805650596798091 -6.46464253682396
"OGN" -0.367675654448971 0.927783833766107 -0.4741891755086 0.645301285105435 0.806626606381794 -6.46720450381339
"SeRPINA3-7" -0.22795609145891 5.25226519355215 -0.451139641882628 0.661279668217382 0.823111823308555 -6.47845141685283
"KRT73" 0.453673301687456 3.07372693801291 0.447135947303916 0.664073626469417 0.823116469783521 -6.48035018813202
"KRT78" -0.508250284148838 1.40727703405457 -0.440451538446696 0.668750300744058 0.824426367086332 -6.48348403671887
"RAB13" -0.268940747479707 0.992077530993354 -0.434460616244213 0.672954412385755 0.824426367086332 -6.48625415687254
"PDIA4" 0.395581077231069 1.06427355770383 0.433663865921733 0.673514421924766 0.824426367086332 -6.48661981094929
"PFN1" -0.190222635262679 2.95468528512628 -0.419932232693352 0.683198459135764 0.832824567954753 -6.49281998559236
"KRT80" -0.280377047345789 1.95337552253847 -0.3705023396562 0.718547278200793 0.872310481766395 -6.51353873427883
"GSTA2" -0.353348660669236 1.13736828520372 -0.363737733469592 0.723441669551176 0.873119650894782 -6.51617825380924
"KRT71" 0.357917507192146 1.90834242832803 0.358486837093108 0.727249865442091 0.873119650894782 -6.51819446748709
"C1QB" 0.312326785316147 1.67412844541578 0.354445661428162 0.730186016799679 0.873119650894782 -6.51972671592748
"CFH" 0.270974189586086 2.83013535977159 0.353253968857268 0.731052724647495 0.873119650894782 -6.52017532249368
"UTP15" 0.539490314944437 2.6750110592195 0.342537601508554 0.738864291641319 0.878835192745404 -6.52414318072276
"SeRPINA5" 0.159218102033378 4.89883954726343 0.338526109140636 0.741796484724087 0.878835192745404 -6.52559777004099
"C4" -0.169020477883358 5.27620105236723 -0.334105116416792 0.745033009534366 0.879138951250552 -6.52718144209453
"ACTB" 0.124078565358078 5.18102643282217 0.310012870876316 0.762760220142691 0.891208493749733 -6.5354533559774
"ACTG1" 0.124078565358078 5.18102643282217 0.310012870876316 0.762760220142691 0.891208493749733 -6.5354533559774
"RPS27A" 0.226334068604046 1.37387567387354 0.30593430335776 0.76577582933554 0.891208493749733 -6.53679364854177
"AMBP" 0.14316185070961 3.90047659096352 0.302676355442866 0.768187633659387 0.891208493749733 -6.53785175234213
"PROC" -0.165295495585824 4.75746675749236 -0.299735849587791 0.770366664088752 0.891208493749733 -6.53879720692497
"GSTP1" -0.213285084803801 1.04258292392413 -0.295448283101564 0.773547660841344 0.891392812297642 -6.5401595281968
"CATHL1" 0.0971430503976529 1.12063156902237 0.287768889163996 0.779256025943709 0.894476761297254 -6.54255132889138
"KRT28" 0.455013715169896 1.31125480308815 0.280395915037819 0.784749561022213 0.897291164734701 -6.54478938142082
"MFAP4" -0.128150130032838 1.49856907363757 -0.269167047839381 0.793139779784665 0.901624423408962 -6.54808797238054
"HRG" 0.203836405699477 2.04234909355926 0.267147127233436 0.794652034190949 0.901624423408962 -6.54866724634606
"MSN" 0.232881856352254 1.48278413559445 0.251839810402118 0.806140647137538 0.906244018201065 -6.55291715307941
"RGN" -0.157478278468343 1.81532287427901 -0.250927222498852 0.806827128291583 0.906244018201065 -6.55316270623335
"CAP1" -0.270101409092607 1.94823539362229 -0.249448842233185 0.807939582328407 0.906244018201065 -6.55355863075417
"APOC3" 0.112986170922696 1.13974386430514 0.240873323692117 0.814401254634558 0.909049908317422 -6.55580964204772
"LBP" 0.156499146236998 1.21561721980863 0.233276804225951 0.82013744492101 0.909049908317422 -6.55773864879592
"CAPN2" 0.153175418607202 1.05799660203015 0.230697066377839 0.822087968323631 0.909049908317422 -6.55837982188678
"TUBB2B" -0.457595801542007 1.59514637117112 -0.229799110560791 0.822767205155091 0.909049908317422 -6.55860134637779
"KRT75" 0.22664297674155 4.15083135279794 0.223407921518567 0.827606053275556 0.91098427506078 -6.56015334060737
"DDBX" 0.14165181483071 2.54004310648179 0.215585355134177 0.833538872730175 0.914103968235694 -6.56199392118741
"TUBA1D" -0.429782733818687 2.53262659224787 -0.195973253965698 0.848460429344786 0.927021580210044 -6.56632255311071
"FeTUB" 0.094293982916863 5.43470251133555 0.189116918865713 0.853692093175553 0.92861715510361 -6.56773925829091
"COMP" 0.132149425335684 1.2095297895833 0.185812070062774 0.856216495553159 0.92861715510361 -6.56840423895696
"KRT79" -0.291738733981241 3.13344651156723 -0.171552661403593 0.86712759945994 0.933961128053184 -6.57113987192223
"CD9" -0.126767325214587 1.49428184304782 -0.162868886818916 0.873786783855001 0.933961128053184 -6.57269949438883
"APOH" 0.0643991925478291 4.79099369335543 0.158517351466536 0.877127688635804 0.933961128053184 -6.57345073498818
"P02070" 0.212692125489609 4.32395033733433 0.156828738342996 0.878424810055787 0.933961128053184 -6.5737368024226
"YWHAG" -0.154775565262334 1.0572103038095 -0.14924716774382 0.88425323255969 0.933961128053184 -6.57498361317936
"SeRPINA6" 0.111736608376244 1.4102426806531 0.142875778134707 0.889156917357385 0.933961128053184 -6.57598384820623
"AGT" 0.0453627119835893 6.11889226085239 0.140936536326604 0.890650418850424 0.933961128053184 -6.5762796612648
"eNO3" 0.185263470260944 1.19110065262427 0.139562233017903 0.891709105695422 0.933961128053184 -6.57648686035423
"TUBB6" 0.189829033625429 1.35947464401831 0.138556755400962 0.89248381077684 0.933961128053184 -6.57663717166405
"ANXA5" -0.0978185357757053 2.45911308020224 -0.137651850449333 0.893181127278684 0.933961128053184 -6.57677152244159
"C1QA" -0.102327258382384 1.77595560436458 -0.130416298163247 0.898760189097725 0.933961128053184 -6.57781423370205
"YWHAQ" 0.121208255392068 1.85149844596752 0.129929879323419 0.89913545887154 0.933961128053184 -6.5778823189857
"CPN1" -0.0739897986143379 4.04459748475027 -0.105757140949699 0.917815393817945 0.950019442723838 -6.5809462474882
"F10" 0.0510359590099148 5.1611806557838 0.0980976788964124 0.923745884891421 0.952814811339053 -6.58178627351974
"TUBA8" -0.129663968110747 1.35808204354821 -0.092633689936847 0.927979496380403 0.953846520669753 -6.58234701352204
"LDHA" -0.0650116670170457 2.07875724163171 -0.0851738965744917 0.93376326648677 0.956458901436102 -6.58306078261058
"PGLYRP1" -0.0421273817692247 1.73149257566973 -0.0604298691139677 0.952974877215781 0.972759822763513 -6.58500001524754
"CAH2" -0.0244717568076173 0.959260349194158 -0.050381577989967 0.960786243337424 0.977351523394966 -6.58559948246824
"CLIC1" -0.0248950394204621 1.39921025402997 -0.0368395487765448 0.97132028834202 0.982769433492951 -6.58623546257224
"eZR" -0.0412984193825285 1.45661179497931 -0.0349698738700031 0.972775168067599 0.982769433492951 -6.58630775852648
"MST1" -0.0274166483524829 1.97152798676527 -0.0257479143847696 0.979952617743564 0.986641714110415 -6.58660928162427
"APOA1" -0.00326082548029039 6.47497209857035 -0.0068975111711935 0.994628978255703 0.998012070018477 -6.58694067953257
"ALB" -3.5527136788005e-15 9.67797934023327 -1.37541773705513e-14 0.999999999999989 0.999999999999989 -6.58696630111268
