"logFC" "AveExpr" "t" "P.Value" "adj.P.Val" "B"
"SeRPINA3-3" 6.31118006696047 1.63432839743559 25.4225913229809 1.07538690002794e-10 4.59190206311929e-08 13.8693136331845
"F7" -2.56958317946349 2.39568587803144 -11.320642295969 3.57469293959764e-07 7.63196942604096e-05 7.18418010916749
"GDI2" -3.63215207689499 1.76965202492705 -8.0000783095297 9.31573541182849e-06 0.00122203854600698 3.98073149569979
"CAPN1" -2.632308936828 1.25172616153746 -7.81950399739054 1.14476678782855e-05 0.00122203854600698 3.77326850913506
"eXT1" -2.36744362349414 0.91355813581641 -6.72208027388117 4.33601335208524e-05 0.0037029554026808 2.42328407283072
"TGM3" 2.60526166468591 1.12881896814017 6.51544512025522 5.66334508945141e-05 0.00403041392199292 2.15100378714521
"LUM" 1.43456624148022 3.55830037316055 6.02915467176333 0.000108531500422647 0.00546533406412041 1.48631191631556
"HSPA1A" -3.29334203655015 2.36590338799201 -5.98575990921308 0.000115194394794107 0.00546533406412041 1.4253374498588
"HSPA1B" -3.29334203655015 2.36590338799201 -5.98575990921308 0.000115194394794107 0.00546533406412041 1.4253374498588
"IGFBP1" -1.30846092922482 0.648812462249081 -5.59206664304957 0.000200138141491848 0.00854589864170192 0.859537598514054
"HSPA1L" -2.20368025736002 1.71309403699572 -5.34546056603521 0.000286024004678554 0.0111029318179766 0.49349319984059
"LTF" -2.46334625909134 3.46662224499435 -5.27184089916629 0.000318730274454185 0.0113414855993281 0.382482141489902
"IGFBP4" -1.54230122651978 0.70727253657282 -5.1701360481398 0.000370624938145118 0.0121736037375358 0.227815287252426
"MTAP" -1.18456271612035 0.617837908972962 -4.96813387986783 0.000502290957398493 0.015199598691194 -0.0838356260899173
"HSPA8" -2.5457718926509 2.71351494027571 -4.9279871976482 0.000533943747934215 0.015199598691194 -0.146473628449301
"MDH1B" 4.11079030848683 2.02281863736917 4.82991202919074 0.000620513238513568 0.0165599470528308 -0.300455761153192
"IGFBP6" 1.62910377201002 1.33893448199256 4.78780875313344 0.000662136451877932 0.0166313097030516 -0.36697511430453
"PeBP1" -1.61993359992036 0.989592584313003 -4.68374272150794 0.000778231307939778 0.0175782830676943 -0.532446362216715
"APOA2" 2.48737663115357 2.92984961441833 4.68050507821212 0.000782171846103492 0.0175782830676943 -0.537618311782258
"FGA" -2.88625699826901 3.77516754425321 -4.64160654146056 0.000831200533476885 0.0177461313897315 -0.599868136554188
"IGFBP3" -2.47547064547073 1.41855360328732 -4.55841498508146 0.000947292980797732 0.0192616239428872 -0.733685903282045
"SeRPINA3-8" 1.61759974447411 4.04312880663964 4.4901975012471 0.00105525095908723 0.0197412131046986 -0.844103004090379
"OLFML3" -1.64820398957622 0.907161839369262 -4.48538376815897 0.00106334403140063 0.0197412131046986 -0.851917546180285
"MYL6" -1.28605406025904 1.28414089301023 -4.44747366317563 0.00112941421731577 0.0200941612830764 -0.913565106101622
"LDHA" -2.56510944253719 1.86723077393249 -4.38588930865651 0.0012461318593851 0.0212839321582975 -1.01410286698977
"APCS" -1.23321266737033 2.1393585301351 -4.34978054898487 0.00132041672478281 0.0216853054416254 -1.07327355354235
"AHCY" -2.61484743001714 2.30692394805216 -4.28826501573036 0.00145790113218381 0.0230564364237958 -1.17444892384272
"CST3" 1.79486871199516 1.57751655785258 4.25005108999309 0.00155082009780893 0.0236500064915862 -1.23753104749824
"FGG" -2.510274516839 3.46014535346016 -4.21031754186037 0.00165405907207989 0.0243545939233832 -1.30330577631516
"ARF2" 2.08784100074814 0.578493630882512 4.14025680644902 0.00185405689284095 0.0263511177157643 -1.41973036823665
"B4GALT1" -1.54274971344591 1.00666728430726 -4.09965594107207 0.00198142127894304 0.0263511177157643 -1.48745345184201
"RAP1A" 3.72630518618264 1.29469653953489 4.09518241595459 0.00199600500530407 0.0263511177157643 -1.49492653464056
"APOD" -1.7797967592914 2.64006340870884 -4.06334655727635 0.00210309167739146 0.0263511177157643 -1.54817169411192
"F5" -1.49490285582661 6.24315152845296 -4.03726753050094 0.00219529065063669 0.0263511177157643 -1.59186976675667
"PPIA" -1.97983107181126 1.69247800455589 -4.03493693032648 0.00220373352496628 0.0263511177157643 -1.59577843667964
"COL1A2" 2.10897676700186 2.5047030394118 4.02441316286512 0.0022422822386609 0.0263511177157643 -1.61343505033885
"NAP1L1" -2.07676535570208 2.10603889824491 -4.01340730718624 0.00228335212056974 0.0263511177157643 -1.63191289199277
"HMGB2" -1.33323170234096 1.8914820562858 -3.95606461295721 0.00251042940606143 0.0276608271554409 -1.72838719006331
"TUBB5" -2.47281774562925 3.04898017321813 -3.95223807875223 0.00252639873316674 0.0276608271554409 -1.73483680851112
"IGFBP5" -1.16342208446925 0.612552751060188 -3.90775802184655 0.00272000501586281 0.0290360535443355 -1.80991317068887
"H2A1" 1.90215271882537 1.75258522708785 3.87794078660192 0.00285840598078393 0.029769252531579 -1.86034684408341
"YWHAB" -1.19830348272048 1.86596588662691 -3.86060519332472 0.00294222836000603 0.0299126549933946 -1.88970686077745
"F2" -0.944289256493732 6.16233936367882 -3.793783049594 0.00329005450625519 0.032671006376069 -2.00313148799522
"MYH10" -2.45769742285411 1.50882721049745 -3.75644848172359 0.0035027715620746 0.0337672475414862 -2.06667120615132
"NOSTRIN" 2.34734536301767 0.643369721449895 3.71637477698848 0.00374706756370667 0.0337672475414862 -2.13499919584309
"TNFAIP8" 2.34734536301767 0.643369721449895 3.71637477698848 0.00374706756370667 0.0337672475414862 -2.13499919584309
"CFL1" 1.64446608610653 2.36364223420273 3.71053594918314 0.00378411218792457 0.0337672475414862 -2.14496529746183
"HNRNPK" -0.93319859687187 0.554996879160843 -3.70869827944957 0.00379584984072913 0.0337672475414862 -2.14810249926976
"ARPC1B" -1.03276691451835 0.579888958572463 -3.64355267068346 0.00423731974952912 0.0369252149601824 -2.25947942219779
"PLG" -3.03041510038716 5.19886416204139 -3.62950529466115 0.00433930189886075 0.0370576382162708 -2.28353553911616
"CFD" -1.64820398957622 1.39338356244753 -3.6038227506548 0.00453237872225001 0.0379475630274657 -2.32755144349721
"TUBB3" -1.92863063211101 2.97026572683777 -3.53148161436326 0.00512547303365307 0.0416829817422713 -2.45175775756123
"F13A1" 1.90183107883263 3.27773283732891 3.52597718783544 0.00517376588370112 0.0416829817422713 -2.46122129170148
"VASP" -2.06443170659752 1.57621041762669 -3.51099879786698 0.00530757139496632 0.0419691293639004 -2.48698152080218
"KRT7" 1.40289071986651 4.15669002752408 3.43900050181262 0.00600238896599054 0.0466003652450539 -2.61096706429227
"BLVRB" -1.09174421125341 3.35531171733281 -3.40883157336527 0.00632078769882107 0.0481960062035106 -2.66299103068735
"GSTA1" 2.33707803412648 0.719135086218648 3.36689335876374 0.00679251515946091 0.0508842802296458 -2.73536996740067
"SePTIN2" -0.954885434850954 0.654348465109691 -3.32816427479671 0.00726027348397318 0.0522254902803407 -2.80226377534093
"CAT" -2.19340932657658 3.86951405485917 -3.31923355580503 0.00737275052198881 0.0522254902803407 -2.81769544386266
"HABP2" -2.07676516977142 1.66677707551178 -3.30815901134132 0.00751471426220424 0.0522254902803407 -2.836834449914
"TPI1" -1.11501677869005 1.0812397470591 -3.30678617873387 0.00753250672180419 0.0522254902803407 -2.83920719494148
"C7" -2.12950033178598 2.51010884622911 -3.29485178179865 0.00768901256375484 0.0522254902803407 -2.85983602355062
"KRT8" -2.32863372893227 2.32328615316849 -3.29361656496914 0.00770540020529617 0.0522254902803407 -2.8619713102924
"SeRPINA3-1" 1.11004621776315 6.17402969191073 3.20137212611285 0.00903601842768905 0.0597403027482102 -3.0215087214809
"THBS4" 1.17256430773389 2.53956007255448 3.19601801708621 0.00912011223218952 0.0597403027482102 -3.03077191948898
"eSD" -1.30162287336937 0.741032824739296 -3.18885528509573 0.0092338641250161 0.0597403027482102 -3.04316452152877
"AKR1A1" -1.12298751826077 0.756980046568206 -3.15040724146354 0.00986967999845328 0.062900796408053 -3.10968840567958
"HMGB1" -1.5249246854879 1.79747581974222 -3.13607603616296 0.0101179431339501 0.0632415045907657 -3.13448460005309
"C4BPA" -2.38113026042592 2.30481814479615 -3.13032482333845 0.0102193532008497 0.0632415045907657 -3.14443527260774
"PGK1" -1.89590400980908 2.57489153092758 -3.11181497738956 0.0105528143166803 0.0643721673317495 -3.1764594003295
"PROS1" -1.01120167358093 6.16477537271403 -3.08340666518751 0.0110862745984377 0.0666737923032805 -3.22560275386834
"SeRPINA3-2" 1.1984963737422 6.29324212475739 3.05562341878387 0.0116345188042319 0.068999160130653 -3.27365378971958
"RAC1" -1.35204713317557 1.40902248895824 -2.99438299329245 0.0129421767150625 0.0757028692785162 -3.37950942792316
"H2AJ" 1.90215271882537 1.5335651176893 2.87980956473772 0.0158017121161303 0.091180149643076 -3.57719120219903
"PGM1" -0.811341022906523 0.524532485669506 -2.85994075758601 0.0163588723177167 0.0931365130622005 -3.61140544191606
"KNG1" -0.694104611119006 5.64121807585725 -2.84244966286572 0.0168656900779753 0.0942136004343561 -3.64150513088723
"ORM1" 0.869119203814229 4.8102881838775 2.83600436158299 0.0170564011043885 0.0942136004343561 -3.65259156609959
"SeRPINF1" 0.844800918235411 4.8400555296092 2.83086643537432 0.0172099785336763 0.0942136004343561 -3.66142720928244
"SeRPINA3-4" 0.748539043564907 5.90792193596409 2.805603222151 0.0179855541692027 0.097213058610754 -3.70484515117197
"KRT80" -1.45805913142394 1.83083533134938 -2.71463283543071 0.0210799230094519 0.109376961927009 -3.86076505349701
"HP20" -1.17552359287087 1.61578220240543 -2.71200412693584 0.0211768414036057 0.109376961927009 -3.86525946979706
"H2AC20" 1.90215271882537 1.6957651497276 2.71156613323659 0.0211930330319775 0.109376961927009 -3.86600826051898
"FGB" -1.54149802377481 4.50853166234196 -2.70974126516484 0.0212606272598168 0.109376961927009 -3.86912783741346
"ACTC1" -2.91668423308674 3.39617056398317 -2.68380854286605 0.022244747515341 0.111518769250505 -3.91342290904206
"RAB11B" -1.06565367208164 1.33183829362584 -2.68016907260818 0.0223864460182583 0.111518769250505 -3.91963380716282
"APOe" -0.591766605186485 4.85994025296833 -2.67827729716746 0.022460454696823 0.111518769250505 -3.92286163713268
"VDAC1" 1.13166119962932 0.394917832836802 2.6572160762954 0.0233010242995611 0.114362498573708 -3.95877082185668
"KRT17" -3.35569649571837 2.67216397339243 -2.63873390410627 0.0240643862482534 0.116766965090957 -3.99024147525985
"CKM" -2.48878075953419 1.94798796451312 -2.62525042815525 0.0246369108333058 0.118201808155299 -4.01317516822082
"HPSe" 1.23446972679265 0.36515081239364 2.60197085037397 0.0256573694868435 0.120392272207496 -4.05271816615237
"RNPC3" 1.23446972679265 0.36515081239364 2.60197085037397 0.0256573694868435 0.120392272207496 -4.05271816615237
"CPB2" -1.32042913374894 3.04629665060279 -2.58510905695341 0.0264225542082165 0.122635115727266 -4.08131649103203
"HSP90AB1" -2.83091920071726 3.3072440104728 -2.56695766608406 0.0272715128728998 0.124507065913014 -4.11205955885727
"ARF3" -1.31111402521944 2.87918901252281 -2.55326302625747 0.0279298203026074 0.124507065913014 -4.13522403832172
"RAC2" -0.917154753098332 0.763257734923616 -2.55233852655137 0.0279748228050743 0.124507065913014 -4.13678687248703
"CDH1" -1.35337343667143 1.22800214430714 -2.55198150578544 0.0279922209078438 0.124507065913014 -4.13739037077828
"RAN" -1.64737561246879 1.04895830466732 -2.52480924065462 0.0293481757622976 0.128858779694375 -4.18326706931474
"CTSL" -1.53323812980084 1.67243024294141 -2.4997661453197 0.0306551038767894 0.128858779694375 -4.22545011648839
"CTSV" -1.53323812980084 1.67243024294141 -2.4997661453197 0.0306551038767894 0.128858779694375 -4.22545011648839
"KNG2" -0.648881435432479 5.28730966303119 -2.49437930053228 0.0309436270661371 0.128858779694375 -4.23451094801902
"SNRPD1" 1.37338250025574 0.399879005759411 2.48839413576512 0.0312673294817655 0.128858779694375 -4.24457270123319
"VIM" 1.38369897245029 0.402458123808049 2.48076434501122 0.0316848103377576 0.128858779694375 -4.25739081014055
"ACAN" 1.38369897245029 0.402458123808049 2.48076434501122 0.0316848103377576 0.128858779694375 -4.25739081014055
"MIA3" 1.38369897245029 0.402458123808049 2.48076434501122 0.0316848103377576 0.128858779694375 -4.25739081014055
"S100A12" -0.729736611488048 0.504131382814887 -2.48073211990613 0.0316865851707479 0.128858779694375 -4.25744492831184
"ACO1" -0.843421834825339 0.53255268864921 -2.46539046455861 0.0325427281815345 0.13109193333505 -4.28318974876668
"TGFBI" 1.7279786650449 2.85148189879729 2.43830969291984 0.0341097032384308 0.136120030680467 -4.32853576426258
"ATP6V1D" -0.618968374257365 0.476439323507216 -2.40239868806922 0.0363020249299446 0.14295259108466 -4.38846495727176
"LYRM7" 1.51237304721776 0.434626642499916 2.39412693972879 0.0368261944246197 0.14295259108466 -4.40223488701937
"CCT6A" 1.51237304721776 0.434626642499916 2.39412693972879 0.0368261944246197 0.14295259108466 -4.40223488701937
"APRT" -0.609212977442596 0.474000474303524 -2.38843637061245 0.037191080220677 0.14306838967774 -4.41170029708223
"ADIPOQ" 1.09547752571185 3.62619020801899 2.35861345905306 0.0391617647519824 0.143371267096263 -4.46120175242979
"KRT27" -1.73722805395233 1.59978620673897 -2.35356157311139 0.0395055141885933 0.143371267096263 -4.46956932545461
"HP" -1.63464350377401 1.8487185539759 -2.3354178376991 0.0407644459948953 0.143371267096263 -4.49957754077231
"RAP1B" 0.841675976059069 3.30247536489936 2.32242160112326 0.0416900810089734 0.143371267096263 -4.52102933215401
"ACTG2" 1.65082639022217 0.469239978251018 2.31637769027739 0.042127466872911 0.143371267096263 -4.53099306361361
"ACTA2" 1.65082639022217 0.469239978251018 2.31637769027739 0.042127466872911 0.143371267096263 -4.53099306361361
"C9" 0.943434505403424 3.33848214867488 2.31466930412966 0.0422519041420471 0.143371267096263 -4.53380798770195
"PLeKHA2" 1.31304798371024 0.384795376623037 2.31110172693417 0.0425129135324654 0.143371267096263 -4.53968424850862
"TUBA3" 1.31304798371024 0.384795376623037 2.31110172693417 0.0425129135324654 0.143371267096263 -4.53968424850862
"TUBA1C" 1.31304798371024 0.384795376623037 2.31110172693417 0.0425129135324654 0.143371267096263 -4.53968424850862
"DNAJC12" 1.31304798371024 0.384795376623037 2.31110172693417 0.0425129135324654 0.143371267096263 -4.53968424850862
"SMC3" 1.31304798371024 0.384795376623037 2.31110172693417 0.0425129135324654 0.143371267096263 -4.53968424850862
"PSMD2" 1.31304798371024 0.384795376623037 2.31110172693417 0.0425129135324654 0.143371267096263 -4.53968424850862
"AMDHD1" 1.31304798371024 0.384795376623037 2.31110172693417 0.0425129135324654 0.143371267096263 -4.53968424850862
"USO1" -2.19689367259705 1.62915416345594 -2.30952815057558 0.0426285349493063 0.143371267096263 -4.54227523924434
"CMPK1" 1.66470687566216 0.472710099611018 2.30934462543375 0.0426420396281625 0.143371267096263 -4.54257738904097
"SeRPINA3-5" -2.73700529191619 4.65151762801419 -2.30206799302818 0.0431808437728845 0.144048596023607 -4.55455136174467
"RAB8A" -1.18456271612035 1.11747851921654 -2.2889383864723 0.0441697645344069 0.146205344621642 -4.57612650458782
"CAPNS1" -1.55097912551536 1.85341022823834 -2.28292363536246 0.0446300818731343 0.146212244568551 -4.58599708294487
"ITIH4" -1.46902324277343 4.82000702427043 -2.27998473585394 0.0448566839308669 0.146212244568551 -4.59081696544822
"ascc3" 1.75357900162279 0.494928131101173 2.26718978614735 0.0458562566582382 0.147399425244099 -4.61177759748062
"KRT73" -1.83969825512302 2.98075790550278 -2.26649310447091 0.0459112963875062 0.147399425244099 -4.61291779362387
"SeRPINA7" 0.821809260237557 4.32391101055686 2.22394398268291 0.0493962928602833 0.157374092997948 -4.68233163058788
"A2M" -0.595537226176395 6.81672493265751 -2.21972659586959 0.049755275303801 0.157374092997948 -4.68918738176615
"YWHAQ" -1.46041992243586 1.74892543870474 -2.2094480804209 0.0506407138640349 0.158996947205463 -4.70587709329785
"PSMB3" 1.13166119962932 0.454355429204855 2.19568688549016 0.0518498873673964 0.161605123400571 -4.72817911481773
"YWHAe" -1.22409584768052 1.7629349378047 -2.18596798082902 0.0527205094868461 0.16312795326727 -4.74390009511808
"COL10A1" 0.862224545632541 3.47619039587805 2.16261793305931 0.054869822449141 0.168556936588368 -4.78156685561465
"eHD1" -0.59683081895413 0.54595713616329 -2.14770259460643 0.0562863338044543 0.171673318103585 -4.80554905938946
"TTR" 0.806875822745463 4.92942843131743 2.13544806202464 0.0574762092646978 0.172582909485326 -4.82520626916503
"HSP90AA1" -1.01484230531297 5.11108827023986 -2.13303447686567 0.0577133714672583 0.172582909485326 -4.82907281044681
"CHAD" 1.2477065876625 0.932039286335565 2.13218476855902 0.0577970867831418 0.172582909485326 -4.83043363827856
"HSP90B1" -1.16617587896682 1.21478216703589 -2.10062104360774 0.0609900437274534 0.180852421330712 -4.88083486415233
"ANXA5" -1.18884206776002 2.36293676180519 -2.09609545388344 0.0614613703208065 0.180993138806789 -4.88803721304043
"SPZ1" 1.91186315508943 0.534499169467833 2.07422677324491 0.0637880479543661 0.185923620790367 -4.92275305015523
"B2M" 1.02302597233474 0.556566437510383 2.07221258739783 0.0640064924032413 0.185923620790367 -4.92594311901046
"ITIH3" -2.00399444189963 4.16871435066649 -2.05121956894411 0.0663257907931054 0.191358869382811 -4.95911625739265
"HNRNPA2B1" -0.706172745467941 0.573292617791743 -1.99564703641004 0.0728542090045424 0.208783538556642 -5.04624313875868
"SULT1e1" -1.08392601479511 1.16506820927664 -1.98758053802107 0.0738505891442696 0.209586893597394 -5.05880376920481
"UGDH" 1.10808287897806 0.466203911078831 1.98362448057086 0.0743439025484478 0.209586893597394 -5.06495569045222
"SeRPINA3-7" 0.720704504875556 5.25226519355215 1.98152430735117 0.0746070440908757 0.209586893597394 -5.06821938924379
"F10" -0.746343554129945 5.15532292388228 -1.96443529208594 0.076780874409753 0.213655832636447 -5.09471859817791
"KRT5" -1.95885616947192 4.91797067237994 -1.96230326678461 0.0770562019344564 0.213655832636447 -5.09801740952729
"CLU" -0.578928001993763 3.78165880678675 -1.95420568275163 0.0781103464888781 0.214810648185128 -5.11053175729181
"CTSC" -0.805247311376826 0.790974136159921 -1.95139916890702 0.0784788316554566 0.214810648185128 -5.11486357629461
"eIF5A" 1.11839935117261 0.543835230609352 1.93189473600942 0.0810848456892187 0.22018237973975 -5.14488947944188
"ILK" -1.31547698617319 1.15233167107786 -1.9290424262302 0.08147263699972 0.22018237973975 -5.14926875639803
"YWHAZ" 0.689627687010536 3.19842278451098 1.89462880051782 0.0862893413058076 0.231733010928175 -5.2018653488255
"GSN" -0.605998344605112 5.17463596655203 -1.85750906314958 0.0917797344025245 0.244937166186737 -5.25808632717728
"CFB" -0.384347332108962 5.17575984876085 -1.85297911228807 0.0924714050811586 0.245250248258725 -5.26490992650925
"ACTN4" -0.93319859687187 0.901381464650456 -1.8411551553492 0.0942994715522271 0.248554779955562 -5.28268161768542
"RBP4" 1.06102258105191 3.17122371336146 1.83218872147507 0.0957078474380046 0.24977231639887 -5.29612035297297
"MAeA" 1.51237304721776 0.613484310956354 1.83077734547023 0.0959312877972241 0.24977231639887 -5.29823268656982
"LGALS3BP" 1.51237304721776 0.933071220314681 1.80528867693369 0.100049764615723 0.258916663581294 -5.33623741949041
"ITIH1" -1.56169891395254 2.8397505992761 -1.74880400022535 0.109758353791933 0.281579096833852 -5.41946490217488
"CDC42" 0.855928723873572 0.45978606312341 1.74675686661784 0.110125782602467 0.281579096833852 -5.42245477833141
"F12" -0.855835537133835 1.00033167960419 -1.74133154703802 0.111104943992944 0.282391732648732 -5.43036940045466
"GPLD1" -0.442987922073801 0.605857822493658 -1.73614788214028 0.112047853418651 0.283103156270793 -5.4379190148901
"CLeC3B" 0.760950557008863 3.039908264367 1.7322946587168 0.112753442934892 0.283210118430581 -5.44352300488656
"NACA" -0.691462841614297 1.22662392426242 -1.72468389195398 0.114158922449849 0.283562205943813 -5.45457183076037
"ARPC2" 0.855928723873571 0.45978606312341 1.72434550459308 0.114221778506641 0.283562205943813 -5.45506246089233
"ANXA1" -0.919457830271741 1.54924691845549 -1.71856756346285 0.115299876516709 0.284584088281125 -5.46343176624321
"CD9" -1.1579133879398 1.27244889347086 -1.7142983758882 0.116102350150989 0.28491783629007 -5.46960570156509
"TAGLN2" 0.985725452365177 2.39193528895552 1.69653621069498 0.119495404842555 0.291568787815833 -5.49520102841033
"HBA" 0.561424588941561 6.35501045088591 1.68455301179549 0.121834639951458 0.294224905197218 -5.51238443845149
"CPN1" -0.86525260057013 4.05252449055689 -1.68390612610788 0.121962080140299 0.294224905197218 -5.51331009148649
"APOA4" -1.47655702767857 2.5369042028591 -1.676796291204 0.12337065887187 0.295950962574654 -5.52347054532516
"LOX" -0.455370080562268 0.435539750083442 -1.66382964135142 0.125977151297452 0.300515327396716 -5.54193770812034
"S100A9" -0.979689982185141 1.23061035431542 -1.64241705090494 0.130389296141149 0.309312385845948 -5.5722528058509
"KRT71" -1.39637158016557 1.69193509710301 -1.63173195216091 0.132642090341886 0.312918080530305 -5.58729488585936
"HSPA2" 1.13166119962932 0.675856036351536 1.61954194284901 0.135254370424611 0.317327561380819 -5.60438506105554
"F9" -0.457886552272101 4.81279679801799 -1.61595018844043 0.136032730215803 0.317409703836875 -5.60940619391249
"AFP" -0.430799554366935 7.01239407037668 -1.59936755579034 0.139677990071764 0.324144031307844 -5.6325019670585
"CFAP210" 1.18155183219338 1.13893653538318 1.59165737933011 0.14140208604928 0.326248638026393 -5.64319183698972
"LeCT2" 0.705091030021721 0.446091223004707 1.58850234646463 0.142112989866297 0.326248638026393 -5.64755719715609
"MYH7" 1.65082639022217 0.795957223701033 1.58365280124947 0.143211852192302 0.327013159818787 -5.65425690366047
"F12AI" 0.554606179051405 4.72017590150507 1.56016290796671 0.148640943881386 0.337604697007191 -5.68653168349481
"KRT10" -2.6027479755649 3.40303086313449 -1.53229174273967 0.155315981777504 0.350899069941769 -5.72443960108853
"PGLYRP1" -1.00226914878625 1.56040861488942 -1.4925514304926 0.165284677046744 0.371455563678735 -5.77774530249203
"PSMA1" -0.655815833414244 0.485651188296436 -1.48434742493743 0.167410233715657 0.374262669092071 -5.78863818050012
"RPLP0" 0.957128802842687 1.37152714985335 1.47968084286063 0.168629779639927 0.375025603678379 -5.79481694575798
"SLC2A1" -0.964538467033625 1.57845899084011 -1.46944224912994 0.17133233740095 0.379061699845625 -5.80832907455088
"TALDO1" 1.51978575534319 0.724562448865416 1.45856398377078 0.174244460525364 0.383517446620261 -5.82261832960749
"CAPN2" -0.736486450421627 0.857889856697209 -1.4467372434861 0.177458552557121 0.383592950391 -5.83807434335301
"KRT75" -1.19963901038938 4.09933352474936 -1.44563867248087 0.177759664541141 0.383592950391 -5.83950582149142
"CLIC1" -0.855835537133835 1.16649045744082 -1.44231375758831 0.178673667602857 0.383592950391 -5.84383392512215
"MBL" 0.705091030021721 0.99138750132462 1.43896080615147 0.179599440923065 0.383592950391 -5.8481918392846
"CHCT1" 0.530327698494797 0.402625748785052 1.43871009166224 0.179668829222951 0.383592950391 -5.84851742885601
"ACAP1" 0.530327698494797 0.402625748785052 1.43871009166224 0.179668829222951 0.383592950391 -5.84851742885601
"MGP" 0.705091030021721 0.540021099458785 1.43531268581832 0.180611360873679 0.383686821358512 -5.85292574440625
"TBA1B " -0.587352144743644 4.46456158305168 -1.42341078937531 0.183946587038732 0.388837587453161 -5.86831428276342
"KRT72" -1.23179206011105 1.2088714074053 -1.4184611526252 0.185348955692008 0.389871941283189 -5.87468866345693
"HRG" -0.889630564447653 1.96367273588324 -1.41245193039443 0.187063730101986 0.391550062517393 -5.88240757421614
"PROC" -0.570186138502538 4.7478311913348 -1.40907696823059 0.188032688134261 0.391658330894289 -5.88673306700797
"CHIA" -1.15414787033024 2.38861682342321 -1.39431677409129 0.192320463659101 0.39719829970392 -5.90556798305316
"UBC" 0.755941693813014 0.544452633555157 1.39352493629957 0.192552805711268 0.39719829970392 -5.9065746082774
"PTGR1" 0.921787640808955 1.08470721320811 1.38132291407931 0.196163183321526 0.402131047410888 -5.92203705361135
"KRT19" -1.42207909286467 2.75817499136611 -1.37909798996249 0.196827608685891 0.402131047410888 -5.92484644440388
"CRYZ" 1.38369897245029 0.789911198666005 1.35529320530631 0.204055449604123 0.413627878496143 -5.95470874092038
"XPNPeP1" 1.23446972679265 0.642042906410297 1.35420134431353 0.204392230357579 0.413627878496143 -5.95606979364838
"ARF4" -0.942050576914145 2.35750976334701 -1.34460707444484 0.207371557254529 0.417677617677754 -5.9679965569329
"C1S" 0.500024668191767 0.445091266900577 1.32811875444366 0.212576190862168 0.424790236046163 -5.98835436944886
"PROZ" 0.421113785421193 3.245792045934 1.32712744266848 0.212892530477468 0.424790236046163 -5.98957268238067
"FN1" -1.13164674499816 2.01454844039328 -1.30328522481823 0.220619094359987 0.438159782752161 -6.01867978373718
"H2BC12" -0.691462841614297 1.01978474290524 -1.27934920663184 0.228606964260028 0.44983951031812 -6.04752060950554
"P62808" -0.691462841614297 1.01978474290524 -1.27934920663184 0.228606964260028 0.44983951031812 -6.04752060950554
"IGF2" -0.532310848589321 0.890394580469718 -1.26802716942896 0.232466988270204 0.455336715556775 -6.06102781725694
"UBB" 0.755941693813014 0.706652665593456 1.2645635395774 0.23365840746605 0.455580547890426 -6.06514246778862
"ANP32A" 0.530327698494797 0.488137472128007 1.25835386555477 0.235806855137111 0.455893305919537 -6.07249871711183
"RPL7" 0.530327698494797 0.416538637176849 1.25792983572481 0.235954146623461 0.455893305919537 -6.07300007474681
"KRT25" -0.901011662899554 1.67421891289424 -1.25324340049119 0.23758701568048 0.456357598026447 -6.07853289592925
"APOC2" 1.08082579829779 1.38785434990623 1.25099162392609 0.238374845698689 0.456357598026447 -6.08118595874243
"NAP1L4" -0.383869418650618 1.05443237814391 -1.24523112774665 0.240399915853016 0.456357598026447 -6.08795704777602
"ARFIP2" 0.530327698494797 0.463816022238977 1.24503400129565 0.240469460318385 0.456357598026447 -6.08818834976316
"ANP32B" 0.530327698494797 0.541120340530431 1.22742427768279 0.246747940312218 0.464148268164594 -6.10874167381422
"AOC3" -0.604412087666703 0.881833515934563 -1.22742241610904 0.246748610944644 0.464148268164594 -6.10874383508103
"CD44" 0.421692471200217 0.428545928848979 1.21176670291701 0.252440625930845 0.472772575756451 -6.12683341904708
"SPP2" 0.55213194426724 3.4849997067358 1.19586487278803 0.258329275099965 0.481688211649281 -6.14502894603321
"C3" -0.304667608796831 7.70740898894547 -1.19206188119156 0.259753673386836 0.482238341461648 -6.14935362236519
"MYLK" 0.530327698494797 0.464968897976902 1.18741266621925 0.261503501459257 0.483385260273171 -6.1546264400935
"CD14" 0.421692471200217 0.445690128893174 1.17673344027276 0.265558286155443 0.488764604260234 -6.16667881693242
"DSC1" 0.308451089558817 0.399120394613309 1.17346521907459 0.266809092328386 0.488959152035283 -6.17035069949461
"VCP" 0.903872949401672 1.88433603030458 1.15200355893546 0.275138759183468 0.500173011577465 -6.19426863345139
"GAPDH" -0.33826018698352 4.01546387994701 -1.15024046838737 0.275832026596388 0.500173011577465 -6.19621841630731
"RAB8B" -0.604412087666703 0.618834251419302 -1.14869150365026 0.276442226539301 0.500173011577465 -6.19792949851059
"eIF4A1" 0.530327698494797 0.437532434976122 1.12927549793376 0.284180874515904 0.510594953276982 -6.21922601818522
"TUBB4B" -1.30625518748795 2.50340259588837 -1.12825085158629 0.284593908383892 0.510594953276982 -6.22034206779133
"FTL" -0.377775707120921 1.10501307336717 -1.11338452313594 0.290639100498409 0.519258978714731 -6.23644546523979
"TUBA4A" -0.486886965114572 4.47774431843289 -1.1067249999328 0.293379112844042 0.521970338268358 -6.24360483321637
"HGS" 0.530327698494797 0.562750648692627 1.08764546451286 0.301339456843755 0.533908498225242 -6.26392875911486
"OGN" 0.671782796690213 0.743074778439432 1.08111812454988 0.30410044053649 0.53657391780612 -6.27081751546158
"ATIC" -0.54950835148484 0.592567773217681 -1.07808968151771 0.305387974795612 0.536628252007104 -6.27400244245738
"GSTM1" -0.271961976929112 0.389687724175153 -1.07154535558313 0.308184460554564 0.537121488395098 -6.28086059737741
"PNP" -0.271961976929112 0.389687724175153 -1.07154535558313 0.308184460554564 0.537121488395098 -6.28086059737741
"APOH" 0.312257299568264 4.79199003580177 1.05978405008106 0.313259090071868 0.543746469352388 -6.29310194428266
"COMP" -0.627661375212803 1.00670265617101 -1.05218534357758 0.316571157136736 0.547270785819378 -6.30095311988991
"AHSG" 0.225988441683299 7.92399558400718 1.04035115996367 0.321781822804778 0.552566358139535 -6.31308976988135
"AOCX" -0.625988188627133 0.76888560092259 -1.03935685595308 0.322222536713687 0.552566358139535 -6.31410443424754
"CRYBB1" 0.530327698494797 0.461902850229692 1.03584730099205 0.323781724947364 0.553019186210098 -6.31767957260659
"ACTB" -0.300897451349543 5.17958981381159 -1.02773631223348 0.327406786365582 0.554772610230569 -6.32590458093694
"ACTG1" -0.300897451349543 5.17958981381159 -1.02773631223348 0.327406786365582 0.554772610230569 -6.32590458093694
"PKP1" 0.530327698494797 0.401373234465796 1.00786182679447 0.33641708101025 0.567138126171477 -6.3458354865701
"UBA52" 0.755941693813014 0.911303654524378 1.00482567603838 0.337809561913416 0.567138126171477 -6.34885220320121
"HP251" 0.421692471200217 0.490390616214758 1.00291281964402 0.338689044903341 0.567138126171477 -6.35074897939784
"RAB13" -0.491017088762321 0.723978957096803 -0.98898950736386 0.345141525932791 0.575685279583211 -6.36446557508049
"OSTF1" 0.664601205166659 0.685365313242926 0.984761967724964 0.347118426182149 0.576439413185033 -6.36859902343656
"HSPA5" 0.530327698494797 0.40813541471773 0.979387539732208 0.349643578489282 0.576439413185033 -6.37383267308076
"eeF2" 0.530327698494797 0.40813541471773 0.979387539732208 0.349643578489282 0.576439413185033 -6.37383267308076
"CBR1" -0.335840251962098 0.480709494415282 -0.973527378678611 0.352412193081914 0.578769255561451 -6.37951225738177
"GSTP1" -0.561183810754076 0.784981248927217 -0.966321304301877 0.355838496608645 0.580348350181058 -6.38645742694116
"eNO3" -0.942415366361548 0.99290281061463 -0.965790228873279 0.356091961937792 0.580348350181058 -6.38696757421945
"RHOB" -0.271961976929113 0.464739925657036 -0.955533683339826 0.36101274994561 0.586130966641732 -6.39677401326151
"CORO1A" 0.610283591519369 1.0930879520495 0.947638712108445 0.364833786763902 0.590091011167372 -6.40426282857333
"eeF1A2" 0.917826520573565 1.30738099274185 0.925847840453354 0.375530500528274 0.592068839145005 -6.42466128904274
"KRT28" -1.08638618229108 1.14543589060528 -0.921953764089408 0.377465276352182 0.592068839145005 -6.42826432494976
"GRB14" 0.530327698494797 0.42356097238859 0.919596613812427 0.378639854996 0.592068839145005 -6.43043905351959
"eBD" 0.530327698494797 0.367972973775614 0.917746212415535 0.37956372871834 0.592068839145005 -6.43214294384343
"SLC15A4" 0.530327698494797 0.367972973775614 0.917746212415535 0.37956372871834 0.592068839145005 -6.43214294384343
"CDC23" 0.530327698494797 0.367972973775614 0.917746212415535 0.37956372871834 0.592068839145005 -6.43214294384343
"SNX11" 0.530327698494797 0.367972973775614 0.917746212415535 0.37956372871834 0.592068839145005 -6.43214294384343
"SCARB1" 0.530327698494797 0.367972973775614 0.917746212415535 0.37956372871834 0.592068839145005 -6.43214294384343
"MSN" -0.701918062020035 1.2639300696528 -0.914632161088731 0.381122115947386 0.592068839145005 -6.4350038557392
"OMD" 0.265028077217116 0.475287784920511 0.913809045868795 0.381534787007636 0.592068839145005 -6.43575868068501
"FABP1" -0.578026724543823 0.853731027968962 -0.90355505379318 0.386702064369924 0.592068839145005 -6.44511346647322
"SePTIN8" -0.276916483967988 0.390926350934872 -0.901550097708719 0.387718133167723 0.592068839145005 -6.44693208745986
"H3-3A" 0.530327698494797 0.428746564617923 0.900971216176887 0.388011845653835 0.592068839145005 -6.44745652808982
"P68432" 0.530327698494797 0.428746564617923 0.900971216176887 0.388011845653835 0.592068839145005 -6.44745652808982
"Q5e9F8" 0.530327698494797 0.428746564617923 0.900971216176887 0.388011845653835 0.592068839145005 -6.44745652808982
"THBS1" -0.261050000412961 3.56414186627016 -0.899032152778324 0.388996821222657 0.592068839145005 -6.44921113749129
"GIMD1" 0.530327698494797 0.403277494034243 0.897790529706187 0.389628439812053 0.592068839145005 -6.45033295528216
"CSN2" 0.538671239223853 0.843290344476437 0.890570247416602 0.393315626495031 0.595552384799214 -6.45683026866566
"ANG1" -0.223932810240593 0.377680432503023 -0.877210558312255 0.400201905454911 0.60087850143432 -6.46873355653078
"TUBB4A" -0.934133766872245 1.17195561474063 -0.875329313373838 0.401178254881187 0.60087850143432 -6.47039729355189
"PFN1" 0.272956180203298 2.95488336709145 0.87141781771725 0.403213545050671 0.60087850143432 -6.4738466950374
"H1-3" -0.377775707120921 0.576347254639334 -0.870160736423325 0.403869156701756 0.60087850143432 -6.47495243997507
"H1-2" -0.377775707120921 0.576347254639334 -0.870160736423325 0.403869156701756 0.60087850143432 -6.47495243997507
"ACTN1" -0.455370080562268 0.625039223862849 -0.867033061144757 0.40550352944259 0.601215302333284 -6.47769760621236
"C1QB" -0.617125733614514 1.52003506182875 -0.861452780178761 0.40843078381193 0.603460016220395 -6.48257421451296
"NMe2" 0.308451089558817 0.536652456672674 0.854137916834868 0.412289808519251 0.607061200819725 -6.48892538506934
"ASPN" 0.530327698494797 0.43386321439682 0.84555977084458 0.416846851981376 0.611661875587793 -6.49631352019922
"SeRPINA3-6" 0.274244713861989 5.53073277414851 0.835850053476951 0.422046084940444 0.617148583359377 -6.50459792096528
"RGN" 0.47650345762208 1.72440413338983 0.83136153619341 0.424464252834784 0.617148583359377 -6.50839934151038
"CFH" -0.525776493991809 2.73311449355811 -0.829264331394741 0.42559729807406 0.617148583359377 -6.51016937799911
"SeLeNBP1" 0.530327698494797 0.451179724403086 0.827841259352895 0.426367288269359 0.617148583359377 -6.51136822131839
"GSTT1" 0.586022948249071 0.706120175485974 0.818842514861256 0.431257895588635 0.618659337408267 -6.51890729881317
"MAML2" 0.421692471200217 0.489061657053337 0.816611326727742 0.432476260334489 0.618659337408267 -6.52076539012529
"TGM2" 0.530327698494797 0.444543087121133 0.813359002430876 0.434256327304896 0.618659337408267 -6.52346588823184
"GPATCH1" 0.530327698494797 0.399879005759411 0.812631314130845 0.434655272183794 0.618659337408267 -6.52406881213962
"HeXA" 0.530327698494797 0.399879005759411 0.812631314130845 0.434655272183794 0.618659337408267 -6.52406881213962
"SeRPINA1" 0.230663453183701 7.33017595081601 0.808183501247977 0.437099008434768 0.620070686384206 -6.52774371507276
"SPP1" 0.343360274208667 0.372099636326516 0.802754549908292 0.440094106272405 0.620198625010946 -6.5322051856065
"P31098" 0.343360274208667 0.372099636326516 0.802754549908292 0.440094106272405 0.620198625010946 -6.5322051856065
"COLeC11" 0.216998910528596 0.674061119339919 0.799051101332674 0.442145010818886 0.621039209275211 -6.53523343363784
"FMOD" 0.425429857582453 0.630913264716573 0.794958936053251 0.444418480161813 0.622185872226538 -6.53856514614849
"RDX" -0.421557065989796 0.600451424615388 -0.77921318419819 0.45323760737101 0.632459014207259 -6.55124350711537
"KRT74" 0.530327698494797 0.805729347189191 0.770061701816363 0.458415174854001 0.636861578625508 -6.55850866600059
"C4" 0.279159534566936 5.27620105236723 0.766660628340318 0.460349061897275 0.636861578625508 -6.56118921912925
"FeRMT3" -0.627924329915845 2.41521703554718 -0.765751229209446 0.460867044017054 0.636861578625508 -6.56190416874328
"AGT" 0.179836840273074 6.11889226085239 0.750521214736873 0.469597409418293 0.646832560714875 -6.57376494714327
"CL43" -0.339307201818096 1.15014708666961 -0.745997243406819 0.472210843612444 0.648340933191361 -6.57724700371718
"SFN" 0.530327698494797 0.482393633861589 0.742870806367433 0.47402231520256 0.648742078818888 -6.57964235353989
"CAP1" 0.66288844420007 1.8262944636633 0.725729078635632 0.484032073245523 0.660324905034627 -6.59261474881779
"CSRP1" -0.286671880782756 0.689503602662081 -0.697756798666152 0.500646517958471 0.680815487797029 -6.61319501619118
"GPX3" 0.373663304511697 0.511710754048434 0.690753966226802 0.504859834568513 0.684365553526207 -6.61823224691014
"PABPC1" 0.278148059255786 0.39819421468868 0.688077097324387 0.506476059220428 0.6843837888833 -6.62014552444377
"HBe4" -0.429527805560518 0.625840628701859 -0.675090049630324 0.514361558639187 0.692846642078653 -6.62933164140069
"IGFBP2" -0.441455808209367 2.93082251674727 -0.666753473518428 0.519461852763036 0.69751638720068 -6.63514392345456
"KRT78" -0.571738277585053 1.26176963906163 -0.657604445750591 0.525093597710511 0.701421134925919 -6.64144637649916
"CAH2" 0.216998910528596 0.750400631438789 0.656695305100479 0.525655183082656 0.701421134925919 -6.64206828246539
"P02070" -0.667554492972545 4.27335271645977 -0.624316320750013 0.545884409903044 0.72361870173089 -6.66369958123337
"YWHAG" -0.486216198986428 0.832994163627799 -0.622953442451621 0.546745546065544 0.72361870173089 -6.66458788551782
"SeRPINA6" 0.400066879687138 1.26326511265867 0.621959062218451 0.5473743340962 0.72361870173089 -6.66523487234059
"KLKB1" -0.425830428734606 2.80290839902347 -0.603677170233007 0.559007643442771 0.73414727778036 -6.67695868603849
"PRDX6" -0.223932810240593 1.10252678953559 -0.60181347206901 0.560201289853482 0.73414727778036 -6.67813555594165
"KRT40" 0.530327698494797 0.808449136524372 0.601352861925113 0.56049651652552 0.73414727778036 -6.67842589494811
"GC" -0.126309439762274 6.49281553533094 -0.581281838325423 0.573444611981965 0.747916256135394 -6.6908757062762
"ARF1" -0.337151162457501 2.87482770398709 -0.579638744483442 0.574511784572387 0.747916256135394 -6.69187739276715
"ARG1" 0.376978174389042 1.23561033564881 0.57637175832296 0.576636864880553 0.748401037398165 -6.69386116749974
"SeRPINA5" 0.192312509329032 4.89883954726343 0.565982261294695 0.583423146362379 0.754693488682582 -6.70009993680516
"LDHB" 0.262814710860525 2.84148230058972 0.563546986980904 0.585020011133336 0.754693488682582 -6.70154687035204
"SeRPINF2" 0.180157725198937 5.35831819392891 0.559627898088116 0.587594742382348 0.755731792160429 -6.70386310395861
"HBB" 0.164692952047683 6.12256865805915 0.55664355116511 0.589559410848362 0.755981586883636 -6.70561669202309
" K2CB" -0.310055466004949 0.399211096444112 -0.54600925623591 0.596588419267812 0.762704356369329 -6.71179351216993
"MST1" -0.460997780525237 1.90001014243331 -0.54263568556382 0.598827407667744 0.763281501713812 -6.71372953153001
"APOA1" 0.183235851459554 6.47497209857035 0.536651161703258 0.602809996730936 0.766071037512231 -6.71713603070803
"CTSD" 0.329371524205413 1.05853662729871 0.531823804980013 0.606032475543447 0.766520247513995 -6.71985781902463
"TF" -0.112994220841649 7.95224413921759 -0.528321885549957 0.608375701153885 0.766520247513995 -6.72181772272429
"GGH" -0.328624886220497 1.1412533167062 -0.528063374339361 0.608548861609472 0.766520247513995 -6.72196191657335
"TUBB6" 0.530327698494797 1.12066458309776 0.506548430570316 0.623048048287423 0.782475048878617 -6.73372785753977
"COL2A1" 0.216998910528596 0.494870834168399 0.501558191685093 0.626435503780827 0.7844221704235 -6.7363904156734
"DDBX" -0.234795083156534 2.5284027046102 -0.495112353581357 0.630824484140436 0.784862390950867 -6.73979244934507
"HP252" 0.186695880225566 0.621270824116424 0.49378018188475 0.631733439950127 0.784862390950867 -6.74049032274283
"TUBA8" 0.530327698494797 1.12248409212218 0.492948373342802 0.632301317299996 0.784862390950867 -6.74092516580896
"eZR" -0.454816998606019 1.28510719615767 -0.490148140201231 0.634214873984371 0.78495580055457 -6.74238389811808
"H4" -0.383869418650618 1.19454312149962 -0.479963376698633 0.641198360223627 0.79130549079621 -6.74762254102975
"ARPC4" -0.118119080048784 0.539086752863226 -0.469439037508487 0.648453243453301 0.796985521124933 -6.75292530220897
"JUP" 0.58021620508664 2.33067620825151 0.467876218279893 0.649533867333669 0.796985521124933 -6.75370313859713
"KRT222" 0.151786695575716 0.377680432503023 0.457913513130932 0.656442522170565 0.801873792741618 -6.75860323545443
"SAR1A" 0.108363683234016 0.463588387070331 0.456718351271 0.657273600607884 0.801873792741618 -6.75918426958264
"NMe1-1" 0.151786695575716 0.555702253436536 0.446183986072752 0.664619856960927 0.806229201483852 -6.76424248623877
"NMe1-2" 0.151786695575716 0.555702253436536 0.446183986072752 0.664619856960927 0.806229201483852 -6.76424248623877
"MRPS24" 0.260421922870297 0.569541735077932 0.421156915263831 0.682220847536756 0.825235982714433 -6.77580348986382
"CTNNB1" -0.333018754859325 1.10159240727331 -0.408229594517977 0.691391696788951 0.833966820703056 -6.78152267876809
"CDH5" 0.201420238710369 1.37784707351082 0.401236572728087 0.696374568054554 0.837611100167026 -6.78454452994581
"GFAP" -0.382755112037333 2.49088314735574 -0.393148617580989 0.702156470656818 0.842193294860846 -6.78797639952461
"KRT79" 0.511551896187799 3.02599141000057 0.380453489872242 0.711271932223305 0.850737016972973 -6.79322633322082
"eeF1A1" 0.165001428581328 2.9817900909438 0.370564974626264 0.718405297800262 0.856868888717072 -6.79719953022278
"KRT81" 0.530327698494797 0.800151812720424 0.357295843300517 0.728021780279941 0.864390608726449 -6.8023708982612
"CSN1S1" 0.216130142564013 1.40921461042602 0.356279745963023 0.72876023218155 0.864390608726449 -6.80275932266163
"C1QA" -0.237046533438176 1.65284025768012 -0.34697507096212 0.735535813189504 0.870010504797558 -6.80626600843699
"CATHL4" 0.156392849922536 1.03247856969317 0.333543699656201 0.74535815657333 0.879193184687326 -6.81116798160313
"KRT83" 0.530327698494797 0.863309165846668 0.32347408454241 0.752753522541084 0.883810961465677 -6.8147188103552
"ANXA6" 0.103757528887196 0.389687724175153 0.322578387179146 0.753412622888774 0.883810961465677 -6.81502949460819
"TRAP1" -0.158720595287712 0.711437163711257 -0.316106061628931 0.758181407380106 0.886968386167959 -6.81724940486448
"GALK1" -0.200368944220485 1.26499983681606 -0.308655434579829 0.763684120085068 0.88891892802486 -6.81975020902126
"GSTA2" -0.232705873653916 0.934895426186002 -0.305590603582861 0.76595168437175 0.88891892802486 -6.8207619243207
"HA1B" -0.118119080048784 0.620669685617257 -0.304995807547194 0.766392021870269 0.88891892802486 -6.82095712064416
"PRDX2" 0.240130271277114 1.13408948474323 0.302587468049626 0.768175841782608 0.88891892802486 -6.82174365589581
"PDIA4" -0.202501954156588 0.825178695660571 -0.296683076684538 0.772555092223947 0.89157033616115 -6.82364603678866
"MMP2" 0.154608192678488 0.464968897976902 0.275565350059467 0.788285250368364 0.907271703254155 -6.83014820974824
"eNO1" -0.0899478095077821 4.21357154108241 -0.272383656951428 0.790664059918105 0.907563316088793 -6.83108688425753
"A1BG" 0.0705677892065468 5.09463027094381 0.269234172205206 0.793020999855579 0.907828329593384 -6.8320054735827
"PPIe" -0.115297582946012 0.785697930021613 -0.258948375922689 0.800733491795952 0.91086357576562 -6.83493205534395
"PTPDC1" 0.154608192678488 0.479806629142107 0.258418750131389 0.80113122916079 0.91086357576562 -6.83507970294514
"GPI" -0.0700899133602645 0.743203152158902 -0.253713376689006 0.804667452383058 0.91086357576562 -6.83637834926219
"GAPDHS" 0.154608192678488 0.754321640944968 0.250369314732291 0.807183413279388 0.91086357576562 -6.83728695785992
"APOC4" -0.118119080048784 1.16049840548255 -0.249282642042509 0.80800148537186 0.91086357576562 -6.83757965189798
"RNASe4" -0.0930873945465449 1.5844410704628 -0.248658560679456 0.808471417365738 0.91086357576562 -6.837747178868
"GDI1" -0.152145042102891 0.750027128108268 -0.243798087423067 0.812134049502183 0.912582208256401 -6.83903771095621
"MAP10" 0.103757528887196 0.432000322656884 0.234249301082707 0.819343285164366 0.91694182689106 -6.84149970798007
"YWHAH" 0.154608192678488 1.00969491056355 0.231971341066844 0.821065747665511 0.91694182689106 -6.84207266784655
"BCL2L14" 0.154608192678488 0.521368871861844 0.22730251974931 0.824599135258688 0.91694182689106 -6.84322966680302
"PDe12" 0.154608192678488 0.493808882213488 0.223101187099006 0.827782225808433 0.91694182689106 -6.84425090687818
"TIMP3" -0.081978320111136 0.511173887906619 -0.221843391622434 0.828735815915592 0.91694182689106 -6.84455297598565
"MFAP4" 0.0734544985841659 1.33666554632046 0.216647006878713 0.83267848455885 0.91694182689106 -6.84578299385811
"PHGDH" -0.0700899133602645 0.493755645343079 -0.216421580238631 0.832849633673768 0.91694182689106 -6.8458357000836
"LBP" 0.110316412372204 1.06059742015874 0.211450659963888 0.836625971324006 0.91694182689106 -6.84698411198134
"RHOA" 0.060334516545496 0.400543477260578 0.210386821886267 0.837434720470108 0.91694182689106 -6.84722645004754
"LYSM" 0.1116503522921 1.46591368537073 0.210316942137774 0.837487851258814 0.91694182689106 -6.84724232596122
"eeF1D" -0.0672684162574924 0.413566535489131 -0.204357019591695 0.842022392965963 0.919548751397612 -6.84857710993431
"BPT2" -0.0950838475186468 0.800670879449937 -0.197210351231536 0.847467798714731 0.922028145849498 -6.85012748943217
"K2C4" -0.163132014205459 0.655758562036653 -0.195710893998215 0.848611384821669 0.922028145849498 -6.8504458273328
"BPIFB1" 0.0431514682811359 0.460308391560664 0.176979882105488 0.862926932346009 0.935202538354685 -6.85421909820564
"DSG1" 0.155960224693745 1.79208455424942 0.171017061493741 0.867495291329065 0.937773390879774 -6.85534118367226
"RPS27A" -0.0981000800504932 1.23198627921839 -0.162281119176607 0.874197404570805 0.94220647883178 -6.85691606016351
"SeRPINC1" 0.0362034183887392 5.93004310799188 0.159921735225094 0.87600930233306 0.94220647883178 -6.85732731323746
"AFM" 0.050696748245155 5.12455516078697 0.153323354127987 0.881080489822465 0.945279821995459 -6.8584456237017
"RAB6B" 0.0431514682811359 0.404839239326668 0.147167996110295 0.885816258373381 0.946341862792272 -6.85944656486888
"SePTIN7" -0.103674705074407 0.834597337592445 -0.146276018830349 0.886502915964658 0.946341862792272 -6.85958822472832
"F11R" 0.0431514682811355 0.591362997760567 0.128586791771573 0.900139841718604 0.95850302347592 -6.86222031402206
"APOC3" 0.0431514682811359 0.956938014931504 0.120928540949992 0.906054529390656 0.962401204104005 -6.86325508779771
"KRT35" 0.154608192678488 0.814572411337956 0.117990031097463 0.908325638156036 0.96241947268642 -6.8636353216322
"KRT20" 0.0459729653839079 0.616444086072879 0.11310785960667 0.912100855704103 0.964027389568446 -6.86424643434367
"SLC2A3" 0.0431514682811359 1.0823529794274 0.107860595671437 0.916160929903015 0.965927696465648 -6.86487452705757
"VNN1" 0.0348978618069373 3.89893410575294 0.0973140092977479 0.924328849261626 0.969580069237166 -6.86604690112698
"GDF6" -0.0841113300472393 0.918542871853225 -0.0971331001915326 0.924469039252861 0.969580069237166 -6.86606596183396
"UTP15" 0.108663627916911 2.65599107042824 0.0931789347830642 0.927533864434084 0.969580069237166 -6.86647373138557
"COL1A1" 0.0723207022661474 2.45948134185914 0.0916647234595377 0.928707841494147 0.969580069237166 -6.86662540377895
"HBe2" -0.0538082997442085 0.531910752247782 -0.0815871589022919 0.936525444328128 0.975356987141734 -6.86757162307984
"ACTA1" 0.125795109609353 2.26912656438184 0.0749333136851131 0.941691034845654 0.978350539851811 -6.86813611916
"HPX" -0.0156849054879924 5.86609039902919 -0.06653471202645 0.948215133840376 0.982737529489904 -6.86878018375871
"TUBA1D" -0.0760242237058766 2.33720703633656 -0.0449624918412671 0.964989712471196 0.996388659167826 -6.87008424756334
"FeTUB" -0.0130312175879217 5.43470251133555 -0.0362856592741588 0.971742336830901 0.996388659167826 -6.87046652652553
"PSMA7" -0.00948385275420394 0.417998069585503 -0.028557347135459 0.977758767910619 0.996388659167826 -6.87073828241318
"MYL9" -0.00948385275420394 0.417998069585503 -0.0270523101529545 0.978930609166896 0.996388659167826 -6.87078367039856
"MYL12B" -0.00948385275420394 0.417998069585503 -0.0270523101529545 0.978930609166896 0.996388659167826 -6.87078367039856
"AMBP" 0.00886601078216342 3.89753442117917 0.0258148075084469 0.979894184038926 0.996388659167826 -6.87081914997561
"RAB1B" 0.019536944340484 1.97598120810845 0.0256266527127396 0.980040692768161 0.996388659167826 -6.87082439897874
"ANXA2" 0.0198434641989054 2.15931965448994 0.0256090249486212 0.980054418853599 0.996388659167826 -6.87082488877807
"CATHL1" -0.00487769840738428 0.896639538273354 -0.0193979929918817 0.984891107592751 0.997165803863455 -6.8709764884984
"ANXA3" -0.00487769840738417 0.397968856026604 -0.0178030721902143 0.986133224291905 0.997165803863455 -6.8710086662765
"CHI3L1" -0.00487769840738406 0.544002855586355 -0.0156288159368886 0.987826586277246 0.997165803863455 -6.87104808803343
"ANXA11" -0.00487769840738417 0.839743777656129 -0.0102782796212979 0.991993960418101 0.997165803863455 -6.87112326500891
"PTGeS3" -0.00487769840738428 0.89631578461956 -0.00963470896499806 0.992495238037397 0.997165803863455 -6.87113021532704
"TUBB2B" -0.00823039931918101 1.36573439339964 -0.00549640684386104 0.99571863591534 0.998056003605282 -6.87116417525392
"ALB" 3.5527136788005e-15 9.67797934023327 1.79400499271049e-14 0.999999999999986 0.999999999999986 -6.87118055975804
