"logFC" "AveExpr" "t" "P.Value" "adj.P.Val" "B"
"eXT1" -2.74110692800584 0.91355813581641 -7.7830536814017 1.19389995893461e-05 0.00509795282465079 3.77027382952937
"IGFBP1" -1.68212423373652 0.648812462249081 -7.18901925678138 2.41821297676734e-05 0.00516288470539827 3.08662651699062
"GDI2" -2.99847379878398 1.76965202492705 -6.60435595523066 5.04520261355388e-05 0.00546184883414022 2.36658305899084
"MTAP" -1.55822602063205 0.617837908972962 -6.53530233582599 5.518543343273e-05 0.00546184883414022 2.27831244387154
"IGFBP4" -1.91596453103148 0.70727253657282 -6.42273838502719 6.39560753412204e-05 0.00546184883414022 2.13292655980632
"RNASe4" -2.1901884958578 1.5844410704628 -5.8505141501666 0.000138929142011172 0.00988712393979506 1.36462182765415
"CAPN1" -1.91816545178934 1.25172616153746 -5.6980782947147 0.000172111956121985 0.0103284686771487 1.15157497486806
"IGFBP3" -3.04960518696893 1.41855360328732 -5.61564565845129 0.000193507609876322 0.0103284686771487 1.03488178990613
"CTSL" -3.2147415789759 1.67243024294141 -5.24126162067167 0.000333467067337881 0.0133323885373095 0.491767209505242
"CTSV" -3.2147415789759 1.67243024294141 -5.24126162067167 0.000333467067337881 0.0133323885373095 0.491767209505242
"HNRNPK" -1.30686190138357 0.554996879160843 -5.19370314248864 0.000357846849991101 0.0133323885373095 0.421238057361691
"IGFBP5" -1.53708538898095 0.612552751060188 -5.16283629066023 0.000374680708308463 0.0133323885373095 0.375278221263972
"CPB2" -2.53584175307673 3.04629665060279 -4.96461893738076 0.000504980980533855 0.0137636950881407 0.0767020478727432
"ARPC1B" -1.40643021903005 0.579888958572463 -4.96181907905784 0.000507134687310792 0.0137636950881407 0.0724422827783373
"THBS1" -1.43727118009151 3.56414186627016 -4.9498295388616 0.00051646819316511 0.0137636950881407 0.0541878961734197
"CFH" -3.13081532381155 2.73311449355811 -4.9379793617427 0.000525872602843087 0.0137636950881407 0.036124619579982
"CPN1" -2.52345108492556 4.05252449055689 -4.91099909788172 0.000547969125288976 0.0137636950881407 -0.00507951293005515
"IGFBP2" -3.21500651011317 2.93082251674727 -4.85579013377862 0.000596313859967231 0.0141458899003338 -0.0897309135058082
"IGFBP6" -1.59358592260605 1.33893448199256 -4.68342456767482 0.000778617601032624 0.0170223312038886 -0.356891748697716
"THBS4" -1.70495518720118 2.53956007255448 -4.64713744114426 0.000824035453434407 0.0170223312038886 -0.413682332705388
"OLFML3" -1.7039323517749 0.907161839369262 -4.63704162896556 0.000837163829699439 0.0170223312038886 -0.429515970910822
"APCS" 1.19686454880177 2.1393585301351 4.22157367654099 0.00162409954849526 0.0294867808290534 -1.093217080334
"MFAP4" 1.42256345052093 1.33666554632046 4.19571462049091 0.00169379355566656 0.0294867808290534 -1.13527106038402
"PGM1" -1.18500432741822 0.524532485669506 -4.17708716583609 0.00174593793345927 0.0294867808290534 -1.16561532390601
"CST3" -1.75805410712942 1.57751655785258 -4.16287816726528 0.00178684464794506 0.0294867808290534 -1.18879026153193
"GSN" -1.35714688845331 5.17463596655203 -4.15993322056018 0.00179544801301028 0.0294867808290534 -1.19359653612239
"eSD" -1.67528617788107 0.741032824739296 -4.10429571551319 0.00196641344428941 0.0310984644707992 -1.28459383360969
"APRT" -0.982876281954293 0.474000474303524 -3.85339371706534 0.00297784857933662 0.0438973391770305 -1.69927381140345
"ATP6V1D" -0.992631678769062 0.476439323507216 -3.85269610207773 0.00298131811740956 0.0438973391770305 -1.70043598137164
"PeBP1" -1.31766859268822 0.989592584313003 -3.80979855017913 0.00320296532018111 0.0455888730572444 -1.77198999901863
"S100A12" -1.10339991599975 0.504131382814887 -3.75099668788802 0.00353500990966381 0.0486919106911757 -1.87035169284199
"MYL6" -1.06212125001845 1.28414089301023 -3.67306199057041 0.0040310940254197 0.0529403122916777 -2.00118428195772
"HABP2" -2.30032296378503 1.66677707551178 -3.66427280869622 0.00409140586797509 0.0529403122916777 -2.01597054458506
"RAC2" -1.29081805761003 0.763257734923616 -3.59220147753305 0.00462264744852571 0.0568143818503147 -2.13744176021811
"CAPN2" -1.81429178323118 0.857889856697209 -3.5639535416418 0.00484990387029911 0.0568143818503147 -2.18515464996813
"ACO1" -1.21708513933704 0.53255268864921 -3.55763862539662 0.00490226936400938 0.0568143818503147 -2.19582849363279
"KNG2" -0.924828850428503 5.28730966303119 -3.55515478649254 0.00492302606197106 0.0568143818503147 -2.20002755673193
"eHD1" -0.970494123465826 0.54595713616329 -3.4923343112046 0.00547931959183165 0.0605111512958886 -2.30636031994839
"DDBX" -1.65375980371903 2.5284027046102 -3.4872830285449 0.00552677962655657 0.0605111512958886 -2.31492081936974
"MYH10" -2.2472247291268 1.50882721049745 -3.43475313247345 0.00604619715562446 0.0645431546362911 -2.40402864745528
"KNG1" -0.829605060033168 5.64121807585725 -3.39734182056697 0.00644657414608161 0.0671387112287036 -2.46757716924324
"SePTIN2" -0.952829233546342 0.654348465109691 -3.32099757660022 0.0073503929297806 0.0722300227189078 -2.5974487039298
"CFD" -1.51819650277656 1.39338356244753 -3.31955943030905 0.00736861506943152 0.0722300227189078 -2.59989730654499
"AKR1A1" -1.17871588045945 0.756980046568206 -3.30674649988871 0.00753302161724456 0.0722300227189078 -2.62171578696883
"TPI1" -1.11296057738544 1.0812397470591 -3.30068813771356 0.00761206328419403 0.0722300227189078 -2.63203411217506
"HSPA1A" -1.7961632508423 2.36590338799201 -3.26458711484337 0.00810101127072198 0.0735985492042188 -2.69354217168247
"HSPA1B" -1.7961632508423 2.36590338799201 -3.26458711484337 0.00810101127072198 0.0735985492042188 -2.69354217168247
"C1QB" -2.29317442336969 1.52003506182875 -3.20106807226518 0.00904077274645224 0.0804252075569814 -2.80183962865558
"NMe2" 1.10305978152513 0.536652456672674 3.05450431471582 0.011657170057861 0.101583910504217 -3.05187329530728
"LOX" -0.829033385073965 0.435539750083442 -3.02911934410094 0.0121831711523293 0.104044281640892 -3.0951689236803
"VASP" -1.76216669936537 1.57621041762669 -2.99693380185004 0.0128848457551713 0.105960869413518 -3.15004663660522
"KRT40" 2.63399971880389 0.808449136524372 2.98676322905318 0.0131149779967968 0.105960869413518 -3.16738301614134
"APOA2" 1.58640393436565 2.92984961441833 2.98514168618306 0.0131520517070642 0.105960869413518 -3.1701467921376
"SLC2A3" 1.18879843483408 1.0823529794274 2.9714981302393 0.0134682169183299 0.106160552403328 -3.19339816290402
"SeRPINA5" -1.006711994085 4.89883954726343 -2.96278766718118 0.0136740758364943 0.106160552403328 -3.20823970996672
"KRT7" 1.18554911430585 4.15669002752408 2.90621638683966 0.0150906646684701 0.115066318097084 -3.30456585163198
"HSPA1L" -1.19042413647121 1.71309403699572 -2.887608244032 0.0155882774699939 0.116775341748901 -3.33622201542823
"CTSC" -1.17891061588852 0.790974136159921 -2.85691757495849 0.0164453637697218 0.121071902235711 -3.38839596953369
"LTF" 1.32310607761781 3.46662224499435 2.83159734778578 0.0171880464361041 0.124394844546042 -3.43140144484708
"CATHL4" 1.28436035935671 1.03247856969317 2.73919367901918 0.0201955082844581 0.143724700624394 -3.58798395327196
"KRT74" 1.83607477198774 0.805729347189191 2.66607018187424 0.0229439032910856 0.160274531789528 -3.71139637857226
"OMD" 0.770755069833081 0.475287784920511 2.65754090041452 0.023287825709002 0.160274531789528 -3.72575750074887
"C1QA" -1.8095837542322 1.65284025768012 -2.64876453761925 0.0236470620673074 0.160274531789528 -3.74052661917351
"ACTN4" -1.30686190138357 0.901381464650456 -2.5783745658505 0.0267344385646801 0.17829684078332 -3.85866380172592
"NMe1-1" 0.865930180614378 0.555702253436536 2.54544166853208 0.0283128128254519 0.17829684078332 -3.91372415217163
"NMe1-2" 0.865930180614378 0.555702253436536 2.54544166853208 0.0283128128254519 0.17829684078332 -3.91372415217163
"GSTM1" -0.645625281440809 0.389687724175153 -2.54379961341168 0.0283938762839948 0.17829684078332 -3.91646567495707
"PNP" -0.645625281440809 0.389687724175153 -2.54379961341168 0.0283938762839948 0.17829684078332 -3.91646567495707
"YWHAB" 0.783151682952707 1.86596588662691 2.52309994752263 0.0294356062894614 0.182159476602899 -3.95099278333005
"H2A1" 1.21579160560366 1.75258522708785 2.47864843275579 0.0318015541156075 0.193989480105206 -4.02492544396715
"CRYBB1" 1.24781457362516 0.461902850229692 2.43725787262618 0.0341720336469458 0.20431658825664 -4.09348676311097
"FeRMT3" -1.99472951570388 2.41521703554718 -2.43256473084157 0.0344515090268807 0.20431658825664 -4.10124262093762
"TAGLN2" -1.39830806125432 2.39193528895552 -2.40663386943345 0.036036474879298 0.209822109214566 -4.14402633254816
"COL1A2" 1.25846274302032 2.5047030394118 2.40143661477418 0.0363626137748896 0.209822109214566 -4.15258689223494
"CDH1" -1.25919102380109 1.22800214430714 -2.37438693410056 0.0381071138698387 0.215951583806665 -4.1970604788401
"CAPNS1" -1.60974170750454 1.85341022823834 -2.36941769907427 0.038436347469102 0.215951583806665 -4.20521555662969
"eNO1" -0.777846859150161 4.21357154108241 -2.3555078573111 0.0393727353644239 0.218339714293623 -4.22801764897741
"ANG1" -0.59759611475229 0.377680432503023 -2.34095941949673 0.0403758547479895 0.218586852178916 -4.25182554034516
"PSMA1" -1.02947913792594 0.485651188296436 -2.33008205893979 0.0411420376900886 0.218586852178916 -4.2695978419618
"A2M" -0.624851140504182 6.81672493265751 -2.32898739838936 0.0412199212401359 0.218586852178916 -4.27138503783391
"RAN" -1.51736812566913 1.04895830466732 -2.32555650099913 0.0414649532236351 0.218586852178916 -4.27698487631537
"IGF2" -0.967496102986542 0.890394580469718 -2.30468972810672 0.0429859594123086 0.223841520354339 -4.31098983795127
"ITIH4" -1.45774048222323 4.82000702427043 -2.26247342556031 0.0462301097384555 0.237834419979765 -4.37949593393988
"GSTA2" -1.71641263382491 0.934895426186002 -2.25400229281654 0.0469089931505018 0.238452748977023 -4.39319372495392
"C3" -0.574321127209057 7.70740898894547 -2.2471254033619 0.047467174854911 0.238452748977023 -4.4043013067094
"KRT20" 0.897270050776133 0.616444086072879 2.20756468687531 0.0508045908264124 0.246792637315093 -4.46797933142743
"MAML2" 1.13917934633058 0.489061657053337 2.20603122161547 0.0509383960273324 0.246792637315093 -4.47043988712475
"HNRNPA2B1" -0.779627244052107 0.573292617791743 -2.20322974666225 0.0511837178830321 0.246792637315093 -4.47493352904808
"C7" -1.42209565617753 2.51010884622911 -2.200325746235 0.0514392148033801 0.246792637315093 -4.47958953404806
"LYSM" 1.14798034488483 1.46591368537073 2.16246264175494 0.0548843934093717 0.25992502554621 -4.54009676487141
"CORO1A" -1.38915479996871 1.0930879520495 -2.15705761035496 0.0553938579032907 0.25992502554621 -4.54870346581608
"SePTIN8" -0.650579788479685 0.390926350934872 -2.11807640869433 0.0592040992755796 0.274784243376875 -4.61053807732372
"F2" -0.524276174587698 6.16233936367882 -2.10633558602813 0.0603997958345721 0.275667645783478 -4.62907840118914
"DSC1" 0.552931533287671 0.399120394613309 2.10356177950522 0.0606856175729437 0.275667645783478 -4.63345280863387
"COMP" -1.22693867504272 1.00670265617101 -2.05678880735771 0.0657028760391047 0.292287130338507 -4.70687234778241
"CBR1" -0.709503556473795 0.480709494415282 -2.05669550764582 0.0657132658372288 0.292287130338507 -4.70701813805741
"SePTIN7" -1.45130087234804 0.834597337592445 -2.04765968304153 0.0667268802308454 0.293735854212072 -4.7211247289148
"YWHAZ" 0.741125808315489 3.19842278451098 2.03611068361894 0.0680439211600161 0.296477085054356 -4.73911762040239
"APOC4" 0.949671075028526 1.16049840548255 2.00421908599936 0.0718092219587458 0.306971065104801 -4.7885815944448
"MST1" -1.69951911687977 1.90001014243331 -2.00048624977357 0.0722625357632728 0.306971065104801 -4.79434950757857
"HMGB2" 0.671071185845841 1.8914820562858 1.99125250805131 0.0733954496101546 0.306971065104801 -4.80859739016016
"AOC3" -0.9780753921784 0.881833515934563 -1.98624694227892 0.074016542214662 0.306971065104801 -4.81630914172
"RAP1B" 0.71975362353984 3.30247536489936 1.98600341502245 0.0740468845568958 0.306971065104801 -4.81668411272224
"B4GALT1" -0.719282513946003 1.00666728430726 -1.91139937081659 0.0839099404229288 0.331963308943303 -4.93058213899265
"PKP1" 1.00569611056958 0.401373234465796 1.91127622048709 0.0839271887560821 0.331963308943303 -4.93076849934339
"HSPA5" 1.03274483157732 0.40813541471773 1.9072309868793 0.0844955946427668 0.331963308943303 -4.9368869270997
"eeF2" 1.03274483157732 0.40813541471773 1.9072309868793 0.0844955946427668 0.331963308943303 -4.9368869270997
"GRB14" 1.09444706226076 0.42356097238859 1.89778850946029 0.0858363131281653 0.331963308943303 -4.95114497936239
"H3-3A" 1.11518943117809 0.428746564617923 1.8945900448494 0.0862949116925214 0.331963308943303 -4.9559670509851
"P68432" 1.11518943117809 0.428746564617923 1.8945900448494 0.0862949116925214 0.331963308943303 -4.9559670509851
"Q5e9F8" 1.11518943117809 0.428746564617923 1.8945900448494 0.0862949116925214 0.331963308943303 -4.9559670509851
"APOC2" 1.62897782442171 1.38785434990623 1.88544501539686 0.0876186885493414 0.333612090440832 -4.9697329463791
"SeLeNBP1" 1.20492207031874 0.451179724403086 1.88088272014808 0.0882861035592834 0.333612090440832 -4.97658861107695
"SFN" 1.32977770815276 0.482393633861589 1.86272193805575 0.090989694116759 0.340812275332071 -5.00379895082066
"YWHAH" 1.23240249598467 1.00969491056355 1.84907445572557 0.0930714517026525 0.343193568276447 -5.02416223377616
"ANXA5" 1.04814555099109 2.36293676180519 1.84802774398801 0.0932329131617513 0.343193568276447 -5.02572098209047
"PTGR1" -1.21664129764115 1.08470721320811 -1.82316883872736 0.0971440930339392 0.354534425004206 -5.06261131471247
"ATIC" -0.923171655996537 0.592567773217681 -1.81118600638218 0.099082717624259 0.356082332982651 -5.08030388905789
"eIF4A1" 0.850124106683356 0.437532434976122 1.81024737460467 0.0992360600115584 0.356082332982651 -5.08168727115397
"CLU" -0.532267850836955 3.78165880678675 -1.79670158511831 0.101473328353139 0.3592679788587 -5.10161058052419
"KRT80" 0.961595774861931 1.83083533134938 1.79031111193847 0.102544726452183 0.3592679788587 -5.11098303363172
"ANP32A" 0.75426050873539 0.488137472128007 1.78969838742413 0.102647993959628 0.3592679788587 -5.11188076616762
"KRT81" 2.60081042358809 0.800151812720424 1.75223499771585 0.109145035990825 0.378901872911239 -5.16646388651575
"KRT83" 2.85343983609307 0.863309165846668 1.74045942046171 0.111263079348169 0.383139797432809 -5.18349386467902
"SAR1A" 0.410628690466159 0.463588387070331 1.730668918749 0.113052347099454 0.386186817691736 -5.19760590646763
"CSN1S1" 1.04404364273404 1.40921461042602 1.72105380302252 0.114834851263498 0.389162551504077 -5.21142307910669
"COL10A1" 0.682599460022101 3.47619039587805 1.71208514164653 0.116520348865155 0.39176526744426 -5.2242733371701
"ANXA2" 1.30081623461121 2.15931965448994 1.67877115970344 0.122977948107649 0.410246748765359 -5.2716791188323
"CRYZ" 1.70647669341492 0.789911198666005 1.67144466653994 0.124440506390444 0.411054332302195 -5.28203458076554
"CKM" -1.58084969204273 1.94798796451312 -1.66753391795789 0.125227553037288 0.411054332302195 -5.28755163307658
"AOCX" -0.99965149313883 0.76888560092259 -1.65976715189501 0.126803848346914 0.411054332302195 -5.29848671126437
"CHAD" -0.970494123465827 0.932039286335565 -1.6584610584661 0.127070660102786 0.411054332302195 -5.30032273958731
"PPIA" -0.810833340888959 1.69247800455589 -1.65249522450406 0.128295761025785 0.411896916977522 -5.30869862294291
"CHI3L1" 0.505803801247456 0.544002855586355 1.62066488118822 0.135011833189378 0.429597201709168 -5.35309189445326
"PTGeS3" 0.818589501092527 0.89631578461956 1.61692481701813 0.13582112934599 0.429597201709168 -5.35827496080866
"S100A9" -0.961018269203576 1.23061035431542 -1.61111455692401 0.137086917065588 0.430412599904456 -5.36631294596559
"CTNNB1" 1.29283410561599 1.10159240727331 1.58481507426683 0.142947811870785 0.445538070575367 -5.40248040724167
"ACTN1" -0.829033385073965 0.625039223862849 -1.57849490850243 0.144388790261204 0.446768213344449 -5.41111873803199
"F5" -0.578612882858576 6.24315152845296 -1.56265338285327 0.148056894613961 0.454822258993966 -5.43267869228945
"PRDX6" 0.570675881725722 1.10252678953559 1.53367625511603 0.154978320965574 0.458904138850499 -5.47176998419858
"GPATCH1" 0.99971919574404 0.399879005759411 1.53188891718293 0.155414344970571 0.458904138850499 -5.47416632095097
"HeXA" 0.99971919574404 0.399879005759411 1.53188891718293 0.155414344970571 0.458904138850499 -5.47416632095097
"RAP1A" 1.38301184315812 1.29469653953489 1.51992000069113 0.158361816805909 0.458904138850499 -5.49016835654384
"ARF4" -1.05936407780732 2.35750976334701 -1.51205091142603 0.160326044670761 0.458904138850499 -5.50064608029501
"eBD" 0.872095067808855 0.367972973775614 1.50918375114005 0.161046964869076 0.458904138850499 -5.50445518331875
"SLC15A4" 0.872095067808855 0.367972973775614 1.50918375114005 0.161046964869076 0.458904138850499 -5.50445518331875
"CDC23" 0.872095067808855 0.367972973775614 1.50918375114005 0.161046964869076 0.458904138850499 -5.50445518331875
"SNX11" 0.872095067808855 0.367972973775614 1.50918375114005 0.161046964869076 0.458904138850499 -5.50445518331875
"SCARB1" 0.872095067808855 0.367972973775614 1.50918375114005 0.161046964869076 0.458904138850499 -5.50445518331875
"H4" 1.20651897218778 1.19454312149962 1.50854663541007 0.161207542921721 0.458904138850499 -5.50530098856462
"CFAP210" 1.10623622258639 1.13893653538318 1.49020042878129 0.165891396455059 0.464817309847797 -5.52955908383363
"NAP1L1" -0.771018282209133 2.10603889824491 -1.49001445892582 0.165939471425372 0.464817309847797 -5.52980401069544
"FABP1" -0.95169002905552 0.853731027968962 -1.48765498009859 0.166550464652724 0.464817309847797 -5.53290980159714
"F11R" 0.491093897393812 0.591362997760567 1.46340764845016 0.172942600257431 0.476290601094069 -5.56464256932388
"TGM3" 0.585019220834749 1.12881896814017 1.46306249361053 0.173035092487218 0.476290601094069 -5.5650918367646
"KRT35" 1.9070538064256 0.814572411337956 1.45537784270341 0.175105394028877 0.476290601094069 -5.57507658145068
"ANXA11" 0.690638215597484 0.839743777656129 1.45531193284088 0.175123242088452 0.476290601094069 -5.57516207022372
"RPLP0" 0.927224728387108 1.37152714985335 1.43345040243925 0.181129795621903 0.489509004623752 -5.6033771070803
"MYH7" 1.46353337578316 0.795957223701033 1.40398090556886 0.189503835322744 0.508919104923343 -5.64096114397348
"AHCY" -0.849296975905454 2.30692394805216 -1.39281950752939 0.192759993059258 0.514428231476895 -5.65505862865003
"XPNPeP1" 1.26423277004973 0.642042906410297 1.38685111474923 0.194520474672935 0.515902128480394 -5.66256571671107
"RGN" -0.789706325367164 1.72440413338983 -1.37781049286656 0.197212955688879 0.519814395550316 -5.6738951977665
"ADIPOQ" 0.63256694518366 3.62619020801899 1.36194570463028 0.20201351977317 0.529201061000882 -5.69365359886271
"F7" 0.302966455884677 2.39568587803144 1.3347592333882 0.210467178060027 0.547211754497852 -5.72714306193268
"ACTC1" -1.44720028789172 3.39617056398317 -1.33165203549359 0.211451848927741 0.547211754497852 -5.7309405874003
"TUBA8" 1.42089716403283 1.12248409212218 1.32074743160762 0.214937821602957 0.552882227858209 -5.74421856698117
"HBA" 0.434974395115897 6.35501045088591 1.30513953570829 0.220009982099481 0.562540493152564 -5.76308896212638
"CFB" -0.266626261469201 5.17575984876085 -1.2854333880216 0.226554431021503 0.575825845512986 -5.78668534327353
"RPL7" 0.532383899799409 0.416538637176849 1.26280711627544 0.234264479576348 0.588789913546839 -5.81345866179999
"HBe4" -0.803191110072214 0.625840628701859 -1.26237770719803 0.23441284614277 0.588789913546839 -5.81396343601683
"HSPA2" 0.850124106683356 0.675856036351536 1.21662883542505 0.250661715898022 0.625016975776385 -5.86701719827199
"RHOB" -0.345416475513279 0.464739925657036 -1.21361478858309 0.251763278298684 0.625016975776385 -5.870461515368
"PABPC1" 0.488620752983095 0.39819421468868 1.20874023102885 0.253553018269955 0.625821611568039 -5.87601842944157
" K2CB" -0.683718770516646 0.399211096444112 -1.20403224034233 0.25529125006853 0.626490596432541 -5.8813695621614
"TUBB6" 1.24620972771945 1.12066458309776 1.19033115473591 0.260403977047663 0.635385703996299 -5.89685294300432
"PROC" 0.478927120594677 4.7478311913348 1.18355240424343 0.26296349389772 0.637985294854128 -5.90446403028783
"SeRPINA3-4" 0.311951707884661 5.90792193596409 1.16922787705037 0.268437724905149 0.647587053867225 -5.92043882883183
"CLeC3B" 0.509108886193193 3.039908264367 1.15898016781064 0.272408877202985 0.653475227897047 -5.93177604409365
"HP20" 0.490998408389977 1.61578220240543 1.13276306655873 0.282778533322591 0.668676291597683 -5.96043069305824
"TUBA1D" 1.9138444321208 2.33720703633656 1.13189205321717 0.283128259479734 0.668676291597683 -5.96137398541545
"F12" -0.553570529901692 1.00033167960419 -1.12632601172021 0.285371070972687 0.668676291597683 -5.96738860002121
"TGFBI" -0.795618099139332 2.85148189879729 -1.12267782133959 0.28684856621609 0.668676291597683 -5.97131828508846
"GAPDH" -0.329918036822016 4.01546387994701 -1.12187331470401 0.287175184051283 0.668676291597683 -5.97218353077478
"GDF6" 0.969416165441009 0.918542871853225 1.11949718869252 0.288141540173241 0.668676291597683 -5.97473622639066
"TUBB3" 0.604866633756807 2.97026572683777 1.10756064986683 0.293034201256073 0.675802791475323 -5.98749571348351
"F13A1" 0.591170211421637 3.27773283732891 1.09602409109857 0.29782357188501 0.675802791475323 -5.99972555149159
"BPIFB1" 0.267084278521729 0.460308391560664 1.09540986686817 0.298080242069319 0.675802791475323 -6.00037385884274
"MYL9" -0.383147157265901 0.417998069585503 -1.09291192105291 0.299125825734979 0.675802791475323 -6.00300745992733
"MYL12B" -0.383147157265901 0.417998069585503 -1.09291192105291 0.299125825734979 0.675802791475323 -6.00300745992733
"SULT1e1" -0.578199022179149 1.16506820927664 -1.06023576138941 0.313063029720313 0.700311842460781 -6.03701798793536
"AFM" -0.350269624662303 5.12455516078697 -1.05932856763664 0.313456881285486 0.700311842460781 -6.03795047271079
"MAeA" 0.872095067808855 0.613484310956354 1.05569978000996 0.315036040607498 0.700311842460781 -6.04167402517665
"HMGB1" -0.511668564599083 1.79747581974222 -1.05226936068891 0.316534392493983 0.700311842460781 -6.04518459867248
"eeF1A1" -0.46400461499758 2.9817900909438 -1.04207496784367 0.321018836556976 0.70657238767953 -6.05556291158428
"ARPC4" 0.259656627072136 0.539086752863226 1.03194976666852 0.325519893198716 0.712805099465907 -6.06578999872394
"FMOD" -0.54956694806377 0.630913264716573 -1.02692170879928 0.327772526418616 0.71407586112627 -6.07083858283467
"MDH1B" 0.86999360169278 2.02281863736917 1.0221860632151 0.329904767839046 0.715072770899861 -6.07557524110743
"APOC3" 0.363142611898768 0.956938014931504 1.0176781454476 0.331944048235731 0.715859134326552 -6.08006756649525
"ILK" -0.681798708062179 1.15233167107786 -0.999803605707267 0.340122184774392 0.729809914063645 -6.09772047234641
"F10" 0.376246967621989 5.15532292388228 0.990311790926603 0.344524890899941 0.734017087920506 -6.10699019262686
"KRT78" 0.857611434834783 1.26176963906163 0.98641129059266 0.346346179269542 0.734017087920506 -6.11077830547346
"eZR" -0.91353720976103 1.28510719615767 -0.984502702716408 0.347239933864033 0.734017087920506 -6.11262740394878
"VCP" 0.753377286139647 1.88433603030458 0.960193924852514 0.358770852363603 0.74959394233451 -6.13591857366958
"APOe" 0.212042850137696 4.85994025296833 0.959685028815549 0.359015176189745 0.74959394233451 -6.1364009897399
"SeRPINF1" 0.284367327656692 4.8400555296092 0.952894233190333 0.362286979685118 0.74959394233451 -6.14281799435196
"ACTA1" 1.59527905480437 2.26912656438184 0.950271804684356 0.36355619580141 0.74959394233451 -6.14528587814507
"HSP90AB1" -1.03637775923935 3.3072440104728 -0.93974347037684 0.368683910620102 0.74959394233451 -6.15513635920972
"BPT2" -0.451936904924318 0.800670879449937 -0.937347804916493 0.369857888085887 0.74959394233451 -6.1573649109554
"LBP" -0.488960887457709 1.06059742015874 -0.937223212087634 0.369919016819886 0.74959394233451 -6.15748068174661
"AMBP" 0.321614985454045 3.89753442117917 0.936433436109834 0.370306670886072 0.74959394233451 -6.1582142349856
"HP252" 0.35284412696287 0.621270824116424 0.933215221343879 0.371889299114563 0.74959394233451 -6.1611979684562
"JUP" 1.15659517355193 2.33067620825151 0.932658155939382 0.37216373717779 0.74959394233451 -6.16171356740128
"KRT75" 0.768445434683327 4.09933352474936 0.926023935908029 0.375443173967618 0.752648991944473 -6.16783399221776
"APOD" 0.399296987650525 2.64006340870884 0.911610851986576 0.382638401800912 0.763488773686866 -6.18100342013937
"PDe12" 0.623999689927731 0.493808882213488 0.900437869174175 0.388282592766204 0.765112263486189 -6.19109156411202
"YWHAQ" 0.594182494997368 1.74892543870474 0.898930063075258 0.389048727618164 0.765112263486189 -6.19244485473753
"F9" 0.254222716464787 4.81279679801799 0.897190023464557 0.389934176855817 0.765112263486189 -6.19400417560182
"FN1" -0.772359446279214 2.01454844039328 -0.889504307800686 0.393862023218994 0.765112263486189 -6.20086077734688
"HSPA8" -0.459423148518604 2.71351494027571 -0.889330030211537 0.393951407490744 0.765112263486189 -6.20101566941558
"VDAC1" 0.378541002919081 0.394917832836802 0.888839556240896 0.394203039735273 0.765112263486189 -6.20145144678478
"KLKB1" -0.623922749591751 2.80290839902347 -0.884502126907155 0.396433174803722 0.765470087765458 -6.20529621285239
"ANP32B" 0.378541002919081 0.541120340530431 0.876119460477001 0.40076797543182 0.765470087765458 -6.21268100185862
"SeRPINA3-6" 0.287337150488801 5.53073277414851 0.875753516703488 0.400957953651488 0.765470087765458 -6.21300200710085
"ITIH3" -0.85236950237091 4.16871435066649 -0.872456014187856 0.402672642322744 0.765470087765458 -6.21588936650369
"CATHL1" 0.219055111833209 0.896639538273354 0.8711546244318 0.403350748822548 0.765470087765458 -6.21702630906677
"GC" -0.186207048775309 6.49281553533094 -0.856933383799175 0.410812107319311 0.776180397457282 -6.22935503589095
"GALK1" -0.53769675336546 1.26499983681606 -0.82828716659581 0.426125918108355 0.800212612673655 -6.25365408514289
"LUM" 0.19649482316852 3.55830037316055 0.825822919031881 0.427460964607391 0.800212612673655 -6.25571072416031
"SPP2" 0.379650504763926 3.4849997067358 0.822286606122674 0.429381708077808 0.800212612673655 -6.2586527333037
"KRT72" 0.71144928511591 1.2088714074053 0.819264229474669 0.431027870995177 0.800212612673655 -6.26115841501503
"GPI" -0.221876608935981 0.743203152158902 -0.803154989964184 0.439872725987287 0.813098069249227 -6.27437695909843
"UBA52" 0.599548843890478 0.911303654524378 0.796942511983331 0.44331551548917 0.814717664250875 -6.27941288904765
"SeRPINA3-1" 0.275553443787826 6.17402969191073 0.794695842461736 0.444564908127527 0.814717664250875 -6.28122557734008
"LGALS3BP" 0.660335185294453 0.933071220314681 0.788228562513744 0.448174294891812 0.817822324439333 -6.28641834294754
"ANXA1" 0.416717004083999 1.54924691845549 0.778889800906389 0.453419916911348 0.822979178339936 -6.29385037849934
"HGS" 0.378541002919081 0.562750648692627 0.77634716445256 0.454855002548536 0.822979178339936 -6.29586026418984
"GDI1" 0.481533236008117 0.750027128108268 0.771611617091191 0.457535615833473 0.824336320510098 -6.2995880180784
"K2C4" 0.6363179954525 0.655758562036653 0.763396224608092 0.462210164567569 0.829259412900638 -6.30600688287601
"eeF1A2" -0.749120727146434 1.30738099274185 -0.755667647339225 0.466635588348848 0.833696218514469 -6.31198942578975
"PROZ" 0.238116018435658 3.245792045934 0.750415478060984 0.469658386940017 0.833901782541636 -6.31602396947376
"RAB8B" -0.393939393939394 0.618834251419302 -0.748685944581655 0.470656509584389 0.833901782541636 -6.31734702732417
"GFAP" 0.715548820213109 2.49088314735574 0.7349791567279 0.478614261369736 0.839117449541577 -6.32773555304582
"VNN1" -0.26327411438379 3.89893410575294 -0.734149838655945 0.479098438256746 0.839117449541577 -6.32835856921335
"CAP1" -0.668018818639124 1.8262944636633 -0.731345803361017 0.480737780564307 0.839117449541577 -6.33046038238782
"OSTF1" -0.491782384560482 0.685365313242926 -0.728690506347806 0.482293399546101 0.839117449541577 -6.33244403019235
"RBP4" 0.42031849667632 3.17122371336146 0.725811893912971 0.483983398776122 0.839117449541577 -6.33458716146804
"HSP90B1" -0.395344000502243 1.21478216703589 -0.712129226729371 0.492066667311139 0.839117449541577 -6.34466916356402
"MBL" 0.348237972616051 0.99138750132462 0.710689503159198 0.49292203020728 0.839117449541577 -6.34571992532478
"C4BPA" 0.539792321301241 2.30481814479615 0.709631611046137 0.493551124406618 0.839117449541577 -6.34649078545757
"USO1" -0.674249271636098 1.62915416345594 -0.708817951807297 0.494035317317969 0.839117449541577 -6.34708297135901
"CFL1" -0.313635762064633 2.36364223420273 -0.707680614347967 0.494712614369009 0.839117449541577 -6.34790970049134
"PGLYRP1" -0.474649246337825 1.56040861488942 -0.706834498958367 0.49521685546716 0.839117449541577 -6.34852396011922
"GPX3" 0.375719505816309 0.511710754048434 0.694555059856741 0.502570209657713 0.848211381517168 -6.35736343094997
"TTR" 0.260106958266643 4.92942843131743 0.688389569115703 0.506287235625329 0.85112066776384 -6.36174858314566
"KRT222" -0.221876608935981 0.377680432503023 -0.669362338339932 0.517862535281507 0.867165892412563 -6.3750564443048
"CAH2" 0.219055111833208 0.750400631438789 0.662917906586316 0.521818491837142 0.869958006229298 -6.37948634940475
"SeRPINA3-2" 0.257988690750435 6.29324212475739 0.657754418377561 0.525000992038282 0.869958006229298 -6.38300735785963
"CHIA" -0.54325343508433 2.38861682342321 -0.656300112483907 0.52589940764903 0.869958006229298 -6.38399449235589
"OGN" -0.406022536119339 0.743074778439432 -0.653422988705601 0.527679446401377 0.869958006229298 -6.38594147149581
"HBe2" -0.427471604255905 0.531910752247782 -0.648156397218219 0.530946949902665 0.871978260032454 -6.38948503961843
"RAB1B" 0.490233928534576 1.97598120810845 0.643040918559853 0.534131971748673 0.872292919140064 -6.39290164449532
"GGH" -0.399088636407343 1.1412533167062 -0.641290726413073 0.535224226732311 0.872292919140064 -6.39406485945329
"SeRPINF2" -0.203735605146723 5.35831819392891 -0.632868384345274 0.540498476993026 0.875839382794326 -6.39962159136068
"SeRPINA3-3" 0.1566643939831 1.63432839743559 0.631072924688865 0.54162668698599 0.875839382794326 -6.40079738696418
"RPS27A" -0.37963717299646 1.23198627921839 -0.628011162510759 0.543553715317322 0.875839382794326 -6.40279532040734
"RAC1" -0.280768017167303 1.40902248895824 -0.621817801345129 0.547463692588905 0.878823295997979 -6.40680924901428
"FTL" 0.208416492422697 1.10501307336717 0.614247270683908 0.552264753338817 0.882887821328415 -6.41166561277495
"MAP10" -0.2699057756245 0.432000322656884 -0.609355677378966 0.555379492564605 0.882887821328415 -6.41477410292175
"LeCT2" -0.269905775624501 0.446091223004707 -0.608071780307102 0.556198650907128 0.882887821328415 -6.41558616089146
"TUBB4A" -0.644897802468737 1.17195561474063 -0.604300979849344 0.558608428277488 0.883428884720324 -6.41796195911325
"TIMP3" 0.220286687121007 0.511173887906619 0.596122800930093 0.563854776594894 0.888382615801083 -6.42306732587364
"GAPDHS" 0.365080886405798 0.754321640944968 0.591204448921773 0.567023029698245 0.888382615801083 -6.42610644666943
"PPIe" 0.262478124174908 0.785697930021613 0.589503112152422 0.568121259498218 0.888382615801083 -6.42715225509187
"DSG1" 0.534678996975625 1.79208455424942 0.586298404511463 0.570193103516498 0.888382615801083 -6.42911453481329
"KRT25" 0.415585076215736 1.67421891289424 0.578049403305073 0.575545072812065 0.888382615801083 -6.43411946641646
"FeTUB" 0.207483387428105 5.43470251133555 0.577741216464885 0.575745553050415 0.888382615801083 -6.4343051667252
"COLeC11" -0.1566643939831 0.674061119339919 -0.576882419579316 0.57630441352904 0.888382615801083 -6.43482215187402
"KRT27" -0.420631314837044 1.59978620673897 -0.569862832226027 0.580883403251761 0.890639376879974 -6.4390208263076
"PGK1" -0.345139655817127 2.57489153092758 -0.566490046281915 0.583090474690153 0.890639376879974 -6.44102106050377
"RAB13" -0.280544395035012 0.723978957096803 -0.56506274300704 0.584025820904901 0.890639376879974 -6.44186416691673
"CAT" -0.367668706207739 3.86951405485917 -0.556384206211472 0.589730308352922 0.896138226571877 -6.44694752768062
"MGP" -0.269905775624501 0.540021099458785 -0.549431445351878 0.594321649734971 0.897234299078652 -6.45096659903253
"KRT79" 0.737459910225789 3.02599141000057 0.548466731483428 0.594960192900172 0.897234299078652 -6.45152049364599
"CSRP1" 0.224009618872084 0.689503602662081 0.545237412570156 0.597100293615163 0.897234299078652 -6.45336794204297
"ORM1" 0.166282143025702 4.8102881838775 0.542591719069938 0.598856616481068 0.897234299078652 -6.45487383587994
"KRT10" -0.905345277464925 3.40303086313449 -0.532995551629148 0.605249467170168 0.903641686998818 -6.46027778012119
"TF" 0.112994220841653 7.95224413921759 0.528321885549978 0.608375701153871 0.905144335863076 -6.46287666392799
"H2AJ" 0.339711168009446 1.5335651176893 0.514313840944354 0.617794977885852 0.915966859573816 -6.47053615010945
"COL2A1" 0.219055111833208 0.494870834168399 0.506310771343532 0.623209168258703 0.919238703707559 -6.47482444490961
"H2AC20" 0.339711168009446 1.6957651497276 0.484266741119236 0.638243120191393 0.919238703707559 -6.48630505391848
"GPLD1" -0.122996778456169 0.605857822493658 -0.482046091521157 0.639767281109951 0.919238703707559 -6.48743454272712
"KRT5" 0.47417812583466 4.91797067237994 0.475012560832377 0.644606327260258 0.919238703707559 -6.49097925424492
"FGB" -0.26362856550632 4.50853166234196 -0.463422717130284 0.652617924487638 0.919238703707559 -6.49671140544805
"TBA1B " 0.188139653627691 4.46456158305168 0.455944556054825 0.657811933903189 0.919238703707559 -6.50033792158125
"A1BG" -0.119249058898096 5.09463027094381 -0.454965672294296 0.658493240819035 0.919238703707559 -6.50080843763891
"CDC42" -0.221876608935981 0.45978606312341 -0.452799957976467 0.660001744926369 0.919238703707559 -6.50184597148186
"PLG" -0.376987154594618 5.19886416204139 -0.451514669870011 0.660897750704792 0.919238703707559 -6.50245946882745
"ARPC2" -0.221876608935981 0.45978606312341 -0.446990412311048 0.664056162252125 0.919238703707559 -6.50460566593205
"C4" -0.160169939809088 5.27620105236723 -0.439877458908082 0.669035643715993 0.919238703707559 -6.50793783641879
"KRT73" 0.354475300859123 2.98075790550278 0.436710652339413 0.671258008266776 0.919238703707559 -6.50940481974327
"TRAP1" 0.219055111833208 0.711437163711257 0.436267571676888 0.67156921269729 0.919238703707559 -6.50960925714355
"eeF1D" -0.140722914841658 0.413566535489131 -0.42750694999593 0.67773560399508 0.919238703707559 -6.51361032305881
"CHCT1" 0.1566643939831 0.402625748785052 0.425010131032872 0.679497637123891 0.919238703707559 -6.51473630967749
"ACAP1" 0.1566643939831 0.402625748785052 0.425010131032872 0.679497637123891 0.919238703707559 -6.51473630967749
"MRPS24" 0.262478124174909 0.569541735077932 0.424482224397053 0.679870445235021 0.919238703707559 -6.51497356369488
"ITIH1" -0.377087346665631 2.8397505992761 -0.422265684115894 0.681436749457766 0.919238703707559 -6.51596662343638
"KRT8" -0.298172664445738 2.32328615316849 -0.421735034856583 0.681811964180792 0.919238703707559 -6.51620362140387
"GSTP1" -0.241387402565517 0.784981248927217 -0.415653098359554 0.686118858763346 0.919238703707559 -6.51889936671197
"CTSD" 0.256445659111217 1.05853662729871 0.414073155012875 0.687239617306065 0.919238703707559 -6.51959346429192
"UBC" -0.219055111833208 0.544452633555157 -0.403812573458839 0.694537271462417 0.919238703707559 -6.52403887557942
"TALDO1" -0.419500864685185 0.724562448865416 -0.402602044557486 0.695400408184601 0.919238703707559 -6.52455621680346
"HPX" -0.094345722502041 5.86609039902919 -0.400210602633611 0.697106898653341 0.919238703707559 -6.52557381950566
"MMP2" -0.219055111833209 0.464968897976902 -0.390432082083531 0.704102941847751 0.919238703707559 -6.5296735932925
"PHGDH" -0.125818275558941 0.493755645343079 -0.388497983717051 0.705490136497625 0.919238703707559 -6.53047283322053
"KRT71" 0.3278912165454 1.69193509710301 0.383157737145152 0.709326161755931 0.919238703707559 -6.53265960301239
"SeRPINA7" 0.138800783403124 4.32391101055686 0.375616559676904 0.71475761163781 0.919238703707559 -6.5356975239385
"AGT" 0.0897680689081355 6.11889226085239 0.374633139790571 0.715467143170341 0.919238703707559 -6.53608936061484
"ARFIP2" 0.1566643939831 0.463816022238977 0.367796171791415 0.720407758447777 0.919238703707559 -6.53878586414045
"UBB" -0.219055111833208 0.706652665593456 -0.366442425189007 0.721387623051917 0.919238703707559 -6.53931404710558
"PTPDC1" -0.219055111833209 0.479806629142107 -0.366138088992134 0.721607979223109 0.919238703707559 -6.53943252691102
"SeRPINA6" -0.232515228346492 1.26326511265867 -0.361476944772298 0.72498621399722 0.919238703707559 -6.54123515235328
"UTP15" -0.421288487959078 2.65599107042824 -0.361254389319772 0.725147669235018 0.919238703707559 -6.54132065923067
"APOA1" 0.122015755950853 6.47497209857035 0.357353087049016 0.727980186838305 0.919238703707559 -6.54281121952869
"MYLK" 0.1566643939831 0.464968897976902 0.350774221842612 0.732766406476685 0.919238703707559 -6.54528902608198
"H2BC12" 0.186673797284532 1.01978474290524 0.345385117004066 0.736695993930358 0.919238703707559 -6.5472852404961
"P62808" 0.186673797284532 1.01978474290524 0.345385117004066 0.736695993930358 0.919238703707559 -6.5472852404961
"TUBA4A" 0.151087895991286 4.47774431843289 0.343432385053592 0.738121836600417 0.919238703707559 -6.54800111336362
"APOA4" -0.299632211634532 2.5369042028591 -0.340266018701588 0.740436050412926 0.919238703707559 -6.54915347466117
"eNO3" -0.331669609665399 0.99290281061463 -0.339896058216614 0.740706621681655 0.919238703707559 -6.54928743663293
"KRT17" -0.431111944588213 2.67216397339243 -0.339002560601528 0.741360234845834 0.919238703707559 -6.54961038281808
"MSN" 0.25870273783344 1.2639300696528 0.337101802884532 0.742751394494634 0.919238703707559 -6.55029462862508
"PROS1" -0.110226003553124 6.16477537271403 -0.336106637194447 0.743480139636449 0.919238703707559 -6.55065137349294
"C1S" 0.12636136368007 0.445091266900577 0.335629235148483 0.743829827985454 0.919238703707559 -6.55082214541001
"eIF5A" 0.19157357863295 0.543835230609352 0.330919351599628 0.747282977782409 0.919238703707559 -6.55249419229195
"HPSe" 0.1566643939831 0.36515081239364 0.330211569865414 0.747802409587531 0.919238703707559 -6.55274346184052
"RNPC3" 0.1566643939831 0.36515081239364 0.330211569865414 0.747802409587531 0.919238703707559 -6.55274346184052
"NACA" 0.132004357885615 1.22662392426242 0.329252384960468 0.748506553071587 0.919238703707559 -6.55308043784381
"ANXA6" 0.105813730191808 0.389687724175153 0.328971042321101 0.748713134214223 0.919238703707559 -6.55317909570297
"COL1A1" -0.258917782785363 2.45948134185914 -0.32817196479142 0.749299985054632 0.919238703707559 -6.55345885630862
"HA1B" 0.12636136368007 0.620669685617257 0.326278245161157 0.750691418628973 0.919238703707559 -6.5541191956889
"BCL2L14" -0.219055111833209 0.521368871861844 -0.322051361063372 0.75380053254169 0.919238703707559 -6.555579606083
"HBB" -0.0929611489001312 6.12256865805915 -0.314198169385996 0.759589167443031 0.919238703707559 -6.55824336788265
"GSTT1" 0.223648289265273 0.706120175485974 0.312500949277773 0.76084225127679 0.919238703707559 -6.55881058152001
"ARF2" 0.1566643939831 0.578493630882512 0.310670603405296 0.762194432995801 0.919238703707559 -6.55941890790617
"TUBB2B" 0.458598077465392 1.36573439339964 0.306259941202114 0.765456266473231 0.919238703707559 -6.56087040893096
"PSMB3" 0.1566643939831 0.454355429204855 0.303965493740202 0.767154985813038 0.919238703707559 -6.561617429547
"KRT28" -0.352481110736143 1.14543589060528 -0.299130541340532 0.770738801579812 0.919238703707559 -6.56317351649222
"PDIA4" -0.200445752851976 0.825178695660571 -0.293670561907208 0.774792680820627 0.919238703707559 -6.56490128268276
"ANXA3" -0.0783321969915501 0.397968856026604 -0.285904055844759 0.780571248391092 0.919238703707559 -6.56730499936614
"SNRPD1" 0.1566643939831 0.399879005759411 0.283855924477084 0.782097476068588 0.919238703707559 -6.56792832877152
"SeRPINA3-8" 0.101304750935591 4.04312880663964 0.281205743923589 0.784073771161222 0.919238703707559 -6.56872833878684
"VIM" 0.1566643939831 0.402458123808049 0.280875718248051 0.784319990733105 0.919238703707559 -6.56882744631328
"ACAN" 0.1566643939831 0.402458123808049 0.280875718248051 0.784319990733105 0.919238703707559 -6.56882744631328
"MIA3" 0.1566643939831 0.402458123808049 0.280875718248051 0.784319990733105 0.919238703707559 -6.56882744631328
"SeRPINA3-5" 0.328469850380815 4.65151762801419 0.27627273190511 0.787756680059497 0.919238703707559 -6.57019778629399
"PLeKHA2" 0.1566643939831 0.384795376623037 0.275745712247587 0.78815046935861 0.919238703707559 -6.57035326052519
"TUBA3" 0.1566643939831 0.384795376623037 0.275745712247587 0.78815046935861 0.919238703707559 -6.57035326052519
"TUBA1C" 0.1566643939831 0.384795376623037 0.275745712247587 0.78815046935861 0.919238703707559 -6.57035326052519
"DNAJC12" 0.1566643939831 0.384795376623037 0.275745712247587 0.78815046935861 0.919238703707559 -6.57035326052519
"SMC3" 0.1566643939831 0.384795376623037 0.275745712247587 0.78815046935861 0.919238703707559 -6.57035326052519
"PSMD2" 0.1566643939831 0.384795376623037 0.275745712247587 0.78815046935861 0.919238703707559 -6.57035326052519
"AMDHD1" 0.1566643939831 0.384795376623037 0.275745712247587 0.78815046935861 0.919238703707559 -6.57035326052519
"APOH" -0.0807853195544475 4.79199003580177 -0.274180918309607 0.789320050606131 0.919238703707559 -6.57081316140404
"SeRPINC1" 0.0607550562605379 5.93004310799188 0.268373939625147 0.793665140637974 0.919238703707559 -6.5724973121002
"GIMD1" 0.1566643939831 0.403277494034243 0.265216788901261 0.7960305941061 0.919238703707559 -6.57339803831317
"LDHB" 0.119398577264857 2.84148230058972 0.25602337193037 0.802930844671161 0.919238703707559 -6.5759609929067
"H1-3" -0.110614619967702 0.576347254639334 -0.254787423743667 0.803859866990226 0.919238703707559 -6.57629874733175
"H1-2" -0.110614619967702 0.576347254639334 -0.254787423743667 0.803859866990226 0.919238703707559 -6.57629874733175
"SeRPINA1" 0.0722085166486037 7.33017595081601 0.252999471739093 0.805204376497002 0.919238703707559 -6.57678449486428
"ASPN" 0.1566643939831 0.43386321439682 0.249787272005283 0.807621558280159 0.919238703707559 -6.57764869228065
"NOSTRIN" 0.1566643939831 0.643369721449895 0.248034912724768 0.808941102399728 0.919238703707559 -6.57811554146167
"TNFAIP8" 0.1566643939831 0.643369721449895 0.248034912724768 0.808941102399728 0.919238703707559 -6.57811554146167
"LYRM7" 0.1566643939831 0.434626642499916 0.248003921268785 0.808964444915155 0.919238703707559 -6.57812376872945
"CCT6A" 0.1566643939831 0.434626642499916 0.248003921268785 0.808964444915155 0.919238703707559 -6.57812376872945
"RAB11B" -0.0971830832367022 1.33183829362584 -0.244420022091156 0.81166512181183 0.919238703707559 -6.5790683309495
"SeRPINA3-7" 0.087665477317449 5.25226519355215 0.241029816027114 0.81422221469831 0.919238703707559 -6.57994933564355
"ARG1" 0.15728517854456 1.23561033564881 0.240477409767263 0.814639088702437 0.919238703707559 -6.58009173551819
"TGM2" 0.1566643939831 0.444543087121133 0.240274825486571 0.814791984295111 0.919238703707559 -6.58014387694969
"CSN2" -0.136116760494839 0.843290344476437 -0.225038071915808 0.826314359578089 0.919238703707559 -6.58394092001511
"SLC2A1" 0.145677421880533 1.57845899084011 0.221934703251312 0.828666578757946 0.919238703707559 -6.58468411342171
"HRG" -0.139565782660107 1.96367273588324 -0.221586315728338 0.828930752253226 0.919238703707559 -6.58476690703653
"ACTG2" 0.1566643939831 0.469239978251018 0.219825603244956 0.830266195975039 0.919238703707559 -6.58518336605593
"ACTA2" 0.1566643939831 0.469239978251018 0.219825603244956 0.830266195975039 0.919238703707559 -6.58518336605593
"RHOA" 0.062390717850108 0.400543477260578 0.217556808196003 0.831987835160691 0.919238703707559 -6.58571514828844
"CMPK1" 0.1566643939831 0.472710099611018 0.217330799512557 0.832159389224245 0.919238703707559 -6.5857678230399
"BLVRB" -0.0685683663151857 3.35531171733281 -0.214095948135078 0.834615837644126 0.919238703707559 -6.58651580887564
"AFP" 0.0574344833876301 7.01239407037668 0.213228747296971 0.835274680589333 0.919238703707559 -6.58671443989014
"YWHAG" -0.166419790797869 0.832994163627799 -0.213221570539457 0.835280133579702 0.919238703707559 -6.58671608038173
"PFN1" -0.0641453769279869 2.95488336709145 -0.204785340773762 0.841696306261505 0.921051266361812 -6.58860661189586
"CL43" 0.093042100845194 1.15014708666961 0.204561383841492 0.841866803809318 0.921051266361812 -6.58865576880142
"ascc3" 0.1566643939831 0.494928131101173 0.20255027778204 0.843398232195476 0.921051266361812 -6.58909480114289
"UGDH" -0.108635227294581 0.466203911078831 -0.194472363396364 0.849556247455797 0.925409483835779 -6.59081487790769
"RDX" -0.101760657801237 0.600451424615388 -0.188096114591812 0.85442452562735 0.928344204689258 -6.59212353970316
"ARF3" -0.092998455365318 2.87918901252281 -0.181105161729607 0.859769459772195 0.930067825272689 -6.59350856909292
"C9" 0.0729049890656968 3.33848214867488 0.178868738997538 0.861480892583522 0.930067825272689 -6.59394064110309
"ACTB" 0.0511288421723721 5.17958981381159 0.174634140194027 0.864723481576716 0.930067825272689 -6.59474413996769
"ACTG1" 0.0511288421723721 5.17958981381159 0.174634140194027 0.864723481576716 0.930067825272689 -6.59474413996769
"SPZ1" 0.1566643939831 0.534499169467833 0.169969006175411 0.868298780424611 0.931566782013339 -6.59560717664609
"ARF1" -0.0929984553653189 2.87482770398709 -0.159885279688596 0.876037304392945 0.933289546250008 -6.59739322720452
"RAB6B" 0.0452076695857478 0.404839239326668 0.154180666539667 0.880421279802588 0.933289546250008 -6.59835551770983
"HSP90AA1" -0.0727782741902683 5.11108827023986 -0.152968167765485 0.881353629739501 0.933289546250008 -6.59855556619133
"KRT19" 0.156960398012537 2.75817499136611 0.152216406590124 0.881931790970809 0.933289546250008 -6.59867880864164
"YWHAe" 0.0846423290624534 1.7629349378047 0.151152723460268 0.882749967348857 0.933289546250008 -6.59885215440403
"TUBB5" -0.0943539745568263 3.04898017321813 -0.150803419210426 0.883018680761131 0.933289546250008 -6.59890881568625
"FGG" -0.0855156718496013 3.46014535346016 -0.143429784622016 0.888694642643851 0.935373515871219 -6.6000744444226
"FGA" 0.0875784107851603 3.77516754425321 0.140841416628843 0.890688651480195 0.935373515871219 -6.60046981788546
"CD44" 0.0480291666885198 0.428545928848979 0.138015613122877 0.892866482058344 0.935373515871219 -6.60089327022853
"LDHA" -0.0797459087452292 1.86723077393249 -0.136351581252162 0.894149377971236 0.935373515871219 -6.60113862879812
"CD14" 0.0480291666885198 0.445690128893174 0.134025457912388 0.895943250565172 0.935373515871219 -6.60147664148799
"HP251" 0.0480291666885198 0.490390616214758 0.114227951121911 0.911234521605575 0.949017416403855 -6.60411876990922
"TUBB4B" 0.125659200005182 2.50340259588837 0.108535530249756 0.915638555195132 0.95128385174774 -6.6048006696685
"B2M" 0.0480291666885196 0.556566437510383 0.0972865268972985 0.924350145735195 0.958003670458564 -6.6060459342631
"F12AI" -0.0268427729839535 4.72017590150507 -0.0755114175398567 0.941242118994034 0.969849537750648 -6.60807027574899
"P02070" 0.0778649420006818 4.27335271645977 0.072821551823902 0.943331064295786 0.969849537750648 -6.60828498048012
"SPP1" -0.0303030303030304 0.372099636326516 -0.0708465634466007 0.944865123429203 0.969849537750648 -6.6084376712477
"P31098" -0.0303030303030304 0.372099636326516 -0.0708465634466007 0.944865123429203 0.969849537750648 -6.6084376712477
"CLIC1" 0.0321698447834471 1.16649045744082 0.0542148668727112 0.957792374061274 0.980761016125094 -6.6095571040888
"PRDX2" 0.0399560624857023 1.13408948474323 0.0503485200615504 0.960799527653261 0.981486598822829 -6.60977471034365
"CD9" -0.0299458785056264 1.27244889347086 -0.044335069808701 0.965477904785902 0.981756087322878 -6.61008119593992
"CDH5" -0.0221375553032359 1.37784707351082 -0.0440988297666615 0.965661725235618 0.981756087322878 -6.61009244189829
"AHSG" -0.00891782825793896 7.92399558400718 -0.0410537499325094 0.96803131249062 0.981827483214952 -6.61023202300445
"PSMA7" -0.00742765144959201 0.417998069585503 -0.0223658070559109 0.982579902948938 0.993914134851977 -6.61087005956801
"NAP1L4" -0.00609371152969718 1.05443237814391 -0.0197673451221025 0.9846034637995 0.993914134851977 -6.61092900208985
"RAB8A" -0.00395988565083405 1.11747851921654 -0.00765171328532178 0.994039815144635 0.999999999999999 -6.61110785516082
"HP" -0.000113346203684195 1.8487185539759 -0.000161937905915503 0.999873859599989 0.999999999999999 -6.61113936374737
"ALB" 1.77635683940025e-15 9.67797934023327 8.97002496355246e-15 0.999999999999993 0.999999999999999 -6.61113937786638
"GSTA1" -5.82867087928207e-16 0.719135086218648 -8.39702953316634e-16 0.999999999999999 0.999999999999999 -6.61113937786638
