"logFC" "AveExpr" "t" "P.Value" "adj.P.Val" "B"
"SeRPINA3-3" -6.39837533214477 1.63432839743559 -18.2248498642634 3.18135708088563e-09 1.35843947353817e-06 10.3632382896862
"MYL6" 2.56738715758054 1.28414089301023 6.27813321563407 7.74865866336792e-05 0.0165433862462905 1.965672552462
"GDI2" 3.689940749507 1.76965202492705 5.74691281949108 0.000160642027199676 0.0171930811750235 1.25577276759475
"HSPA1A" 4.34794518657315 2.36590338799201 5.58793721952762 0.000201324135538917 0.0171930811750235 1.03478761478924
"HSPA1B" 4.34794518657315 2.36590338799201 5.58793721952762 0.000201324135538917 0.0171930811750235 1.03478761478924
"F7" 1.71633344745024 2.39568587803144 5.34681374026324 0.000285457428775439 0.0180637109393396 0.692045379289629
"H2A1" -3.69162733266032 1.75258522708785 -5.32180118709867 0.000296126408841633 0.0180637109393396 0.655969633378391
"TGM3" -2.92648438359134 1.12881896814017 -5.17516207036689 0.000367859640641059 0.0196345083192165 0.442504090957329
"NAP1L1" 3.69135065201458 2.10603889824491 5.04424428838421 0.000447625658573327 0.0212373506900901 0.249098187911196
"CFD" 3.19220848221164 1.39338356244753 4.93547221133024 0.000527885501302922 0.0225407109056348 0.0863982429131145
"HSPA1L" 2.70455311222605 1.71309403699572 4.63892195403849 0.000834702038395968 0.0280071143195993 -0.366266673480941
"KRT7" -2.66580967546589 4.15669002752408 -4.62085710750841 0.000858673288601268 0.0280071143195993 -0.394262332230057
"TPI1" 2.199535791648 1.0812397470591 4.61254638557786 0.000869944648141847 0.0280071143195993 -0.40715762919545
"eXT1" 2.28024835830985 0.91355813581641 4.57816248700789 0.000918266043265551 0.0280071143195993 -0.460615349570507
"C7" 4.09898123518226 2.51010884622911 4.48455240056411 0.00106474838288756 0.0294601854718384 -0.607010598114899
"FGG" 3.73887178902089 3.46014535346016 4.43424014219721 0.00115348539874843 0.0294601854718384 -0.68620307881435
"HMGB1" 3.04208024321206 1.79747581974222 4.42378342207088 0.0011728879461856 0.0294601854718384 -0.702706279292513
"VASP" 3.57900086206328 1.57621041762669 4.30404660562411 0.00142125216298192 0.0337152596440711 -0.89274168747497
"AHCY" 3.57528409000607 2.30692394805216 4.14601454700596 0.00183670187985006 0.0412774580366304 -1.14644410831151
"FGA" 3.61820346910336 3.77516754425321 4.11444548477045 0.00193399665370673 0.0412908285566387 -1.19750172766958
"MDH1B" -4.78279027839987 2.02281863736917 -3.97356422282586 0.00243873024812385 0.0485603299242378 -1.42679990730704
"APCS" 1.57596889421704 2.1393585301351 3.93062863136375 0.00261859453585641 0.0485603299242378 -1.49713176075935
"RAP1A" -5.03984790054196 1.29469653953489 -3.91649217240941 0.00268080167177156 0.0485603299242378 -1.52033236751258
"CPB2" 2.82129638445792 3.04629665060279 3.90568744555594 0.0027293862252499 0.0485603299242378 -1.53807941654213
"HBA" -1.79373029353154 6.35501045088591 -3.8057074270074 0.00322498141193829 0.055082682515906 -1.70287350665988
"MYH10" 3.49305266055598 1.50882721049745 3.77519299201807 0.00339424108459731 0.0557438824278096 -1.75336771162426
"IGFBP1" 1.22126566404053 0.648812462249081 3.69068286554869 0.00391293978328372 0.0618824180541537 -1.89366303496962
"IGFBP6" -1.71629903719432 1.33893448199256 -3.56669527274685 0.00482734883800099 0.0719933218284657 -2.10058766434132
"APOA2" -2.67493455531731 2.92984961441833 -3.55917493425762 0.00488947618975528 0.0719933218284657 -2.11317632977814
"FGB" 2.808651915388 4.50853166234196 3.49114409159161 0.00549046447509816 0.0781476110288972 -2.22723293896544
"IGFBP4" 1.45510596133549 0.70727253657282 3.44915244396501 0.00589899939682324 0.0795674133986405 -2.29778083137547
"COLeC11" 1.32226029240388 0.674061119339919 3.44285680074146 0.00596289749123301 0.0795674133986405 -2.30836670844795
"PPIA" 2.31060576239977 1.69247800455589 3.32981012161695 0.00723973791054899 0.0936778208425582 -2.49879526654069
"RAC2" 1.67904675473867 0.763257734923616 3.304025928145 0.00756841150989364 0.094367413370213 -2.54230802347261
"TUBB5" 2.91234835221038 3.04898017321813 3.29138974959803 0.00773503388280435 0.094367413370213 -2.56364137839267
"MTAP" 1.09736745093605 0.617837908972962 3.25441031661643 0.00824457301688139 0.0977897966168987 -2.62610269249881
"YWHAB" 1.37964242118208 1.86596588662691 3.14296909612712 0.009997748417263 0.106787566674793 -2.81453166711787
"OLFML3" 1.61879328789521 0.907161839369262 3.11505015228536 0.0104937427722888 0.106787566674793 -2.86176430732626
"ACTN4" 2.23154167364603 0.901381464650456 3.11319493345777 0.0105275762165358 0.106787566674793 -2.86490306340121
"KRT8" 3.1109116897217 2.32328615316849 3.11131898906069 0.0105619005109714 0.106787566674793 -2.86807689478243
"AOC3" 2.15334987878246 0.881833515934563 3.09214970268548 0.010919236260103 0.106787566674793 -2.90050893117424
"NAP1L4" 1.34086730435463 1.05443237814391 3.07565243782421 0.0112365937632841 0.106787566674793 -2.92842002020456
"CTSC" 1.78991235968389 0.790974136159921 3.06714001055387 0.0114039969420202 0.106787566674793 -2.94282148860435
"NMe2" -1.56391835122112 0.536652456672674 -3.06225089830657 0.0115012879672733 0.106787566674793 -2.95109279099364
"CAPN1" 1.45730688209334 1.25172616153746 3.06110598011891 0.0115241928409189 0.106787566674793 -2.9530297184135
"ARF2" -2.17503626593244 0.578493630882512 -3.04987024324606 0.0117514435484326 0.106787566674793 -2.97203736739084
"PLG" 3.56803979743972 5.19886416204139 3.0217602563523 0.0123401135064603 0.106787566674793 -3.0195857416495
"KNG1" 1.04102341139478 5.64121807585725 3.01448655707349 0.012497248746816 0.106787566674793 -3.03188756886378
"H2AJ" -2.81554689506611 1.5335651176893 -3.01415897768854 0.012504373038176 0.106787566674793 -3.03244157610422
"HMGB2" 1.43601165479043 1.8914820562858 3.01301095691561 0.0125293730237613 0.106787566674793 -3.03438311243183
"OMD" -1.23161363952907 0.475287784920511 -3.00277685082499 0.0127544868862165 0.106787566674793 -3.05169006420614
"TUBB3" 2.28742357709816 2.97026572683777 2.96168922011808 0.0137002608913406 0.109488451679534 -3.12115164214399
"GPI" 1.15507520580785 0.743203152158902 2.95653555442947 0.0138237936000887 0.109488451679534 -3.12986133263202
"HSPA8" 2.15471747432095 2.71351494027571 2.94934392970295 0.0139980596020208 0.109488451679534 -3.14201390483706
"A2M" 1.1155115915324 6.81672493265751 2.94001578047861 0.0142274080543057 0.109488451679534 -3.15777450541885
"YWHAe" 2.31295260375365 1.7629349378047 2.92065397671078 0.0147156347035305 0.109488451679534 -3.19047862541861
"CFB" 0.855017357895846 5.17575984876085 2.91478540758166 0.0148669291399974 0.109488451679534 -3.20038864620319
"HABP2" 2.58757909155705 1.66677707551178 2.91459100544175 0.0148719676754402 0.109488451679534 -3.20071690354309
"CKM" 3.85477892909038 1.94798796451312 2.87520341702916 0.0159291529845703 0.11528386990528 -3.2671931576525
"CATHL1" 1.01738173863304 0.896639538273354 2.86095346837928 0.0163300016728031 0.116215178571449 -3.29122641602641
"RAP1B" -1.45147458009466 3.30247536489936 -2.83198251413928 0.0171765002502443 0.118101230527019 -3.34005549775174
"CAT" 2.64620164896619 3.86951405485917 2.83156192860245 0.0171891085931873 0.118101230527019 -3.3407640374311
"GSN" 1.3028153038944 5.17463596655203 2.82375723898778 0.0174247717171012 0.118101230527019 -3.35391037297574
"CFAP210" -2.95114857863235 1.13893653538318 -2.81107793557191 0.0178145580720998 0.118856504637291 -3.3752599211338
"NMe1-1" -1.32678875031037 0.555702253436536 -2.75782722962031 0.0195493455128444 0.125275694775532 -3.46480998663398
"NMe1-2" -1.32678875031037 0.555702253436536 -2.75782722962031 0.0195493455128444 0.125275694775532 -3.46480998663398
"eSD" 1.59014711400139 0.741032824739296 2.75468501449308 0.0196568420373786 0.125275694775532 -3.47008789164401
"DSC1" -1.01379010298366 0.399120394613309 -2.72719983855223 0.0206226687522819 0.126174271634444 -3.51622138480179
"NOSTRIN" -2.43454062820197 0.643369721449895 -2.72548967351461 0.0206843068253186 0.126174271634444 -3.51908986426071
"TNFAIP8" -2.43454062820197 0.643369721449895 -2.72548967351461 0.0206843068253186 0.126174271634444 -3.51908986426071
"APOD" 1.67542134243423 2.64006340870884 2.7047211571479 0.0214476865236518 0.128988199233793 -3.55390534044483
"LTF" 1.76693950804179 3.46662224499435 2.67388987161248 0.0226330352277785 0.134226472809186 -3.60551844598014
"KNG2" 0.975796575526764 5.28730966303119 2.65241476373648 0.0234969858295353 0.137441273276871 -3.64141493213904
"ACTC1" 4.04240880465398 3.39617056398317 2.63019138140202 0.0244255592622878 0.140942078445904 -3.67851229579263
"SAR1A" -0.871487260162151 0.463588387070331 -2.5972320237025 0.0258701714372856 0.147287509382946 -3.73343126480045
"IGFBP5" 1.07622681928496 0.612552751060188 2.55610783967509 0.0277917894121584 0.156145974723574 -3.80177376385795
"PeBP1" 1.23252952880854 0.989592584313003 2.51987009670657 0.0296015148394175 0.164153855018588 -3.86181394474903
"CL43" 1.61457894737269 1.15014708666961 2.51008502394376 0.0301097906291309 0.164831802546653 -3.87799511332558
"LUM" -0.841527194505726 3.55830037316055 -2.50085767136278 0.0305969642789901 0.165378528444668 -3.89324138266801
"CLU" 1.03982413065195 3.78165880678675 2.48193617661272 0.031620336744868 0.166822049115997 -3.92446584518494
"KRT40" -3.09485828849988 0.808449136524372 -2.48148035630774 0.0316454004177886 0.166822049115997 -3.92521737943392
"GSTA1" -2.42427329931078 0.719135086218648 -2.46957788749702 0.0323068203818024 0.16823185735402 -3.94483026676236
"IGFBP3" 1.88460458897508 1.41855360328732 2.45392522674819 0.033197332185745 0.17078627522064 -3.97058889133008
"F2" 0.86121735032648 6.16233936367882 2.44661264517159 0.0336215681333646 0.17090963801127 -3.98260927938486
"VDAC1" -1.4407330737496 0.394917832836802 -2.39209803139473 0.0369558877900378 0.18520288171135 -4.0719356825067
"CST3" -1.42243698277126 1.57751655785258 -2.38165856527502 0.0376302850871104 0.18520288171135 -4.08898166872265
"HNRNPK" 0.846003331687576 0.554996879160843 2.37741227767931 0.0379080192329729 0.18520288171135 -4.09590943628847
"KRT20" -1.35812862047213 0.616444086072879 -2.36274128433987 0.0388830546234026 0.18520288171135 -4.11981896944012
"CRYBB1" -1.70867314332116 0.461902850229692 -2.35990990869186 0.0390740198514105 0.18520288171135 -4.1244285980094
"ARPC1B" 0.945571649334057 0.579888958572463 2.35886007686273 0.0391450586740897 0.18520288171135 -4.12613738830554
"FTL" 1.12635710040223 1.10501307336717 2.34731976761441 0.0399342859749867 0.18520288171135 -4.14490724410491
"SeRPINA3-8" -1.1955505761927 4.04312880663964 -2.34664464822152 0.0399809326598008 0.18520288171135 -4.1460044939672
"CFL1" -1.46757621927747 2.36364223420273 -2.34151740371656 0.0403369273984907 0.18520288171135 -4.15433470619284
"FN1" 2.81297436561791 2.01454844039328 2.29075883288113 0.0440313510352193 0.200014754170624 -4.23651302107187
"THBS1" 0.932773459310914 3.56414186627016 2.27149982837114 0.0455171656639201 0.202944987600493 -4.26755019673369
"PGK1" 1.94584548088544 2.57489153092758 2.25834752463632 0.0465595699430504 0.202944987600493 -4.28869865190048
"RAB11B" 1.2691012028343 1.33183829362584 2.25697819601911 0.0466694130662316 0.202944987600493 -4.29089823613765
"FABP1" 2.04093992692005 0.853731027968962 2.2559108098376 0.046755208703293 0.202944987600493 -4.29261250660509
"HSP90AB1" 3.51265194553343 3.3072440104728 2.25222281718834 0.0470528191392243 0.202944987600493 -4.298533582798
"COL1A2" -1.63898853013047 2.5047030394118 -2.2115241274209 0.0504606621561604 0.215467027406805 -4.36366369699489
"MAML2" -1.60003791602658 0.489061657053337 -2.19096191599442 0.0522714153374739 0.219132614700384 -4.39641679998662
"CHI3L1" -0.966662370943448 0.544002855586355 -2.19013531408164 0.0523454957832298 0.219132614700384 -4.39773126667905
"H2AC20" -2.16674676691291 1.6957651497276 -2.18407716412012 0.0528915099373598 0.219268686827695 -4.40735968430338
"GC" 0.669098755630829 6.49281553533094 2.17733959094793 0.0535051687125221 0.21967987538699 -4.41805693566389
"RAC1" 1.37222092983725 1.40902248895824 2.1489413228639 0.0561673742402216 0.228413988576901 -4.4630150370363
"SLC2A1" 1.97209339155293 1.57845899084011 2.12444479344572 0.0585649942752092 0.235917476938814 -4.50162263809464
"APOC3" 1.06645897851156 0.956938014931504 2.11330603057409 0.0596871777939292 0.236870127921186 -4.519123017868
"BPIFB1" -0.727942848217721 0.460308391560664 -2.11110876819483 0.0599109457037192 0.236870127921186 -4.52257107274897
"CRYZ" -3.02070653706641 0.789911198666005 -2.09211320271592 0.0618789686745267 0.242406602055256 -4.55232245783776
"CAPNS1" 1.99637018713057 1.85341022823834 2.07783716306057 0.0633982569172 0.246100506396767 -4.57461314019986
"MYH7" -3.04489063720652 0.795957223701033 -2.06545278319949 0.0647448027219874 0.248847627805595 -4.59390131884201
"eHD1" 0.809844359697365 0.54595713616329 2.06067482205664 0.065271508932615 0.248847627805595 -4.60133049754092
"HP" 2.00450310678375 1.8487185539759 2.02503846056055 0.0693295823320126 0.256220675809709 -4.65651969297687
"ARPC4" -0.720515196768128 0.539086752863226 -2.02482406239611 0.0693547018428983 0.256220675809709 -4.65685052451908
"AKR1A1" 1.01806611669099 0.756980046568206 2.01954136741991 0.0699763521144815 0.256220675809709 -4.66499747479928
"CDH5" 1.43185908355319 1.37784707351082 2.01689220235106 0.070290068676059 0.256220675809709 -4.66907965004163
"NACA" 1.13825050407067 1.22662392426242 2.00753679549844 0.0714085652536713 0.256220675809709 -4.6834775968895
"AOCX" 1.70155821873457 0.76888560092259 1.99770042272422 0.0726025953868164 0.256220675809709 -4.6985850903772
"APOC2" -2.43226635419005 1.38785434990623 -1.99064965928878 0.0734699915344684 0.256220675809709 -4.7093946677361
"MAeA" -2.31499898622781 0.613484310956354 -1.98158364013661 0.074599598012836 0.256220675809709 -4.72326959088155
"SULT1e1" 1.52750805789544 1.16506820927664 1.98058555797016 0.0747249469115072 0.256220675809709 -4.72479540790796
"COL10A1" -1.11590215939181 3.47619039587805 -1.97911275622848 0.0749102762612658 0.256220675809709 -4.72704634055414
"C3" 0.71395631887238 7.70740898894547 1.97528224711297 0.0753943049507554 0.256220675809709 -4.73289721502276
"PKP1" -1.46655468026557 0.401373234465796 -1.97078817745607 0.0759659153834528 0.256220675809709 -4.73975531107753
"HPSe" -1.32166499197695 0.36515081239364 -1.96982829573955 0.0760885294051627 0.256220675809709 -4.74121923285152
"RNPC3" -1.32166499197695 0.36515081239364 -1.96982829573955 0.0760885294051627 0.256220675809709 -4.74121923285152
"RAN" 1.81450745109077 1.04895830466732 1.96643545808985 0.0765234117101632 0.256220675809709 -4.74639115477368
"SeRPINA3-4" -0.739857852625028 5.90792193596409 -1.96085321014995 0.0772439878439903 0.256220675809709 -4.75489196390777
"SeRPINA3-1" -0.959688309079643 6.17402969191073 -1.95708777587371 0.0777336203093375 0.256220675809709 -4.76062002238575
"HSPA5" -1.49360340127331 0.40813541471773 -1.95043086096294 0.0786063431641027 0.256220675809709 -4.77073465072216
"eeF2" -1.49360340127331 0.40813541471773 -1.95043086096294 0.0786063431641027 0.256220675809709 -4.77073465072216
"KRT25" 1.9423713793672 1.67421891289424 1.91039109927271 0.0840512550241949 0.270803602005996 -4.83124133996672
"GRB14" -1.55530563195675 0.42356097238859 -1.90701364162044 0.0845262353149515 0.270803602005996 -4.83631879928537
"H3-3A" -1.57604800087408 0.428746564617923 -1.89330703526366 0.0864795080342543 0.270803602005996 -4.85688127950037
"P68432" -1.57604800087408 0.428746564617923 -1.89330703526366 0.0864795080342543 0.270803602005996 -4.85688127950037
"Q5e9F8" -1.57604800087408 0.428746564617923 -1.89330703526366 0.0864795080342543 0.270803602005996 -4.85688127950037
"XPNPeP1" -2.42923336804358 0.642042906410297 -1.88433032176013 0.0877813238953192 0.270803602005996 -4.870310103501
"CHIA" 2.20543720979907 2.38861682342321 1.88399478969362 0.0878303331676209 0.270803602005996 -4.87081145953465
"CAH2" 0.876179329166742 0.750400631438789 1.8749270001343 0.0891644384715512 0.270803602005996 -4.88434451941134
"SNRPD1" -1.46057776544003 0.399879005759411 -1.87127384358071 0.0897071865274943 0.270803602005996 -4.88978776665437
"VIM" -1.47089423763458 0.402458123808049 -1.86470588588332 0.09069066765072 0.270803602005996 -4.89956123683947
"ACAN" -1.47089423763458 0.402458123808049 -1.86470588588332 0.09069066765072 0.270803602005996 -4.89956123683947
"MIA3" -1.47089423763458 0.402458123808049 -1.86470588588332 0.09069066765072 0.270803602005996 -4.89956123683947
"ANXA1" 1.40332721113129 1.54924691845549 1.8547216587368 0.0922047719342742 0.273412761221771 -4.91438638023019
"eIF5A" -1.50580342228443 0.543835230609352 -1.83924606131777 0.094597730240466 0.276689399026798 -4.93728839487258
"SeLeNBP1" -1.66578064001473 0.451179724403086 -1.83867753431692 0.0946867190028374 0.276689399026798 -4.93812794542925
"F12" 1.27548590997328 1.00033167960419 1.83506655369177 0.0952537275338158 0.276689399026798 -4.94345732190203
"F5" 0.95313967969637 6.24315152845296 1.82018742402246 0.097623159226326 0.281452438271552 -4.96536203895085
"APOA4" 2.25897128954718 2.5369042028591 1.81395201012225 0.098632102418107 0.281452438271552 -4.97451506161886
"SeRPINF1" -0.764934748606827 4.8400555296092 -1.81248488753315 0.0988708799548777 0.281452438271552 -4.97666636139194
"PGM1" 0.724145757722228 0.524532485669506 1.80494758506255 0.100105960432754 0.283081093409179 -4.98770469509455
"AFM" 0.838851557229594 5.12455516078697 1.79390039138453 0.101941698798746 0.284237044537443 -5.00384085421166
"LYRM7" -1.59956831240205 0.434626642499916 -1.7905070644757 0.102511720980717 0.284237044537443 -5.00878714217927
"CCT6A" -1.59956831240205 0.434626642499916 -1.7905070644757 0.102511720980717 0.284237044537443 -5.00878714217927
"HPX" 0.595429777096559 5.86609039902919 1.78600194383747 0.103273002390011 0.28450046464861 -5.01534658137517
"ORM1" -0.769320234830522 4.8102881838775 -1.77508725585576 0.105138809537592 0.285932900043751 -5.03120281975358
"SFN" -1.79063627784875 0.482393633861589 -1.77362320519526 0.105391404151468 0.285932900043751 -5.03332586264554
"F13A1" -1.35110011551802 3.27773283732891 -1.7712509301652 0.105801869337032 0.285932900043751 -5.0367639941035
"PLeKHA2" -1.40024324889454 0.384795376623037 -1.74271734853914 0.110854087130469 0.286876940634608 -5.07792729232727
"TUBA3" -1.40024324889454 0.384795376623037 -1.74271734853914 0.110854087130469 0.286876940634608 -5.07792729232727
"TUBA1C" -1.40024324889454 0.384795376623037 -1.74271734853914 0.110854087130469 0.286876940634608 -5.07792729232727
"DNAJC12" -1.40024324889454 0.384795376623037 -1.74271734853914 0.110854087130469 0.286876940634608 -5.07792729232727
"SMC3" -1.40024324889454 0.384795376623037 -1.74271734853914 0.110854087130469 0.286876940634608 -5.07792729232727
"PSMD2" -1.40024324889454 0.384795376623037 -1.74271734853914 0.110854087130469 0.286876940634608 -5.07792729232727
"AMDHD1" -1.40024324889454 0.384795376623037 -1.74271734853914 0.110854087130469 0.286876940634608 -5.07792729232727
"RAB1B" -1.87119949417273 1.97598120810845 -1.73556281959771 0.112154730158408 0.288494396250845 -5.08819275045036
"THBS4" -0.896544261496646 2.53956007255448 -1.72794249723276 0.11355522862641 0.288551370943818 -5.09910153471217
"ACTG2" -1.73802165540646 0.469239978251018 -1.72444026965784 0.114204172574954 0.288551370943818 -5.10410640249289
"ACTA2" -1.73802165540646 0.469239978251018 -1.72444026965784 0.114204172574954 0.288551370943818 -5.10410640249289
"CMPK1" -1.75190214084646 0.472710099611018 -1.71848529443111 0.115315293099258 0.289567303199622 -5.11260371559159
"TTR" -0.916446234423497 4.92942843131743 -1.71504019861025 0.115962549993291 0.289567303199622 -5.11751230239497
"TAGLN2" -1.39241938962771 2.39193528895552 -1.69458058935274 0.119874383087114 0.296741996801613 -5.14655167104285
"SeRPINA3-5" 2.84623760243392 4.65151762801419 1.69277276730909 0.120225680202996 0.296741996801613 -5.14910834181783
"ascc3" -1.84077426680708 0.494928131101173 -1.68286034444984 0.122168358142047 0.299803959348587 -5.16309973280351
"SeRPINA3-2" -0.926213654183618 6.29324212475739 -1.66978012232165 0.124774956666901 0.301576026373914 -5.18149193003816
"PABPC1" -0.949479322679087 0.39819421468868 -1.66085447887577 0.126582108663658 0.301576026373914 -5.1939957800594
"CTSL" 1.42831672823105 1.67243024294141 1.64664240647393 0.129507885501658 0.301576026373914 -5.2138264471058
"CTSV" 1.42831672823105 1.67243024294141 1.64664240647393 0.129507885501658 0.301576026373914 -5.2138264471058
"HP20" 1.00877401312083 1.61578220240543 1.64565155420417 0.129714099658484 0.301576026373914 -5.2152053798258
"COL1A1" 1.83472530687665 2.45948134185914 1.64435525817772 0.129984324005253 0.301576026373914 -5.21700866660498
"VCP" 1.82117320271545 1.88433603030458 1.64128002884922 0.130627390068513 0.301576026373914 -5.221283366326
"ADIPOQ" -1.0759014982224 3.62619020801899 -1.63798837305861 0.131318851369753 0.301576026373914 -5.2258537912845
"AFP" 0.623648651599246 7.01239407037668 1.63718601536513 0.131487891645221 0.301576026373914 -5.22696705155128
"eBD" -1.33295363750485 0.367972973775614 -1.6310915455707 0.132778203649405 0.301576026373914 -5.23541272463532
"SLC15A4" -1.33295363750485 0.367972973775614 -1.6310915455707 0.132778203649405 0.301576026373914 -5.23541272463532
"CDC23" -1.33295363750485 0.367972973775614 -1.6310915455707 0.132778203649405 0.301576026373914 -5.23541272463532
"SNX11" -1.33295363750485 0.367972973775614 -1.6310915455707 0.132778203649405 0.301576026373914 -5.23541272463532
"SCARB1" -1.33295363750485 0.367972973775614 -1.6310915455707 0.132778203649405 0.301576026373914 -5.23541272463532
"ITIH3" 2.22969424406847 4.16871435066649 1.61378603633492 0.136503632690171 0.307136666260803 -5.25929437464852
"CHAD" -1.3349018528468 0.932039286335565 -1.61304582915814 0.136665027141809 0.307136666260803 -5.26031253168883
"TUBB4B" 2.62313681004992 2.50340259588837 1.60207773886571 0.139076383735825 0.310919454739253 -5.2753668510819
"GPATCH1" -1.46057776544003 0.399879005759411 -1.58255542944058 0.143461542740986 0.317399371763736 -5.30201102353757
"HeXA" -1.46057776544003 0.399879005759411 -1.58255542944058 0.143461542740986 0.317399371763736 -5.30201102353757
"KRT27" 1.6446405547461 1.59978620673897 1.57552292916245 0.145070800827896 0.319305319347998 -5.31156099838801
"ACO1" 0.756226569641044 0.53255268864921 1.56306776259411 0.147959912659216 0.323994270284539 -5.32841164825833
"KRT74" -1.50988755220832 0.805729347189191 -1.55028241627006 0.150977992653573 0.328916341138142 -5.34562415833613
"S100A12" 0.642541346303753 0.504131382814887 1.54454233016848 0.152350420806723 0.330221470479546 -5.35332363361013
"SPZ1" -1.99905842027372 0.534499169467833 -1.53359230316403 0.154998777283458 0.334265039899174 -5.36796253322461
"HSP90B1" 1.19615411723523 1.21478216703589 1.52354679956127 0.157463584847289 0.337038627020496 -5.38133525598264
"eIF4A1" -1.01077387045182 0.437532434976122 -1.52192973909842 0.157863525536532 0.337038627020496 -5.38348278517337
"ACTN1" 1.1261727104956 0.625039223862849 1.51621632012086 0.159283683977212 0.337588493414488 -5.39105902120743
"UGDH" -1.19527814416235 0.466203911078831 -1.51300789913307 0.160086043453738 0.337588493414488 -5.39530567891528
"KRT17" 2.71817599733024 2.67216397339243 1.511386358781 0.160492890311806 0.337588493414488 -5.39744979246024
"ARF1" -1.23621005227632 2.87482770398709 -1.50283056258101 0.162654437429003 0.340458062657766 -5.40873882946153
"ATP6V1D" 0.53177310907307 0.476439323507216 1.45944588560024 0.174006802453423 0.361173985230428 -5.46535143299257
"KRT81" -3.06166899328409 0.800151812720424 -1.45856870587784 0.174243187254024 0.361173985230428 -5.46648501085793
"APRT" 0.522017712258301 0.474000474303524 1.44715407214111 0.17734441643704 0.365137054033539 -5.48119554141135
"ITIH4" 1.31690891863451 4.82000702427043 1.44525344519041 0.17786535653156 0.365137054033539 -5.48363761213742
"C9" -0.827389708227696 3.33848214867488 -1.4353979206086 0.180587662967609 0.368951828168274 -5.49626687671808
"KRT83" -3.31429840578906 0.863309165846668 -1.42945929196955 0.182245141252875 0.370565120547513 -5.50384932126414
"HSP90AA1" 0.958477422578029 5.11108827023986 1.42451229313614 0.183635730927741 0.371623019460405 -5.51014974177163
"SeRPINC1" 0.453421517035316 5.93004310799188 1.41626669359082 0.185973606834236 0.374578915651976 -5.52061889792305
"HBB" -0.580822379937547 6.12256865805915 -1.38813118857585 0.194141756910695 0.389109342745643 -5.5560340714626
"TBA1B " 0.806731875654766 4.46456158305168 1.38243879827779 0.195830660003068 0.389109342745643 -5.56314077054916
"ATIC" 0.996286907914928 0.592567773217681 1.38213357689267 0.195921566019469 0.389109342745643 -5.56352126458321
"F11R" -0.651743661162273 0.591362997760567 -1.37329108654416 0.198570634795498 0.391484723699088 -5.57451955181454
"GSTT1" -1.38864888725912 0.706120175485974 -1.37202875392905 0.198951253027405 0.391484723699088 -5.57608570205285
"CDC42" -0.943123989057867 0.45978606312341 -1.36097031285561 0.202311834096531 0.396271344767059 -5.5897633743225
"ARPC2" -0.943123989057866 0.45978606312341 -1.3435086964342 0.207714937237418 0.404996704111313 -5.61120496753774
"PRDX6" 0.699578980230558 1.10252678953559 1.32943139156318 0.212157912599853 0.411779221273351 -5.62835035137447
"ARF4" 1.31330205218182 2.35750976334701 1.32547273005971 0.213421439067278 0.412357260098315 -5.63314897675375
"FeRMT3" 1.51207817863381 2.41521703554718 1.30388605309463 0.220421579641497 0.422379162778983 -5.65913804735153
"TIMP3" -0.681145256816999 0.511173887906619 -1.30338350542901 0.220586775877548 0.422379162778983 -5.65973947862262
"YWHAZ" -0.668133840306712 3.19842278451098 -1.29794986239575 0.222379429257227 0.423910787021588 -5.66623171910152
"ITIH1" 1.63233942164683 2.8397505992761 1.29252603890426 0.224180776220446 0.425049354818656 -5.67269290800499
"RHOA" -0.5232492875461 0.400543477260578 -1.29016823176842 0.224967574213153 0.425049354818656 -5.6754956324221
"KRT35" -2.3679123761216 0.814572411337956 -1.27780164161753 0.229131464452309 0.430767962743132 -5.69013555621597
"HSPA2" -1.26014646721921 0.675856036351536 -1.27521027211322 0.230011933267996 0.430767962743132 -5.69319041571652
"ILK" 1.22065933411023 1.15233167107786 1.26572105136387 0.233259694458064 0.434942749054992 -5.70433855303802
"LeCT2" -0.792286295206016 0.446091223004707 -1.26214664377052 0.234492713280598 0.43534081987311 -5.70852217481298
"eeF1A2" -1.76301968087549 1.30738099274185 -1.25753817575958 0.236090260495431 0.436059699432675 -5.7139033917833
"HBe4" 1.12937832985164 0.625840628701859 1.25514782013421 0.236922365968104 0.436059699432675 -5.71668891042754
"KRT19" 1.82512879483902 2.75817499136611 1.25155486595058 0.238177585525068 0.436476100522229 -5.7208685538552
"PROS1" 0.578641371111758 6.16477537271403 1.24763488773853 0.239553199825692 0.436476100522229 -5.72541862075626
"ANXA6" -0.5666722998878 0.389687724175153 -1.24575498116665 0.240215184128159 0.436476100522229 -5.72759698876731
"LBP" 0.914299481777512 1.06059742015874 1.23920281456892 0.242534024752717 0.438822154955128 -5.73517054504472
"TUBA4A" 0.767432338981879 4.47774431843289 1.23349294764276 0.244569489541385 0.440637856684267 -5.74174651914679
"KLKB1" 1.22128302427325 2.80290839902347 1.22424794297398 0.247894351352181 0.444751630367148 -5.75234626467789
"RAB6B" -0.50606623928174 0.404839239326668 -1.22042238950826 0.249280760931746 0.445357947702747 -5.75671511453396
"PDIA4" 1.17529158605387 0.825178695660571 1.21757068941822 0.250318284423089 0.445357947702747 -5.75996519702806
"SePTIN2" 0.49197066385035 0.654348465109691 1.21248868459663 0.252175836658826 0.446801171175597 -5.76574312362374
"C4BPA" 1.25611662175109 2.30481814479615 1.1676729392954 0.269037333415615 0.474706369291188 -5.81590784802588
"RPS27A" 0.964374504248206 1.23198627921839 1.12805261004803 0.284673873201702 0.498287421098842 -5.85905376419167
"JUP" -1.97525025127745 2.33067620825151 -1.12628485597374 0.285387705775213 0.498287421098842 -5.86095199244738
"CBR1" 0.548853792705334 0.480709494415282 1.12501184353531 0.28590261866327 0.498287421098842 -5.86231753047359
"PDe12" -1.08485825962372 0.493808882213488 -1.10694840727323 0.293286871600233 0.509079244606908 -5.88156398553106
"MFAP4" 0.527133487429136 1.33666554632046 1.09935993043253 0.296432564491723 0.512456295700267 -5.88957664826636
"TALDO1" -1.60698102052748 0.724562448865416 -1.09053313391786 0.300124144671778 0.51674600715665 -5.89884226016121
"PSMB3" -0.759229470405424 0.454355429204855 -1.04162655135605 0.321217182393929 0.550842316796014 -5.94910166425113
"ANP32A" -0.616626525948348 0.488137472128007 -1.0345838207762 0.324344431712769 0.55398028936541 -5.9561866697858
"ARF3" 0.729160907390411 2.87918901252281 1.00406879955344 0.338157352803524 0.573394012794464 -5.98643340104962
"USO1" 1.35001705792268 1.62915416345594 1.00354876384409 0.338396466567225 0.573394012794464 -5.9869424589872
"KRT71" 1.19790400101092 1.69193509710301 0.989816830882346 0.344755616396034 0.579304632087748 -6.00030616004581
"HP251" 0.587578279903238 0.490390616214758 0.988139069746041 0.345538547048526 0.579304632087748 -6.00192854779401
"ANXA3" -0.382526372704442 0.397968856026604 -0.987248297264946 0.345954756867391 0.579304632087748 -6.00278899918128
"LYSM" -0.735650042219831 1.46591368537073 -0.979874435946461 0.349414261555092 0.58281206907822 -6.00988726284855
"PSMA7" -0.4534309182464 0.417998069585503 -0.965448674372804 0.356255044102169 0.591910131640569 -6.02364638260114
"KRT72" -1.1723078548119 1.2088714074053 -0.954567673700189 0.361478728688302 0.598261306782578 -6.03391223842816
"LOX" 0.368174815377973 0.435539750083442 0.951225413003243 0.363094294128585 0.598614917347127 -6.03704605503764
"RNASe4" -0.497778661949103 1.5844410704628 -0.940229382127445 0.368446118684835 0.605101894917017 -6.0472913522716
"GPLD1" -0.337861791239823 0.605857822493658 -0.936308383108736 0.370368078557255 0.60575608517423 -6.05092047559661
"MSN" 1.01316788492505 1.2639300696528 0.933526106578674 0.371736204342405 0.60575608517423 -6.05348790789145
"K2C4" -1.09717656514849 0.655758562036653 -0.930759177790931 0.373100352226751 0.60575608517423 -6.05603479945696
"BLVRB" -0.419820277153979 3.35531171733281 -0.926900377585007 0.375008756912065 0.606548254550954 -6.05957609378303
"HRG" 0.819765490156735 1.96367273588324 0.92031948116827 0.378279372230896 0.609529403556953 -6.065586852166
"CLIC1" 0.76864027194954 1.16649045744082 0.915962233482083 0.380455946456149 0.610731914048029 -6.06954667684297
"PSMA1" 0.568620568229949 0.485651188296436 0.910041573950978 0.383427640808311 0.613197013577337 -6.07490179036422
"SeRPINA6" 0.824694665678989 1.26326511265867 0.906582619457401 0.38517130122522 0.613687110534213 -6.07801670099393
"CAPN2" 0.649291185237332 0.857889856697209 0.901881356796917 0.387550129264114 0.615181803701772 -6.08223418300173
"BPT2" -0.6102551659062 0.800670879449937 -0.894992562528985 0.391054403993364 0.618445298167284 -6.08838034618168
"eeF1A1" -0.554750792171854 2.9817900909438 -0.880966911244287 0.398257307838655 0.62751243707419 -6.10076946506611
"KRT10" 2.03630514392034 3.40303086313449 0.847690282014504 0.415711863878567 0.652606492191721 -6.1294888836088
"CTNNB1" -0.966646885836567 1.10159240727331 -0.837893171786841 0.420948444337977 0.657580476967578 -6.13776172887437
"KRT5" 1.17750921277926 4.91797067237994 0.834089960739973 0.42299321867867 0.657580476967578 -6.14095067461049
"eNO1" 0.389087312468573 4.21357154108241 0.833148710296743 0.423500307180524 0.657580476967578 -6.14173795006358
"COMP" 0.698720425826582 1.00670265617101 0.828238253846518 0.426152390166651 0.659300980438986 -6.145832550345
"YWHAQ" 0.765186125973301 1.74892543870474 0.818574367024662 0.431404199602979 0.665016582059466 -6.15382901604537
"HBe2" 0.753658824035332 0.531910752247782 0.808039016330498 0.437178544229584 0.670308218428995 -6.16245283446005
"CD14" 0.408776330616901 0.445690128893174 0.806590292983794 0.437976564266252 0.670308218428995 -6.16363102711305
"SPP2" -0.52347120824255 3.4849997067358 -0.801709512397519 0.440672193465922 0.671956764617302 -6.16758669167876
"ARFIP2" 0.481279904000114 0.463816022238977 0.798950056139703 0.442201055872276 0.671956764617302 -6.16981375579141
"VNN1" 0.40127237479224 3.89893410575294 0.791226476563141 0.44649878511961 0.676081493780403 -6.17601117401532
"RPL7" -0.459268647881018 0.416538637176849 -0.770307114080098 0.458275833624418 0.688012907142347 -6.19252904533294
"MYLK" 0.485891406951812 0.464968897976902 0.769274944419094 0.458862067464386 0.688012907142347 -6.19333386855086
"GAPDH" 0.319376161052265 4.01546387994701 0.767936406112171 0.459623026533738 0.688012907142347 -6.19437614937215
"C1S" 0.406380882646515 0.445091266900577 0.763244617967187 0.462296715766267 0.688012907142347 -6.19801674436431
"KRT73" 0.875857007398163 2.98075790550278 0.763002598109165 0.462434904800594 0.688012907142347 -6.19820400058462
"PROZ" -0.340787715572838 3.245792045934 -0.759420129646538 0.464483527730324 0.688661341461279 -6.20096964258978
"SeRPINA1" -0.302871969832306 7.33017595081601 -0.75036967627886 0.469684802034702 0.692939367998086 -6.20790474142303
"SeRPINA7" -0.390109575869594 4.32391101055686 -0.746490742678892 0.471925309012731 0.692939367998086 -6.21085428193421
"CD9" 0.7125497610359 1.27244889347086 0.745951410188114 0.472237367886283 0.692939367998086 -6.21126330610424
"SeRPINF2" 0.337318235253837 5.35831819392891 0.740919949878158 0.475154872227277 0.693536851186023 -6.21506634327673
"BCL2L14" 0.711491302491582 0.521368871861844 0.739650140917862 0.475892968144039 0.693536851186023 -6.21602248130799
"PGLYRP1" 0.659749856143539 1.56040861488942 0.69471911575598 0.502471531283098 0.728495846246951 -6.24890092356009
"CD44" 0.34019953044012 0.428545928848979 0.691260720135224 0.504554221698885 0.728495846246951 -6.25135420402871
"A1BG" 0.255885626279349 5.09463027094381 0.690326528056478 0.505117700937562 0.728495846246951 -6.25201498034556
"eeF1D" -0.320135654854334 0.413566535489131 -0.687697436492455 0.506705541768957 0.728495846246951 -6.25387023240481
"SeRPINA3-6" -0.311548560324105 5.53073277414851 -0.67143018292092 0.516596963521181 0.740224508132699 -6.26520575514065
"CSRP1" -0.384659382640545 0.689503602662081 -0.66203402961934 0.522362456527522 0.745982504806863 -6.27164015599832
"F12AI" -0.326270559984724 4.72017590150507 -0.649005138268322 0.530419576218435 0.751498092417892 -6.28042446039973
"RGN" 0.523021002692886 1.72440413338983 0.64524998385776 0.532755193863714 0.751498092417892 -6.2829264331318
"IGFBP2" 0.603427374860029 2.93082251674727 0.644448270005359 0.533254615252355 0.751498092417892 -6.28345886436468
"PTPDC1" 0.545242331612635 0.479806629142107 0.644415661446137 0.533274934259063 0.751498092417892 -6.28348050733305
"HNRNPA2B1" 0.318768674356115 0.573292617791743 0.636991178476452 0.537912964908634 0.751498092417892 -6.28838199507719
"AHSG" -0.195510429408404 7.92399558400718 -0.636427093779806 0.53826629525833 0.751498092417892 -6.28875224973428
"CSN1S1" -0.54561335715329 1.40921461042602 -0.635983414363688 0.538544300421253 0.751498092417892 -6.28904325983317
"HGS" 0.433265191942754 0.562750648692627 0.628321389787848 0.543358284291679 0.753711248993929 -6.29403920772395
"TUBB6" 0.92958347996253 1.12066458309776 0.627841563509517 0.543660573044801 0.753711248993929 -6.29435021062832
"MMP2" 0.485891406951812 0.464968897976902 0.612373410567806 0.553456774668599 0.764809199946576 -6.30425802158637
"MYL9" 0.298008093386218 0.417998069585503 0.601080468872175 0.560671146797129 0.76718073449167 -6.3113464684562
"MYL12B" 0.298008093386218 0.417998069585503 0.601080468872175 0.560671146797129 0.76718073449167 -6.3113464684562
"MGP" -0.416566789389708 0.540021099458785 -0.599612915420023 0.561612511461203 0.76718073449167 -6.31225861819377
"PTGR1" -0.56468660000016 1.08470721320811 -0.598352099916045 0.562421965049659 0.76718073449167 -6.31304061212996
"KRT28" 0.992622625332077 1.14543589060528 0.595654025027555 0.564156324661322 0.76718073449167 -6.31470888104807
"C1QB" 0.598507268607001 1.52003506182875 0.590761591362376 0.567308786005575 0.769018576585335 -6.31771602282748
"LDHB" -0.385134768156464 2.84148230058972 -0.58395339797007 0.571711771225029 0.77253457694015 -6.32186214395708
"APOC4" 0.385102517796406 1.16049840548255 0.574689607098554 0.577732716117967 0.77435235726856 -6.32743148366329
"H1-3" -0.35024394972829 0.576347254639334 -0.570454617574316 0.580496616996726 0.77435235726856 -6.32994974400663
"H1-2" -0.35024394972829 0.576347254639334 -0.570454617574316 0.580496616996726 0.77435235726856 -6.32994974400663
"ANP32B" 0.346743959293969 0.541120340530431 0.567471826299684 0.58244755717894 0.77435235726856 -6.33171292142375
"MAP10" 0.35401710567174 0.432000322656884 0.565155467042602 0.583965032219216 0.77435235726856 -6.33307617506628
"F9" -0.226310140418056 4.81279679801799 -0.564753715663433 0.584228439715114 0.77435235726856 -6.33331208621139
"ANXA5" 0.451127011201239 2.36293676180519 0.562432910173286 0.585751314748817 0.77435235726856 -6.33467179463493
"APOe" 0.174747810781471 4.85994025296833 0.55924464284274 0.587846853664398 0.774724094181167 -6.33653115013586
"UTP15" 0.900637360850068 2.65599107042824 0.546095378986539 0.596531318289695 0.783214817410627 -6.34409447898213
"GAPDHS" 0.475030382346066 0.754321640944968 0.543944997259777 0.597957916805303 0.783214817410627 -6.34531522225847
"TGFBI" -0.542332317144808 2.85148189879729 -0.541129207547414 0.599828648232843 0.783262485612917 -6.34690683743129
"UBA52" -0.568644480574708 0.911303654524378 -0.534476056966281 0.604260879814872 0.786644499027287 -6.35063651257112
"UBC" -0.398840653004218 0.544452633555157 -0.519889284147904 0.614037145382876 0.791794942464526 -6.35866086563801
"LGALS3BP" -0.613131583765697 0.933071220314681 -0.517519143729902 0.615633197995171 0.791794942464526 -6.35994483589808
"YWHAG" 0.571073044154891 0.832994163627799 0.517371890716432 0.615732427319231 0.791794942464526 -6.36002442330148
"GSTM1" 0.184766711744817 0.389687724175153 0.514767477497417 0.61748879587983 0.791794942464526 -6.36142850683998
"PNP" 0.184766711744817 0.389687724175153 0.514767477497417 0.61748879587983 0.791794942464526 -6.36142850683998
"RAB13" 0.353659646953403 0.723978957096803 0.503692620532384 0.624985502966762 0.798213945656305 -6.36732397182978
"B2M" -0.350385437183312 0.556566437510383 -0.50185551099057 0.626233423407171 0.798213945656305 -6.36829012861049
"PRDX2" -0.556823644467216 1.13408948474323 -0.496142803684792 0.63012183657995 0.80077983398702 -6.37127303079786
"B4GALT1" 0.258423944250011 1.00666728430726 0.485589949153838 0.637335760206804 0.807544123466782 -6.37669760751759
"ANXA2" -0.527972483753531 2.15931965448994 -0.481805598926463 0.639932450311743 0.807728451919641 -6.37861579462556
"KRT80" 0.362720718846561 1.83083533134938 0.477521935781566 0.64287788197481 0.807728451919641 -6.38076976748767
"TF" 0.143472233116547 7.95224413921759 0.474345986153429 0.645065832837632 0.807728451919641 -6.38235487038344
"CFH" 0.422634752748512 2.73311449355811 0.471348389496884 0.64713416150781 0.807728451919641 -6.38384167432598
"RDX" -0.359097911894754 0.600451424615388 -0.469351057693706 0.648514055222642 0.807728451919641 -6.38482733955373
"H4" -0.523915089657508 1.19454312149962 -0.463202072964428 0.652770899281793 0.807728451919641 -6.38783663397687
"GSTP1" 0.37902138535256 0.784981248927217 0.46149302069474 0.653956370581698 0.807728451919641 -6.38866628359287
"LDHA" 0.376885234166864 1.86723077393249 0.455665231772948 0.658006311401432 0.807728451919641 -6.39147322897635
"eNO3" 0.628808935087033 0.99290281061463 0.45566340882183 0.658007580052602 0.807728451919641 -6.39147410164207
"CHCT1" 0.236518810184415 0.402625748785052 0.453711374586498 0.659366713640081 0.807728451919641 -6.39240663728755
"ACAP1" 0.236518810184415 0.402625748785052 0.453711374586498 0.659366713640081 0.807728451919641 -6.39240663728755
"GDF6" -0.554194297542785 0.918542871853225 -0.452542951191191 0.660180865854695 0.807728451919641 -6.39296298310649
"RBP4" -0.366065544508642 3.17122371336146 -0.446981382156875 0.664062473151761 0.809640228066737 -6.39559223260359
"SeRPINA3-7" -0.22795609145891 5.25226519355215 -0.443178182009885 0.666722844397369 0.809640228066737 -6.39737220990749
"GDI1" -0.388558837768134 0.750027128108268 -0.440265123367734 0.668763821428652 0.809640228066737 -6.39872568514159
"TGM2" 0.404188163528736 0.444543087121133 0.438335415237422 0.670117386381053 0.809640228066737 -6.39961754178178
"SePTIN8" 0.189721218783693 0.390926350934872 0.436759101793559 0.671223982987412 0.809640228066737 -6.4003432700137
"eZR" 0.564339205917745 1.28510719615767 0.430046973981306 0.675945158544388 0.813038261122405 -6.40340530189267
"S100A9" 0.358453192781252 1.23061035431542 0.424924951068337 0.679557785191528 0.813668144783607 -6.40571117290259
"PPIe" 0.265929511865421 0.785697930021613 0.422322798754327 0.681396369889069 0.813668144783607 -6.40687241576687
"CLeC3B" -0.261664723994592 3.039908264367 -0.421206929042537 0.682185470333797 0.813668144783607 -6.40736827669978
"ASPN" 0.361468672631484 0.43386321439682 0.407526325231229 0.691892121048395 0.822946896065918 -6.41334446315672
"DDBX" 0.26973991756974 2.5284027046102 0.402202704984759 0.695685246751567 0.825160001008109 -6.41561840800562
"TUBA8" 0.58748664343348 1.12248409212218 0.386135851928586 0.707185857768892 0.836477455034119 -6.42230545036862
"C1QA" 0.367054020237832 1.65284025768012 0.379909061153381 0.711663923969956 0.838113734216817 -6.42482588937927
"ANG1" 0.136737545056298 0.377680432503023 0.378755458632071 0.712494813865819 0.838113734216817 -6.4252884648669
"CATHL4" -0.247331534074874 1.03247856969317 -0.372992707803492 0.716651334004744 0.840687141813258 -6.42757874515802
"KRT75" 0.432634288935856 4.09933352474936 0.368650745795604 0.719789475044896 0.842055084504576 -6.42928179298097
"AMBP" 0.175478163335281 3.89753442117917 0.361283991357598 0.725126193308961 0.845980558860455 -6.4321268255084
"SeRPINA5" 0.159218102033378 4.89883954726343 0.331339131905903 0.746974968804865 0.869096217110837 -6.44311429705307
"C4" -0.169020477883358 5.27620105236723 -0.328227543637156 0.749259161965077 0.86938495151926 -6.44420272803597
"ACTB" 0.129825041400395 5.17958981381159 0.313549898205626 0.760067710634154 0.877159222812929 -6.44920127275781
"ACTG1" 0.129825041400395 5.17958981381159 0.313549898205626 0.760067710634154 0.877159222812929 -6.44920127275781
"PFN1" -0.136604978679105 2.95488336709145 -0.308379168937843 0.763888424441343 0.879192337564565 -6.4509087808811
"UBB" 0.249959475148979 0.706652665593456 0.295669796729303 0.773307478913804 0.887313073464541 -6.4549872486873
"KRT222" 0.136737545056298 0.377680432503023 0.291690667334289 0.776264449793071 0.887313073464541 -6.45622948923751
"RHOB" -0.115442094182713 0.464739925657036 -0.286805192694162 0.779900046201227 0.887313073464541 -6.4577320407665
"GIMD1" 0.239125791181177 0.403277494034243 0.286247782913998 0.78031520472101 0.887313073464541 -6.45790188796478
"CORO1A" -0.253182550710573 1.0930879520495 -0.277990448045623 0.786473635503081 0.887313073464541 -6.46037986337866
" K2CB" 0.222860200820654 0.399211096444112 0.277509677593293 0.786832679001087 0.887313073464541 -6.4605219394605
"TUBB4A" -0.41729426836178 1.17195561474063 -0.276496617755817 0.787589411338229 0.887313073464541 -6.4608205233746
"P02070" 0.415082608987821 4.27335271645977 0.274496938476032 0.789083802064038 0.887313073464541 -6.46140674083336
"H2BC12" 0.201554899844108 1.01978474290524 0.263693011513666 0.797173037630599 0.887313073464541 -6.46450142148629
"P62808" 0.201554899844108 1.01978474290524 0.263693011513666 0.797173037630599 0.887313073464541 -6.46450142148629
"GGH" -0.231938139972121 1.1412533167062 -0.263537711297928 0.797289501213805 0.887313073464541 -6.46454501245277
"CDH1" 0.19699895297057 1.22800214430714 0.262668984283653 0.797941077357629 0.887313073464541 -6.46478838683709
"GALK1" 0.241124964531234 1.26499983681606 0.262645943263545 0.79795836114844 0.887313073464541 -6.46479483100093
"PTGeS3" -0.18298205450077 0.89631578461956 -0.255574287172905 0.803268370213539 0.890897646964107 -6.4667462865863
"YWHAH" -0.238119758337362 1.00969491056355 -0.25262845443302 0.80548345838514 0.891039991529675 -6.46754368955308
"COL2A1" -0.145939859914817 0.494870834168399 -0.238518847219552 0.816117605768689 0.900470846675013 -6.47123634193605
"HA1B" -0.127592938967868 0.620669685617257 -0.232962198930516 0.82031639531977 0.901821246473413 -6.47263300538776
"CSN2" 0.196092578825841 0.843290344476437 0.229240081298753 0.823132277582418 0.901821246473413 -6.47355034266278
"ANXA11" -0.153367511364409 0.839743777656129 -0.228519811533544 0.823677485069394 0.901821246473413 -6.47372616877069
"PROC" -0.126753230955615 4.7478311913348 -0.221494069063682 0.829000704306048 0.904063341262481 -6.47541249968732
"MBL" 0.15261132159253 0.99138750132462 0.220229519217513 0.829959788699983 0.904063341262481 -6.47571048187872
"OGN" 0.19003087220622 0.743074778439432 0.216248664481534 0.832980921489115 0.905045428691735 -6.47663750692156
"OSTF1" -0.197963502414978 0.685365313242926 -0.20741505403996 0.839694956752241 0.910024737393926 -6.47863473964414
"ACTA1" -0.465767193751349 2.26912656438184 -0.196184674556604 0.848250008420211 0.916968996444127 -6.48105460119082
"SPP1" 0.114414360350269 0.372099636326516 0.189146481853234 0.853622123550623 0.918127573692987 -6.48250302178442
"P31098" 0.114414360350269 0.372099636326516 0.189146481853234 0.853622123550623 0.918127573692987 -6.48250302178442
"FeTUB" 0.094293982916863 5.43470251133555 0.185660281391836 0.856285985183855 0.918678682596749 -6.4832010046177
"MRPS24" 0.152743743723315 0.569541735077932 0.174668595388361 0.864697087296086 0.925377584650197 -6.48531722316192
"CTSD" -0.146646559134048 1.05853662729871 -0.167432053136233 0.870244375428681 0.927365442008544 -6.48664040406454
"ARG1" -0.152968555516958 1.23561033564881 -0.165376445617753 0.871821488882695 0.927365442008544 -6.48700611348409
"GFAP" -0.225454839326836 2.49088314735574 -0.163749626106032 0.873070041422564 0.927365442008544 -6.48729235273395
"IGF2" -0.0946959678439754 0.890394580469718 -0.159506994192335 0.876327881845427 0.928516142799 -6.48802560082769
"DSG1" -0.192404888454745 1.79208455424942 -0.149185526682261 0.884263497481703 0.933220697368223 -6.48972945668709
"SLC2A3" -0.0831928093754593 1.0823529794274 -0.147040858368344 0.885914124916747 0.933220697368223 -6.49006926235996
"APOH" 0.0604138227624675 4.79199003580177 0.144986010161449 0.887496157371002 0.933220697368223 -6.4903902406393
"F10" 0.0744668866159817 5.15532292388228 0.138594865229743 0.892419979421455 0.933220697368223 -6.49135981278124
"CAP1" 0.177283736821162 1.8262944636633 0.137242296326899 0.893462635677239 0.933220697368223 -6.49155942324199
"GSTA2" 0.145510608469621 0.934895426186002 0.135117720503666 0.89510083662509 0.933220697368223 -6.49186902755813
"AGT" 0.0453627119835893 6.11889226085239 0.133865394523147 0.896066711758715 0.933220697368223 -6.49204926845994
"MST1" 0.13173960252351 1.90001014243331 0.109650563406161 0.914775652177131 0.950387356398138 -6.49520538317649
"GPX3" -0.0785801803946747 0.511710754048434 -0.102716676924461 0.920143484606795 0.953643854191994 -6.49599381723653
"RAB8B" -0.066919175756598 0.618834251419302 -0.0899302607951085 0.930052799892343 0.961580013448015 -6.4973129729648
"KRT79" 0.160413963017701 3.02599141000057 0.0843604803058644 0.934373319764667 0.963713544781432 -6.49783293402138
"PHGDH" -0.03483148820952 0.493755645343079 -0.0760504999342107 0.94082352387782 0.968028059508022 -6.49854700551093
"FMOD" -0.0529981283585542 0.630913264716573 -0.0700264747903514 0.945502191343317 0.970503451210568 -6.49901844221546
"HP252" 0.0314760090118995 0.621270824116424 0.0588658722894163 0.954175851094756 0.977057765989115 -6.49978920214628
"KRT78" 0.0670683374276775 1.26176963906163 0.0545468925343564 0.9575341638212 0.978150928114001 -6.50005167756756
"TUBA1D" 0.116898898851914 2.33720703633656 0.0488870465016361 0.961936397168082 0.979647222978558 -6.50036539321403
"CPN1" 0.0320880346257102 4.05252449055689 0.0441573582458618 0.965616183516338 0.979647222978558 -6.50060123088553
"TRAP1" -0.0311135533760032 0.711437163711257 -0.0438161440505613 0.965881688229445 0.979647222978558 -6.50061731804669
"RAB8A" -0.0126023780520672 1.11747851921654 -0.0172192229476816 0.986587933142322 0.996529212096753 -6.50148737700085
"SePTIN7" 0.0164794398901122 0.834597337592445 0.0164409826835205 0.987194043833552 0.996529212096753 -6.50150141811117
"RPLP0" 0.0111208585234184 1.37152714985335 0.0121568479108093 0.990530763930794 0.997539236317096 -6.50156708861994
"APOA1" -0.00326082548029039 6.47497209857035 -0.00675296006347247 0.994739872757672 0.999421001570649 -6.50162186236208
"TUBB2B" 0.00263582151214203 1.36573439339964 0.00124468359443877 0.999030462683131 0.99999999999999 -6.50164547583533
"ALB" -3.5527136788005e-15 9.67797934023327 -1.26855309582811e-14 0.99999999999999 0.99999999999999 -6.50164630626144
