"logFC" "AveExpr" "t" "P.Value" "adj.P.Val" "B"
"SeRPINA3-3" -6.24171093816167 1.63432839743559 -25.1427569255659 1.20440270397505e-10 5.14279954597347e-08 13.7948704923458
"APCS" 2.77283344301881 2.1393585301351 9.78032199566761 1.44850541759091e-06 0.000216995401358199 5.83040336135611
"IGFBP6" -3.30988495980036 1.33893448199256 -9.72749339524542 1.52455785497563e-06 0.000216995401358199 5.78022143453398
"F7" 2.01929990333492 2.39568587803144 8.89629574035129 3.51858862031219e-06 0.000375609335218327 4.9542678063739
"CST3" -3.18049108990068 1.57751655785258 -7.53105201121927 1.60281152995087e-05 0.00136880104657805 3.43353552908428
"RNASe4" -2.6879671578069 1.5844410704628 -7.18019929411291 2.44443607052723e-05 0.00166419586370118 3.00604108507635
"THBS4" -2.60149944869782 2.53956007255448 -7.09081715573166 2.72818994049374e-05 0.00166419586370118 2.89456038075779
"YWHAB" 2.16279410413478 1.86596588662691 6.96792946938511 3.17782254844235e-05 0.00169616278523111 2.73954885188535
"LTF" 3.0900455856596 3.46662224499435 6.61304866851221 4.98878440975211e-05 0.00236690104773794 2.2803580874129
"HMGB2" 2.10708284063627 1.8914820562858 6.2522934669001 8.02131620049988e-05 0.00342510201761345 1.79552827348716
"FGG" 3.65335611717129 3.46014535346016 6.12753276329248 9.49085273075184e-05 0.00368417646911912 1.62352898479158
"FGA" 3.70578187988852 3.77516754425321 5.95954602283596 0.000119430769123958 0.00424974486799418 1.38837084923656
"TGM3" -2.34146516275659 1.12881896814017 -5.85572189378115 0.000137924124876466 0.00453027702478853 1.24097105964484
"MFAP4" 1.94969693795007 1.33666554632046 5.75044434403814 0.000159844892998527 0.00487526923645507 1.08989234799148
"NAP1L1" 2.92033236980545 2.10603889824491 5.64362422563015 0.000185943110158848 0.0052931805358552 0.934932309196289
"TUBB3" 2.89229021085497 2.97026572683777 5.29602171249202 0.000307568636714855 0.00820823799232769 0.419032122069914
"MYL6" 1.50526590756209 1.28414089301023 5.2055591493643 0.000351596597481388 0.00836117076131811 0.281856259623614
"HMGB1" 2.53041167861298 1.79747581974222 5.20390515180499 0.000352461530922075 0.00836117076131811 0.279337020785763
"H2A1" -2.47583572705666 1.75258522708785 -5.04751498229238 0.000445423011014436 0.0100102960896402 0.039337329112815
"CATHL1" 1.23643685046625 0.896639538273354 4.91715382073212 0.000542843143226351 0.0115897011078826 -0.163415535647644
"CPN1" -2.49136305029985 4.05252449055689 -4.84855116297186 0.000602980750086783 0.0122606085850979 -0.271086996198673
"TAGLN2" -2.79072745088203 2.39193528895552 -4.80313272143029 0.000646654660857036 0.0125509790993616 -0.34273593701819
"APOD" 2.07471833008475 2.64006340870884 4.73666419486259 0.000716714015515649 0.0133059515054427 -0.448111134495729
"HSPA1A" 2.55178193573085 2.36590338799201 4.637949486702 0.000835974271657138 0.0142784405599039 -0.60573113289458
"HSPA1B" 2.55178193573085 2.36590338799201 4.637949486702 0.000835974271657138 0.0142784405599039 -0.60573113289458
"MDH1B" -3.91279667670709 2.02281863736917 -4.59728235166575 0.000891055687392053 0.0146338760967849 -0.671050342315215
"TUBB5" 2.81799437765355 3.04898017321813 4.50392460372689 0.00103252717432143 0.0160306303212706 -0.821835205051858
"FGB" 2.54502334988168 4.50853166234196 4.47380060539727 0.00108308767620436 0.0160306303212706 -0.870733809054595
"AHCY" 2.72598711410061 2.30692394805216 4.47053049464259 0.00108873133329473 0.0160306303212706 -0.876049085781112
"NAP1L4" 1.33477359282493 1.05443237814391 4.32986204559477 0.00136337574102522 0.0193856140832053 -1.10598293996118
"COLeC11" 1.16559589842078 0.674061119339919 4.29205236133771 0.00144901624221681 0.0193856140832053 -1.16820648620862
"YWHAe" 2.39759493281611 1.7629349378047 4.28158118832356 0.0014737210080677 0.0193856140832053 -1.18546967621679
"CFH" -2.70818057106303 2.73311449355811 -4.27139207671349 0.00149818563172312 0.0193856140832053 -1.20228054217252
"C7" 2.67688557900473 2.51010884622911 4.14178907981559 0.0018494215824778 0.0232265592858241 -1.41717810705199
"HBA" -1.35875589841565 6.35501045088591 -4.07694352198959 0.00205663753617418 0.025090977941325 -1.52541746596258
"CFL1" -1.7812119813421 2.36364223420273 -4.01908628321656 0.0022620628989604 0.0254540329613627 -1.62237682637956
"RAP1A" -3.65683605738384 1.29469653953489 -4.01883634645833 0.002262995476163 0.0254540329613627 -1.62279644647602
"APOC3" 1.42960159041033 0.956938014931504 4.00634419533032 0.00231012284843099 0.0254540329613627 -1.64377784907566
"ARF2" -2.01837187194934 0.578493630882512 -4.00249725807141 0.00232484141801673 0.0254540329613627 -1.65024228868095
"KRT8" 2.81273902527597 2.32328615316849 3.97833447634199 0.00241955902012272 0.02582879253981 -1.69088038513856
"IGFBP2" -2.61157913525314 2.93082251674727 -3.94440265008916 0.002559430307716 0.0258642163142242 -1.74804793564493
"CHAD" -2.30539597631262 0.932039286335565 -3.93965234679089 0.00257967528101877 0.0258642163142242 -1.75606025318269
"FTL" 1.33477359282493 1.10501307336717 3.93385872127066 0.00260459321197105 0.0258642163142242 -1.76583533306635
"PLG" 3.1910526428451 5.19886416204139 3.82189966690341 0.00313875502466938 0.030460190807587 -1.95535801887614
"CL43" 1.70762104821788 1.15014708666961 3.75435766741236 0.00351509899980422 0.032960387692956 -2.07023297811271
"H2AJ" -2.47583572705666 1.5335651176893 -3.7483506644514 0.00355076776083367 0.032960387692956 -2.08046808666932
"HSPA1L" 1.51412897575483 1.71309403699572 3.67281809815953 0.00403275513086079 0.0366380093803736 -2.20940699887906
"CFD" 1.67401197943507 1.39338356244753 3.66025230766971 0.00411930591404567 0.0366446588603646 -2.23089925473109
"KRT7" -1.48026056116004 4.15669002752408 -3.62866240438685 0.004345501458233 0.037782702883237 -2.28497941903213
"NOSTRIN" -2.27787623421887 0.643369721449895 -3.60638954766741 0.00451268816638194 0.037782702883237 -2.32315038241661
"TNFAIP8" -2.27787623421887 0.643369721449895 -3.60638954766741 0.00451268816638194 0.037782702883237 -2.32315038241661
"GSTA1" -2.42427329931078 0.719135086218648 -3.49251054183498 0.00547767140218916 0.0449801093987456 -2.51879473741655
"HP20" 1.49977242151081 1.61578220240543 3.46006581345463 0.00578989951977651 0.0466469263197089 -2.57466526064883
"CAT" 2.27853294275845 3.86951405485917 3.44804907591743 0.00591014692315667 0.0467339395590352 -2.59537119285147
"PRDX6" 1.27025486195628 1.10252678953559 3.41377615930921 0.00626743557637495 0.0486580907474928 -2.65446187426592
"ANXA1" 1.82004421521529 1.54924691845549 3.4018623251191 0.00639678053717814 0.0487754515959833 -2.67501428590473
"GPI" 0.93319859687187 0.743203152158902 3.37801768874823 0.00666396563049782 0.0499212863898696 -2.71616480447337
"CAH2" 1.09523444099995 0.750400631438789 3.31446509863575 0.0074335367830573 0.054726210454577 -2.82593589186464
"HSPA8" 1.69529432580235 2.71351494027571 3.28167215527713 0.00786572517662675 0.0552428619699831 -2.88262104294414
"VCP" 2.57455048885509 1.88433603030458 3.28131440130318 0.00787057953367853 0.0552428619699831 -2.88323958236654
"KRT25" 2.35795645558294 1.67421891289424 3.27975040533338 0.0078918374242833 0.0552428619699831 -2.8859436873639
"SLC2A1" 2.11777081343346 1.57845899084011 3.22635334265515 0.00865399841465995 0.0590532302237538 -2.97829171405393
"TPI1" 1.08657521426256 1.0812397470591 3.22243751784565 0.00871277167235711 0.0590532302237538 -2.98506559721835
"NACA" 1.27025486195628 1.22662392426242 3.16833814811739 0.00956777922041231 0.0638350269861884 -3.07866352069453
"VASP" 1.81683416269791 1.57621041762669 3.08990728090946 0.0109618329086312 0.0720108100305465 -3.21435822977875
"PPIA" 1.49977242151081 1.69247800455589 3.05656740961384 0.0116154466762318 0.0751484201628936 -3.27202138471966
"SeRPINA3-8" -1.09424582525711 4.04312880663964 -3.03745094366153 0.0120079295113452 0.0765281477812597 -3.30507511481627
"RAB11B" 1.1719181195976 1.33183829362584 2.94742915269943 0.0140448310967306 0.0881932776221172 -3.46059142349596
"DDBX" -1.38401988614929 2.5284027046102 -2.91848250833231 0.0147714343173801 0.0897588466269001 -3.51053303775172
"CTSL" -1.78642485074484 1.67243024294141 -2.91255759705756 0.0149247730925291 0.0897588466269001 -3.52075045843883
"CTSV" -1.78642485074484 1.67243024294141 -2.91255759705756 0.0149247730925291 0.0897588466269001 -3.52075045843883
"HP" 2.00438976058007 1.8487185539759 2.86367491734594 0.0162526714805002 0.0963873711412996 -3.6049769944295
"CFB" 0.588391096426646 5.17575984876085 2.83669566678756 0.0170358426766853 0.0996480112732143 -3.65140259858564
"APOC4" 1.33477359282493 1.16049840548255 2.816952922513 0.0176328734749462 0.101746445591919 -3.68534495951002
"CDH5" 1.40972152824995 1.37784707351082 2.80821747664275 0.0179036966736613 0.101931713062045 -3.70035437822089
"SLC2A3" 1.10560562545862 1.0823529794274 2.7635509541118 0.019355043235364 0.108744782388164 -3.77700942688116
"LUM" -0.645032371337206 3.55830037316055 -2.71092391737416 0.0212167966195071 0.117656781253631 -3.86710615371026
"SeRPINA3-5" 3.17470745281473 4.65151762801419 2.67021493744946 0.0227786050020975 0.123302170326883 -3.93661365370283
"PTGR1" -1.7813278976413 1.08470721320811 -2.66936649350305 0.0228123453297981 0.123302170326883 -3.93806043778232
"ANXA5" 1.49927256219233 2.36293676180519 2.64342799348004 0.0238681857808966 0.127396441605535 -3.98225233919727
"PGK1" 1.60070582506831 2.57489153092758 2.62729565161048 0.0245492061982433 0.129413716625307 -4.00969791174026
"H2AC20" -1.82703559890346 1.6957651497276 -2.60448480564881 0.0255451827001483 0.133021866011748 -4.0484512230949
"CORO1A" -1.64233735067928 1.0930879520495 -2.55019547219125 0.0280794172813219 0.144456761194271 -4.14040915950219
"eeF1A2" -2.51214040802192 1.30738099274185 -2.53409519070035 0.0288776527996783 0.144769135955255 -4.16760126418171
"IGF2" -1.06219207083052 0.890394580469718 -2.53026668258688 0.0290707368921533 0.144769135955255 -4.17406169118928
"AFP" 0.681083134986876 7.01239407037668 2.52855941435391 0.0291572498645245 0.144769135955255 -4.17694191936018
"SeRPINA5" -0.847493892051624 4.89883954726343 -2.49420337309492 0.0309530947673991 0.150220400523356 -4.23480678478915
"VDAC1" -1.06219207083052 0.394917832836802 -2.49409792228351 0.0309587710680453 0.150220400523356 -4.23498410680577
"CFAP210" -1.84491235604596 1.13893653538318 -2.48526411259227 0.0314379375040522 0.150831452968879 -4.24983231736274
"KRT80" 1.32431649370849 1.83083533134938 2.46562910985141 0.0325292382499095 0.153645731187697 -4.28278958120077
"HPSe" -1.16500059799385 0.36515081239364 -2.45554632151574 0.033103998288684 0.153645731187697 -4.29968822896452
"RNPC3" -1.16500059799385 0.36515081239364 -2.45554632151574 0.033103998288684 0.153645731187697 -4.29968822896452
"RAC1" 1.09145291266994 1.40902248895824 2.41724416219298 0.0353795062737726 0.157976035165761 -4.36371930244283
"TBA1B " 0.994871529282457 4.46456158305168 2.41100825373004 0.0357641894158318 0.157976035165761 -4.37411885866694
"CKM" 2.27392923704765 1.94798796451312 2.39861774898621 0.036540707688815 0.157976035165761 -4.3947606883213
"LeCT2" -1.06219207083052 0.446091223004707 -2.39301668163106 0.0368971100225415 0.157976035165761 -4.40408212721439
"ACTC1" 2.59520851676226 3.39617056398317 2.38800028772197 0.0372191874346282 0.157976035165761 -4.41242539647107
"AOC3" 1.17527448660406 0.881833515934563 2.38671310414683 0.0373022722687419 0.157976035165761 -4.41456545238978
"CDC42" -1.16500059799385 0.45978606312341 -2.37750263240403 0.0379020887047221 0.157976035165761 -4.42986919198352
"TUBB4B" 2.7487960100551 2.50340259588837 2.37421559652967 0.0381184198543914 0.157976035165761 -4.43532673590941
"C1QB" -1.69466715476269 1.52003506182875 -2.3656050176314 0.0386908314385534 0.157976035165761 -4.4496128415322
"SNRPD1" -1.30391337145693 0.399879005759411 -2.36252492402879 0.0388976151602173 0.157976035165761 -4.45471949934919
"C4BPA" 1.79590894305233 2.30481814479615 2.36097051821375 0.0390023791719571 0.157976035165761 -4.45729590313549
"VIM" -1.31422984365148 0.402458123808049 -2.35621663540507 0.0393244892601353 0.157976035165761 -4.46517232899563
"ACAN" -1.31422984365148 0.402458123808049 -2.35621663540507 0.0393244892601353 0.157976035165761 -4.46517232899563
"MIA3" -1.31422984365148 0.402458123808049 -2.35621663540507 0.0393244892601353 0.157976035165761 -4.46517232899563
"FN1" 2.0406149193387 2.01454844039328 2.35011790178577 0.0397415153748717 0.157976035165761 -4.47527015393445
"ARPC2" -1.16500059799385 0.45978606312341 -2.34699863197449 0.039956467910778 0.157976035165761 -4.48043182782861
"UGDH" -1.30391337145693 0.466203911078831 -2.33418865432797 0.0408511308574889 0.160031494276585 -4.50160799909084
"CAPN2" -1.16500059799385 0.857889856697209 -2.28850069520814 0.0442031061209261 0.166499842229008 -4.57684506315982
"eeF1A1" -1.01875540716943 2.9817900909438 -2.28795032172728 0.0442450659545545 0.166499842229008 -4.57774855008897
"ARF1" -1.32920850764164 2.87482770398709 -2.28520864323945 0.0444546630632269 0.166499842229008 -4.58224822354656
"LYRM7" -1.44290391841895 0.434626642499916 -2.28415545283759 0.0445354329123022 0.166499842229008 -4.58397627201997
"CCT6A" -1.44290391841895 0.434626642499916 -2.28415545283759 0.0445354329123022 0.166499842229008 -4.58397627201997
"HBB" -0.673783528837678 6.12256865805915 -2.27731212262305 0.0450637195771846 0.166499842229008 -4.59519839143701
"SeRPINC1" 0.514176573295853 5.93004310799188 2.27127750563858 0.0455345974195614 0.166499842229008 -4.60508528627665
"eIF5A" -1.31422984365148 0.543835230609352 -2.27016737285726 0.0456217366294941 0.166499842229008 -4.60690315717722
"HSP90AB1" 2.47627418629408 3.3072440104728 2.24538058317705 0.0476098132324492 0.169709182335174 -4.64741568010341
"APOA4" 1.95933907791264 2.5369042028591 2.22504951550723 0.0493026031751457 0.169709182335174 -4.68053374172451
"GC" 0.48289170685552 6.49281553533094 2.22228979561128 0.0495367987779329 0.169709182335174 -4.68502120050323
"ACTG2" -1.58135726142336 0.469239978251018 -2.21890121360748 0.0498258244599726 0.169709182335174 -4.69052858943376
"ACTA2" -1.58135726142336 0.469239978251018 -2.21890121360748 0.0498258244599726 0.169709182335174 -4.69052858943376
"CMPK1" -1.59523774686336 0.472710099611018 -2.21297441061063 0.0503352468404921 0.169709182335174 -4.70015427075184
"CATHL4" 1.03702882528184 1.03247856969317 2.21170233297721 0.050445235412012 0.169709182335174 -4.70221907268591
"BPT2" -1.06219207083052 0.800670879449937 -2.20305842506803 0.0511987570586342 0.169709182335174 -4.71623858647765
"PLeKHA2" -1.24357885491144 0.384795376623037 -2.18882879743934 0.0524627917289062 0.169709182335174 -4.73927513004111
"TUBA3" -1.24357885491144 0.384795376623037 -2.18882879743934 0.0524627917289062 0.169709182335174 -4.73927513004111
"TUBA1C" -1.24357885491144 0.384795376623037 -2.18882879743934 0.0524627917289062 0.169709182335174 -4.73927513004111
"DNAJC12" -1.24357885491144 0.384795376623037 -2.18882879743934 0.0524627917289062 0.169709182335174 -4.73927513004111
"SMC3" -1.24357885491144 0.384795376623037 -2.18882879743934 0.0524627917289062 0.169709182335174 -4.73927513004111
"PSMD2" -1.24357885491144 0.384795376623037 -2.18882879743934 0.0524627917289062 0.169709182335174 -4.73927513004111
"AMDHD1" -1.24357885491144 0.384795376623037 -2.18882879743934 0.0524627917289062 0.169709182335174 -4.73927513004111
"ascc3" -1.68410987282398 0.494928131101173 -2.17737364491878 0.0535020499970165 0.171769739464106 -4.75778105803419
"IGFBP3" -1.16500059799385 1.41855360328732 -2.14527132173453 0.0565205174445952 0.180106424991359 -4.80945238488498
"HPX" 0.501084054594518 5.86609039902919 2.12557756876605 0.0584520040038014 0.184881523774987 -4.84100813713599
"C1QA" -1.44252973399437 1.65284025768012 -2.11149199086771 0.0598718611704702 0.187980034704344 -4.86350908010946
"TUBA4A" 0.918520234973165 4.47774431843289 2.08785484070155 0.0623285003519001 0.194264741972711 -4.90113605477249
"TUBB6" 2.17579320768198 1.12066458309776 2.0782332088726 0.0633556359853093 0.196035192505269 -4.91640392190967
"GSTA2" -1.57090202535529 0.934895426186002 -2.06291697996331 0.0650238382389343 0.199749488690827 -4.94064913094684
"YWHAQ" 1.35936862097067 1.74892543870474 2.05656903473251 0.0657273522625003 0.200468424400626 -4.95067623995209
"APOA2" -1.08853062095166 2.92984961441833 -2.04829177670243 0.0666554958677366 0.201857423656195 -4.96373166383172
"SePTIN7" -1.43482143245793 0.834597337592445 -2.02440862235175 0.0694034004071646 0.208698957562389 -5.00127791784909
"RAP1B" -0.73172095655482 3.30247536489936 -2.01902466487677 0.0700374368512086 0.20913276598228 -5.00971613716175
"CHIA" 1.66218377471474 2.38861682342321 2.00807087054105 0.0713442654172819 0.211036466325032 -5.02685411067475
"CDH1" -1.06219207083052 1.22800214430714 -2.00291689411185 0.0719670551846311 0.211036466325032 -5.03490392242849
"SPZ1" -1.84239402629062 0.534499169467833 -1.99885802811015 0.0724611070160484 0.211036466325032 -5.04123698803244
"COL1A1" 1.57580752409128 2.45948134185914 1.99729754268302 0.0726518982430439 0.211036466325032 -5.04367032850531
"SeRPINA3-1" -0.684134865291816 6.17402969191073 -1.97304423293346 0.0756784575921101 0.217352291438746 -5.08138190415251
"IGFBP1" -0.460858569695992 0.648812462249081 -1.96960549390442 0.0761170162887813 0.217352291438746 -5.086712225953
"ORM1" -0.60303809180482 4.8102881838775 -1.96776075255691 0.0763532639714564 0.217352291438746 -5.08957000525702
"TALDO1" -2.02648188521267 0.724562448865416 -1.94484879276136 0.0793451956375048 0.223824189724434 -5.12496293714796
"SAR1A" -0.460858569695992 0.463588387070331 -1.9423718338008 0.0796751214007354 0.223824189724434 -5.12877785433642
"MTAP" -0.460858569695992 0.617837908972962 -1.93287112854012 0.0809524937509351 0.225926240729734 -5.14338969112761
"KRT19" 1.98208919285155 2.75817499136611 1.92218227207147 0.0824124029799405 0.228507117353471 -5.15978910783591
"MYH10" 1.24582793142918 1.50882721049745 1.90417599741438 0.0849272252239549 0.233960807552444 -5.18731867622229
"BPIFB1" -0.460858569695992 0.460308391560664 -1.89014878475773 0.0869354694405546 0.237309227778259 -5.20867929478097
"TGFBI" -1.33795041628414 2.85148189879729 -1.88795008564935 0.0872542125554723 0.237309227778259 -5.21202060074331
"TUBA8" 2.00838380746631 1.12248409212218 1.86682599032352 0.0903721219767799 0.244233519519525 -5.24402613074927
"HSP90AA1" 0.88569914838776 5.11108827023986 1.86159643695484 0.0911597371596135 0.244812627466383 -5.2519223284161
"C9" -0.754484719161999 3.33848214867488 -1.85109046772928 0.0927611953987835 0.247556440220504 -5.2677524063903
"MST1" -1.56777951435626 1.90001014243331 -1.84541693588273 0.0936367702877974 0.248340999458941 -5.27628260241617
"ARPC4" -0.460858569695992 0.539086752863226 -1.83158388379144 0.095803543011131 0.249819679460286 -5.29702568297745
"HNRNPK" -0.460858569695992 0.554996879160843 -1.83153445604225 0.0958113672026418 0.249819679460286 -5.29709966049274
"A2M" 0.490660451028216 6.81672493265751 1.82882279195441 0.0962415119332535 0.249819679460286 -5.30115660687981
"ACTN4" 0.92467977226246 0.901381464650456 1.82434793135668 0.09695522738171 0.249819679460286 -5.30784482819497
"GSTM1" -0.460858569695992 0.389687724175153 -1.81580846526625 0.0983307174509347 0.249819679460286 -5.32058494809354
"PNP" -0.460858569695992 0.389687724175153 -1.81580846526625 0.0983307174509347 0.249819679460286 -5.32058494809354
"RAB1B" -1.38096556563816 1.97598120810845 -1.81141555926572 0.0990452490718397 0.249819679460286 -5.32712686483824
"APRT" -0.460858569695992 0.474000474303524 -1.80680880139993 0.099799670811218 0.249819679460286 -5.33397850640329
"GPLD1" -0.460858569695992 0.605857822493658 -1.80618610547715 0.099902048679965 0.249819679460286 -5.33490395438781
"ANG1" -0.460858569695992 0.377680432503023 -1.80531831307642 0.100044883343581 0.249819679460286 -5.33619338939454
"KRT17" 2.28706405274203 2.67216397339243 1.79842052597226 0.101186889284785 0.251202335608158 -5.3464312768362
"ATP6V1D" -0.460858569695992 0.476439323507216 -1.78872793711226 0.102811746216185 0.253760784013359 -5.36078287159629
"KRT71" 1.52579521755632 1.69193509710301 1.78297012364412 0.103788223672732 0.25469868682906 -5.36928914490736
"DSC1" -0.460858569695992 0.399120394613309 -1.75328121947706 0.108958635379587 0.265414700545513 -5.41291927052517
"APOe" 0.386790660919167 4.85994025296833 1.75057638740825 0.109441136272956 0.265414700545513 -5.41687477399772
"MAeA" -1.44290391841895 0.613484310956354 -1.74668267884788 0.110139119080108 0.265414700545513 -5.42256309544857
"SULT1e1" 0.949309035716292 1.16506820927664 1.74073519613228 0.111213053241763 0.265414700545513 -5.43123856208898
"THBS1" -0.504497720780592 3.56414186627016 -1.73744367465097 0.111811471719613 0.265414700545513 -5.43603293783851
"TTR" -0.656339276156854 4.92942843131743 -1.73704353977396 0.111884417091785 0.265414700545513 -5.43661543158591
"CLU" 0.507556279814996 3.78165880678675 1.71328621679182 0.116293341749605 0.274349485784981 -5.47106820242907
"SeRPINA3-2" -0.668224963433183 6.29324212475739 -1.70367127679072 0.118121828582984 0.276058785153313 -5.48493722285658
"FABP1" 1.08924989786453 0.853731027968962 1.70268468267783 0.118310907922848 0.276058785153313 -5.48635787325327
"LOX" -0.460858569695992 0.435539750083442 -1.6838834641578 0.121966546842362 0.282331696440303 -5.51334251567805
"ANXA3" -0.460858569695992 0.397968856026604 -1.68208398726659 0.122321695179054 0.282331696440303 -5.51591637725451
"ANP32B" 0.72528496221305 0.541120340530431 1.67864581349464 0.123002840372343 0.28237748838167 -5.52082979455324
"HGS" 0.811806194861835 0.562750648692627 1.66492779541965 0.125754511161758 0.28715067521963 -5.54037689016991
"KRT27" 1.22400923990906 1.59978620673897 1.6582630620253 0.127111151019201 0.287356607727867 -5.54984044522094
"MSN" 1.27187062275849 1.2639300696528 1.65730708363744 0.127306813921215 0.287356607727867 -5.55119609113104
"KRT5" 1.65168733861392 4.91797067237994 1.65459389555009 0.127863595944484 0.287356607727867 -5.5550411311369
"GSTT1" -1.16500059799385 0.706120175485974 -1.62784072249454 0.133471056455401 0.296875990524481 -5.59275851758866
"ARPC1B" -0.460858569695992 0.579888958572463 -1.62588716661813 0.13388896415105 0.296875990524481 -5.59549859071103
"PGM1" -0.460858569695992 0.524532485669506 -1.62450581166807 0.134185166677342 0.296875990524481 -5.59743492052139
"RHOB" -0.460858569695992 0.464739925657036 -1.6192185818502 0.135324283007665 0.297852932186975 -5.60483737747929
"SeRPINF1" -0.480567420950134 4.8400555296092 -1.61034647635532 0.137255025985464 0.299087659984645 -5.61722674845857
"RHOA" -0.460858569695992 0.400543477260578 -1.60701660291382 0.137985944249178 0.299087659984645 -5.62186626829222
"SePTIN2" -0.460858569695992 0.654348465109691 -1.60627963461975 0.13814817603388 0.299087659984645 -5.62289231374716
"SeRPINA3-4" -0.427906144740367 5.90792193596409 -1.6038373265665 0.138687017978828 0.299087659984645 -5.62629061219143
"OMD" -0.460858569695992 0.475287784920511 -1.58902684680215 0.141994589487549 0.304681857845142 -5.6468318514097
"RAB6B" -0.460858569695992 0.404839239326668 -1.5717572285267 0.145939022725363 0.31157981351865 -5.67063806719102
"S100A12" -0.460858569695992 0.504131382814887 -1.56668397690441 0.147115932335592 0.312529866205461 -5.67760140987034
"IGFBP5" -0.460858569695992 0.612552751060188 -1.54795391690352 0.151533417125245 0.320280569949321 -5.70318948618575
"IGFBP4" -0.460858569695992 0.70727253657282 -1.54490022007957 0.152264533254595 0.320280569949321 -5.70734323769731
"BLVRB" -0.488388643469164 3.35531171733281 -1.52493103308454 0.157121928904848 0.328263470634452 -5.7343797131254
"GDI2" 0.691466950723019 1.76965202492705 1.52300609586942 0.157597216580943 0.328263470634452 -5.7369742363741
"MYH7" -1.58135726142336 0.795957223701033 -1.51701043287312 0.159085633001772 0.328806023361981 -5.74504222522371
"KRT73" 1.23033230825729 2.98075790550278 1.5157592747113 0.159397767765644 0.328806023361981 -5.74672329306034
"HP251" 0.635607446591757 0.490390616214758 1.5116676250675 0.160422255921427 0.32932838114639 -5.75221473370561
"SePTIN8" -0.460858569695992 0.390926350934872 -1.50040576344799 0.163271611150061 0.333400076176143 -5.76728059811547
"ARFIP2" 0.637944297983215 0.463816022238977 1.49768217684293 0.163967250578431 0.333400076176143 -5.77091334805454
"YWHAH" 0.994282737647311 1.00969491056355 1.49180386922504 0.165477390781515 0.334876046747427 -5.77873947738195
"CTSC" 0.611001743795365 0.790974136159921 1.48067342566396 0.168369742686444 0.338057978778671 -5.79350377494444
"AFM" 0.488581932567291 5.12455516078697 1.47762969540577 0.169168236199361 0.338057978778671 -5.79752877310828
"CHI3L1" -0.460858569695992 0.544002855586355 -1.47665418341829 0.169424841823503 0.338057978778671 -5.7988176443936
"F12" 0.721915380071588 1.00033167960419 1.46884999636796 0.171489800785919 0.340586720630639 -5.80910881805
"RPLP0" 0.938345586910526 1.37152714985335 1.45064278163043 0.176391597285429 0.347253573113899 -5.83297947518611
"KRT75" 1.20107972361918 4.09933352474936 1.44737482039113 0.177283996535191 0.347253573113899 -5.83724322803305
"AMBP" 0.497093148789327 3.89753442117917 1.44736615655603 0.177286367538243 0.347253573113899 -5.83725452342205
"HSP90B1" 0.800810116732987 1.21478216703589 1.44249132012029 0.178624755208451 0.348277490748899 -5.84360295536238
"MYLK" 0.642555800934913 0.464968897976902 1.4386932814339 0.179673482477686 0.348729895536235 -5.84853925805878
"ANXA6" -0.460858569695992 0.389687724175153 -1.43279254743861 0.181313236664032 0.349620346694057 -5.85619128134965
"PROS1" 0.468415367558634 6.16477537271403 1.42831554193522 0.18256584730621 0.349620346694057 -5.86198304980611
"PDIA4" 0.974845833201896 0.825178695660571 1.428234420216 0.182588611973711 0.349620346694057 -5.86208788301217
"C1S" 0.532742246326585 0.445091266900577 1.41502012528595 0.18632923697715 0.355190107987691 -5.87911139756559
"ITIH3" 1.37732474169756 4.16871435066649 1.4097820851653 0.187829896880487 0.355359887538168 -5.88582993650418
"F13A1" -0.759929904096386 3.27773283732891 -1.40890299670702 0.188082750781326 0.355359887538168 -5.88695584695454
"ITIH1" 1.2552520749812 2.8397505992761 1.40564216982289 0.189023189326086 0.355563444238937 -5.89112807293254
"eeF1D" -0.460858569695992 0.413566535489131 -1.40005799149277 0.190642940705645 0.356916958513417 -5.89825782228065
"MGP" -0.686472565014208 0.540021099458785 -1.39741216251295 0.191414481263636 0.356916958513417 -5.90162923211032
"PSMA7" -0.460858569695992 0.417998069585503 -1.38771641612906 0.194264401779109 0.360656085042086 -5.91394677576452
"CAPN1" -0.460858569695991 1.25172616153746 -1.36902070176916 0.199860709282775 0.369439492916645 -5.93753191099334
"GAPDHS" 0.840111268751864 0.754321640944968 1.36045884123155 0.202468410169801 0.37166786642008 -5.94825921333614
"NMe1-1" -0.460858569695992 0.555702253436536 -1.35471500227878 0.204233736518394 0.37166786642008 -5.95542959151686
"NMe1-2" -0.460858569695992 0.555702253436536 -1.35471500227878 0.204233736518394 0.37166786642008 -5.95542959151686
"F2" 0.336941175738781 6.16233936367882 1.35369719864704 0.204547889013393 0.37166786642008 -5.95669797566535
"CLIC1" 0.800810116732987 1.16649045744082 1.34958108008462 0.20582247878579 0.372202666919141 -5.96182069395493
"ACO1" -0.460858569695992 0.53255268864921 -1.34712699662786 0.206585555175261 0.372202666919141 -5.96486974378869
"eXT1" -0.460858569695992 0.91355813581641 -1.3085542015274 0.218891944491064 0.392717900410438 -6.01227965065916
"HNRNPA2B1" -0.460858569695992 0.573292617791743 -1.30238818294883 0.22091425688218 0.394687814597033 -6.01976756500648
"CRYZ" -1.31422984365148 0.789911198666005 -1.28725019876072 0.225944455237681 0.40199284327704 -6.0380432008091
"XPNPeP1" -1.16500059799385 0.642042906410297 -1.27799438227481 0.229066087258144 0.404472767771581 -6.04914150739238
"NMe2" -0.460858569695992 0.536652456672674 -1.27617243705852 0.229684696622482 0.404472767771581 -6.0513193002642
"CD14" 0.456805497305421 0.445690128893174 1.27471638952856 0.230180052853616 0.404472767771581 -6.05305811018931
"PTGeS3" 0.635607446591757 0.89631578461956 1.25548819390437 0.236803733397306 0.414406533445286 -6.07588457493936
"TIMP3" -0.460858569695992 0.511173887906619 -1.247139829421 0.239727384590814 0.417810584572561 -6.0857160417441
"ARF3" 0.636162452025093 2.87918901252281 1.23886255215454 0.24265493759486 0.421193733142298 -6.0954160625611
"B4GALT1" -0.460858569695992 1.00666728430726 -1.22467147897117 0.24774124056137 0.428281415869251 -6.11193497799488
"TUBA1D" 2.03074333097272 2.33720703633656 1.20102877740415 0.25640511963248 0.440897987194427 -6.13914003072023
"TF" 0.2564664539582 7.95224413921759 1.19914841242539 0.257104446865134 0.440897987194427 -6.14128661352576
"PPIe" 0.52840763604033 0.785697930021613 1.18675774185015 0.261750746531167 0.44557394233972 -6.15536795520822
"F10" 0.45071385423797 5.15532292388228 1.18631452900978 0.261918172195011 0.44557394233972 -6.15586959134991
"eNO1" -0.388759546681588 4.21357154108241 -1.1772576517358 0.265358093562746 0.449634547425765 -6.16608913519293
"PSMB3" -0.602565076422324 0.454355429204855 -1.16911690211544 0.268480483614267 0.453127140329218 -6.17522399200815
"AOCX" 0.701906725595735 0.76888560092259 1.16540787948004 0.26991266581708 0.453750820094067 -6.17936987122082
"PABPC1" -0.460858569695992 0.39819421468868 -1.14006269812537 0.279860827562137 0.467473887645083 -6.20742877952577
"UBC" -0.617895764837427 0.544452633555157 -1.13904705003324 0.280265375262626 0.467473887645083 -6.2085432379521
"KRT20" -0.460858569695992 0.616444086072879 -1.13385608181697 0.282340145851983 0.468426001279789 -6.21422718600353
"ANXA11" 0.537270704233074 0.839743777656129 1.1321361160992 0.283030230281465 0.468426001279789 -6.21610604551822
"FMOD" -0.602565076422324 0.630913264716573 -1.12595409917297 0.285521422216227 0.470724506897023 -6.22284083263291
"CD44" 0.38822869712864 0.428545928848979 1.1156058986739 0.289729543649889 0.47582505822501 -6.23404986509509
"COL10A1" -0.433302699369706 3.47619039587805 -1.08680295967739 0.301694744494271 0.493577225666873 -6.26481976339487
"RAC2" 0.38822869712864 0.763257734923616 1.08039680048197 0.30440673307053 0.494540658385629 -6.27157675639114
"HRG" 0.680199707496628 1.96367273588324 1.079941976256 0.30459998397054 0.494540658385629 -6.27205528148507
"CHCT1" 0.393183204167515 0.402625748785052 1.06665491037604 0.310286898946951 0.497902540833213 -6.2859637825127
"ACAP1" 0.393183204167515 0.402625748785052 1.06665491037604 0.310286898946951 0.497902540833213 -6.2859637825127
"KRT78" 0.92467977226246 1.26176963906163 1.06355224580005 0.31162638898212 0.497902540833213 -6.28919172963943
"H1-3" -0.460858569695992 0.576347254639334 -1.06153208063562 0.312500892138878 0.497902540833213 -6.29128941654912
"H1-2" -0.460858569695992 0.576347254639334 -1.06153208063562 0.312500892138878 0.497902540833213 -6.29128941654912
"PSMA1" -0.460858569695992 0.485651188296436 -1.04308892273496 0.320570678007063 0.508861262115301 -6.310291891207
"MBL" 0.500849294208581 0.99138750132462 1.02214107607151 0.329925072861283 0.518830963621225 -6.3315478146331
"OSTF1" -0.68974588697546 0.685365313242926 -1.02201968881147 0.329979865843907 0.518830963621225 -6.33166996503603
"HP252" 0.38432013597477 0.621270824116424 1.01646413629649 0.332494835891223 0.518830963621225 -6.33724777480586
"GGH" -0.631026776379464 1.1412533167062 -1.01398933192737 0.333619738075619 0.518830963621225 -6.33972449775862
"F5" 0.374526796837793 6.24315152845296 1.01148035826023 0.334763049720389 0.518830963621225 -6.34223037509393
"CD9" 0.682603882530273 1.27244889347086 1.01059953135067 0.335165120352381 0.518830963621225 -6.34310890978813
"S100A9" -0.602565076422324 1.23061035431542 -1.01017992813244 0.335356782106459 0.518830963621225 -6.34352720064291
"ANXA2" 0.772843750857682 2.15931965448994 0.997395147274343 0.341235390012693 0.525124647410716 -6.3562036208229
"TUBB4A" -1.06219207083052 1.17195561474063 -0.99532624662991 0.342193788104987 0.525124647410716 -6.35824250275542
"F12AI" -0.353113332968678 4.72017590150507 -0.993343286128744 0.343114230977962 0.525124647410716 -6.36019341722829
"RPS27A" 0.584737331251746 1.23198627921839 0.96729613768953 0.355373580193355 0.541944709794867 -6.3855204009053
"ADIPOQ" -0.443334553038736 3.62619020801899 -0.95451966755864 0.361501896943395 0.549328505319679 -6.39773877516883
"AHSG" -0.204428257666343 7.92399558400718 -0.941097577417605 0.368021520813707 0.557252444636358 -6.41042794899068
"APOC2" -0.803288529768346 1.38785434990623 -0.929758730702717 0.373594467611527 0.563692005901491 -6.42102977197422
"SeRPINA6" 0.592179437332497 1.26326511265867 0.920624491076086 0.37812734140782 0.568522446412462 -6.4294913045553
"C4" -0.329190417692447 5.27620105236723 -0.904061302664154 0.386445803842562 0.578990730669383 -6.44465372224414
"CRYBB1" -0.460858569695992 0.461902850229692 -0.900158726224502 0.388424349009621 0.579920269325554 -6.44819212250432
"MAML2" -0.460858569695992 0.489061657053337 -0.892456834626788 0.392349863156485 0.58374004030599 -6.45513691865586
"COMP" -0.528218249216134 1.00670265617101 -0.885483035891753 0.395928065261611 0.587018346759403 -6.46138110529442
"RAB8B" -0.460858569695992 0.618834251419302 -0.875866539065847 0.400899271917266 0.590310556361748 -6.46992249509639
"PKP1" -0.460858569695992 0.401373234465796 -0.875839148635844 0.400913492611023 0.590310556361748 -6.4699467087441
"PROC" 0.352173889639062 4.7478311913348 0.870312487788367 0.403789974169247 0.592502814330819 -6.47481903058293
"KNG1" 0.211418351361615 5.64121807585725 0.865785952037731 0.406156474025209 0.593934295920426 -6.47878981596145
"TGM2" 0.560852557511836 0.444543087121133 0.860174714583776 0.409103251894159 0.59507199950772 -6.48368728313079
"H4" 0.682603882530273 1.19454312149962 0.853479981704449 0.412638123220535 0.59507199950772 -6.48949433960965
"RDX" -0.460858569695992 0.600451424615388 -0.851858745896408 0.413497270310665 0.59507199950772 -6.49089469232878
"HSPA5" -0.460858569695992 0.40813541471773 -0.851094789165514 0.413902538299281 0.59507199950772 -6.49155376374498
"eeF2" -0.460858569695992 0.40813541471773 -0.851094789165514 0.413902538299281 0.59507199950772 -6.49155376374498
"KLKB1" 0.597360274681502 2.80290839902347 0.846845917754008 0.416161431254335 0.596311849481883 -6.49520992475682
"FeTUB" 0.301777370344968 5.43470251133555 0.840304504403224 0.419655465420957 0.599307303460698 -6.50080770049229
"ASPN" 0.518133066614584 0.43386321439682 0.826116528171356 0.427301750198146 0.608192824448694 -6.51281877736721
"CSN1S1" 0.498430285580754 1.40921461042602 0.821637432985049 0.429734931157807 0.609623972107587 -6.51657346936683
"LBP" 0.425338594319803 1.06059742015874 0.815274214806646 0.433207501909644 0.610183386690004 -6.52187677843636
" K2CB" -0.460858569695992 0.399211096444112 -0.811574290600112 0.435235203735652 0.610183386690004 -6.52494376055428
"SeRPINA1" -0.230663453183702 7.33017595081601 -0.80818350124798 0.437099008434767 0.610183386690004 -6.52774371507276
"GRB14" -0.460858569695992 0.42356097238859 -0.799136046149832 0.442097899508272 0.610183386690004 -6.53516411417177
"eBD" -0.460858569695992 0.367972973775614 -0.797528034078135 0.442990280735132 0.610183386690004 -6.53647523274823
"SLC15A4" -0.460858569695992 0.367972973775614 -0.797528034078135 0.442990280735132 0.610183386690004 -6.53647523274823
"CDC23" -0.460858569695992 0.367972973775614 -0.797528034078135 0.442990280735132 0.610183386690004 -6.53647523274823
"SNX11" -0.460858569695992 0.367972973775614 -0.797528034078135 0.442990280735132 0.610183386690004 -6.53647523274823
"SCARB1" -0.460858569695992 0.367972973775614 -0.797528034078135 0.442990280735132 0.610183386690004 -6.53647523274823
"ILK" 0.538860626048048 1.15233167107786 0.790196271312647 0.447074095781387 0.613484982596583 -6.54242370807805
"H3-3A" -0.460858569695992 0.428746564617923 -0.782950442156873 0.451134155820438 0.613484982596583 -6.54825465110128
"P68432" -0.460858569695992 0.428746564617923 -0.782950442156873 0.451134155820438 0.613484982596583 -6.54825465110128
"Q5e9F8" -0.460858569695992 0.428746564617923 -0.782950442156873 0.451134155820438 0.613484982596583 -6.54825465110128
"LYSM" 0.412330302664998 1.46591368537073 0.77671092501677 0.454649512825801 0.616302672941641 -6.55323757708494
"COL1A2" -0.380525787110148 2.5047030394118 -0.726130799739788 0.483795991194973 0.651720650839739 -6.59231386034557
"BCL2L14" 0.492436190658373 0.521368871861844 0.72397189963384 0.485065570029042 0.651720650839739 -6.59392910660916
"SeLeNBP1" -0.460858569695992 0.451179724403086 -0.719399985713638 0.487761002814055 0.651720650839739 -6.59733537983484
"H2BC12" 0.38822869712864 1.01978474290524 0.718303350189697 0.488408918662099 0.651720650839739 -6.59814952026456
"P62808" 0.38822869712864 1.01978474290524 0.718303350189697 0.488408918662099 0.651720650839739 -6.59814952026456
"USO1" 0.675767786286584 1.62915416345594 0.710414320523773 0.493085624862134 0.655181486280245 -6.6039731866223
"GPATCH1" -0.460858569695992 0.399879005759411 -0.706182434339114 0.495605667607773 0.655181486280245 -6.6070731359179
"HeXA" -0.460858569695992 0.399879005759411 -0.706182434339114 0.495605667607773 0.655181486280245 -6.6070731359179
"SeRPINA7" -0.25130879246647 4.32391101055686 -0.68008077280555 0.511322619863598 0.6735264396724 -6.62582047670808
"ACTA1" 1.12951186105302 2.26912656438184 0.672824777196654 0.515744478992776 0.6735264396724 -6.63091753941425
"MRPS24" 0.415221867898224 0.569541735077932 0.671500920915932 0.516553702747016 0.6735264396724 -6.63184210039828
"GIMD1" 0.395790185164277 0.403277494034243 0.670032285697467 0.517452309146499 0.6735264396724 -6.63286582120357
"KRT79" 0.89787387324349 3.02599141000057 0.66777046686029 0.518838054929694 0.6735264396724 -6.63443841756643
"KRT10" 1.13095986645542 3.40303086313449 0.665819541887638 0.520035094482523 0.6735264396724 -6.6357909393982
"PDe12" -0.460858569695992 0.493808882213488 -0.665023581238923 0.520523946351035 0.6735264396724 -6.63634171416327
"JUP" -0.818655077725523 2.33067620825151 -0.660149162474106 0.523523579313849 0.675361233737201 -6.63970143599821
"PRDX2" -0.516867581981514 1.13408948474323 -0.651303361783295 0.528993088673873 0.680361592963084 -6.64574042224224
"SFN" -0.460858569695992 0.482393633861589 -0.645560053271029 0.532562111538132 0.682894959840187 -6.6496211873646
"PFN1" -0.200750355607092 2.95488336709145 -0.640899343839003 0.535468656700045 0.68456621679916 -6.65274713851027
"ACTB" 0.180953883572768 5.17958981381159 0.618060658717126 0.549843419292116 0.698759345350397 -6.66776209328708
"ACTG1" 0.180953883572768 5.17958981381159 0.618060658717126 0.549843419292116 0.698759345350397 -6.66776209328708
"B2M" -0.302356270494793 0.556566437510383 -0.612444343097246 0.553411625870492 0.701207015568843 -6.67137704167111
"FeRMT3" -0.482651337070069 2.41521703554718 -0.58859139076602 0.568710265925189 0.717806502911859 -6.68638739914597
"HSPA2" -0.410022360535859 0.675856036351536 -0.586790826274942 0.569874483576394 0.717806502911859 -6.68749787507708
"eHD1" -0.160649763768461 0.54595713616329 -0.578100030211327 0.575512142864484 0.722775544126866 -6.69281303754227
"LDHB" -0.265736190891607 2.84148230058972 -0.569811443272756 0.580916997213527 0.724265918298475 -6.69781295256885
"CAPNS1" 0.386628479626033 1.85341022823834 0.569087797328825 0.581390169708578 0.724265918298475 -6.69824626077106
"ACTN1" 0.297139325421634 0.625039223862849 0.565758774903918 0.58356959409025 0.724265918298475 -6.70023296697997
"AGT" 0.135130780891725 6.11889226085239 0.56394739625763 0.584757293244617 0.724265918298475 -6.70130936748003
"CLeC3B" 0.247444162198601 3.039908264367 0.563303616193158 0.585179723215395 0.724265918298475 -6.70169114831927
"CPB2" 0.285454631381192 3.04629665060279 0.558857218514782 0.588101765888146 0.725778768885082 -6.7043167967314
"K2C4" -0.460858569695992 0.655758562036653 -0.552896027927074 0.59203142044635 0.72799047645283 -6.70780621367625
"GPX3" 0.297139325421634 0.511710754048434 0.549291742268273 0.59441409675881 0.72799047645283 -6.70989889824207
"C3" 0.139635191663322 7.70740898894547 0.546345540020055 0.596365473123337 0.72799047645283 -6.71159990551261
"PTPDC1" 0.326187219779426 0.479806629142107 0.545203279230623 0.597122935602401 0.72799047645283 -6.71225707461707
"KRT28" 0.640141514595933 1.14543589060528 0.543251459335561 0.598418401018603 0.72799047645283 -6.71337699736767
"CAP1" -0.490735081817962 1.8262944636633 -0.537255886564289 0.602406941262029 0.730760692951382 -6.71679343200562
"KRT72" -0.460858569695992 1.2088714074053 -0.530698320875074 0.606785059888309 0.733986460544782 -6.7204890504446
"KRT40" -0.460858569695992 0.808449136524372 -0.52257994559965 0.612227799329958 0.737430004420202 -6.72500473968891
"A1BG" 0.136636567381252 5.09463027094381 0.521303466149106 0.613085835056609 0.737430004420202 -6.72570875325087
"YWHAG" 0.404653253357022 0.832994163627799 0.518452774102332 0.615004241012172 0.737659581214038 -6.72727509132362
"HBe4" 0.326187219779426 0.625840628701859 0.512669362818805 0.618905558402994 0.740259589462405 -6.73042778463612
"LDHA" 0.297139325421634 1.86723077393249 0.50805636942302 0.622026231908951 0.741913969343916 -6.73291835790385
"GFAP" 0.490093980886273 2.49088314735574 0.503402214655225 0.625182689130844 0.743601694314402 -6.73540945386749
"PHGDH" -0.160649763768461 0.493755645343079 -0.496049632149266 0.630185352963878 0.746582129741997 -6.73930037094475
"HBe2" 0.326187219779426 0.531910752247782 0.494583338602986 0.631185360273679 0.746582129741997 -6.74006979451476
"GDF6" 0.415221867898224 0.918542871853225 0.47950480956159 0.641513658142433 0.755208391075665 -6.74785593676307
"F11R" -0.160649763768461 0.591362997760567 -0.478719231226676 0.642053972594367 0.755208391075665 -6.74825527474433
"MMP2" 0.266836295118604 0.464968897976902 0.475594700378127 0.644205155007688 0.755208391075665 -6.74983738715761
"KRT74" 0.326187219779426 0.805729347189191 0.473639763276587 0.645552840146645 0.755208391075665 -6.75082223141652
"CBR1" -0.160649763768461 0.480709494415282 -0.465688500687817 0.651048007265485 0.757537919436021 -6.75478781971334
"RGN" -0.266685322674278 1.72440413338983 -0.465289214573895 0.6513245359618 0.757537919436021 -6.75498526184689
"P02070" 0.492947550988502 4.27335271645977 0.4610188450466 0.654285457152736 0.757537919436021 -6.75708674933522
"HABP2" 0.287256127772021 1.66677707551178 0.457581319970142 0.65667346998753 0.757537919436021 -6.75876487917365
"GALK1" -0.296571788834226 1.26499983681606 -0.456849711530231 0.657182232892393 0.757537919436021 -6.75912047942915
"RAN" 0.297139325421634 1.04895830466732 0.455403193362883 0.65818868410015 0.757537919436021 -6.75982195529378
"AKR1A1" -0.160649763768461 0.756980046568206 -0.450683708309961 0.661477332058776 0.759276399970692 -6.76209576422209
"SeRPINF2" 0.133582630107114 5.35831819392891 0.414950657405212 0.686617048879535 0.786020053274963 -6.77857072419307
"UTP15" 0.47934887289099 2.65599107042824 0.411041101992267 0.689392667097417 0.787087349867906 -6.78029351273332
"CTNNB1" 0.326187219779426 1.10159240727331 0.399855186906067 0.697360667784742 0.794061347050892 -6.78513547553478
"CSRP1" -0.160649763768461 0.689503602662081 -0.391020090870027 0.703681427957377 0.799127579089894 -6.78886830320991
"SeRPINA3-7" -0.140290614141461 5.25226519355215 -0.385718779519117 0.707485438616672 0.799931367530868 -6.79106924308232
"VNN1" 0.137998260408449 3.89893410575294 0.384813375408326 0.708135964699457 0.799931367530868 -6.79144222117851
"eZR" -0.349198003843284 1.28510719615767 -0.376324439654536 0.714247055882391 0.802116684268966 -6.79489776002251
"DSG1" 0.34227410852088 1.79208455424942 0.375318209367636 0.714972839670851 0.802116684268966 -6.79530239033393
"TRAP1" 0.187941558457205 0.711437163711257 0.374302186509691 0.715705987602989 0.802116684268966 -6.79570988893584
"ARF4" 0.253937974374498 2.35750976334701 0.362450599980111 0.724280030814849 0.809600976853247 -6.80038376787778
"KRT35" -0.460858569695992 0.814572411337956 -0.351706568894704 0.732087377443066 0.815269574296294 -6.80449415213973
"APOA1" 0.118754930470563 6.47497209857035 0.347802959341089 0.734931981907109 0.815269574296294 -6.80595767161965
"OGN" -0.215991663913119 0.743074778439432 -0.347601194550747 0.735079124365511 0.815269574296294 -6.8060328825744
"eIF4A1" -0.160649763768461 0.437532434976122 -0.342086303407269 0.739105320349442 0.817611325878786 -6.80807213083939
"ANP32A" 0.137633982787043 0.488137472128007 0.326575916670649 0.750472638922316 0.828040870335475 -6.81363637756116
"PROZ" -0.10267169713718 3.245792045934 -0.323566768824285 0.752685332485439 0.82834184786413 -6.81468661341586
"SPP2" -0.143820703478624 3.4849997067358 -0.311501859393418 0.761580232603422 0.834510808749033 -6.81880171490287
"KRT81" -0.460858569695992 0.800151812720424 -0.310492647789572 0.762325943668273 0.834510808749033 -6.8191389851623
"TUBB2B" 0.461233898977534 1.36573439339964 0.308020189622232 0.764153925575812 0.834510808749033 -6.81996072071396
"eNO3" 0.297139325421634 0.99290281061463 0.304509314416375 0.766752245448419 0.835212267363456 -6.82111649715568
"KRT83" -0.460858569695992 0.863309165846668 -0.281101297101867 0.784151692264561 0.851991787778543 -6.82848937720326
"PGLYRP1" 0.185100609805714 1.56040861488942 0.275646696583585 0.788224460855826 0.854243260876745 -6.83012406977453
"KRT222" -0.0851390638796828 0.377680432503023 -0.256849440578122 0.802310093991556 0.867307367428846 -6.83551543861499
"PeBP1" -0.085139063879683 0.989592584313003 -0.2461640839983 0.81035054511223 0.872072064549652 -6.83841264646662
"MYL9" -0.085139063879683 0.417998069585503 -0.242855769896305 0.812844687800378 0.872072064549652 -6.83928499698523
"MYL12B" -0.085139063879683 0.417998069585503 -0.242855769896305 0.812844687800378 0.872072064549652 -6.83928499698523
"GSTP1" 0.137633982787043 0.784981248927217 0.236996590447475 0.81726727653558 0.874619366117024 -6.84080133235522
"OLFML3" -0.0851390638796828 0.907161839369262 -0.231695456131232 0.821274423595135 0.876710447187806 -6.84214168318083
"ITIH4" -0.140831563588717 4.82000702427043 -0.218576402305598 0.831214017014797 0.885108192681592 -6.84532966457137
"eSD" -0.0851390638796828 0.741032824739296 -0.208582807951152 0.838806616018213 0.89097120656661 -6.84763462721554
"YWHAZ" 0.0729919680087772 3.19842278451098 0.200532384938587 0.844935513398575 0.892332396980093 -6.84941362648112
"SPP1" 0.084111330047239 0.372099636326516 0.196646956465399 0.84789743797982 0.892332396980093 -6.85024738213192
"P31098" 0.084111330047239 0.372099636326516 0.196646956465399 0.84789743797982 0.892332396980093 -6.85024738213192
"KNG2" 0.0509677250982605 5.28730966303119 0.195926145422217 0.848447197128613 0.892332396980093 -6.85040027725019
"MAP10" 0.0841113300472391 0.432000322656884 0.189894848961982 0.853050533199006 0.89496947831935 -6.85165776310719
"CTSD" 0.109799099977169 1.05853662729871 0.177288474691641 0.862690648889888 0.902864968323486 -6.85415998689181
"RPL7" 0.0731152519183913 0.416538637176849 0.173428348350888 0.86564728328762 0.903744229740376 -6.85489203072562
"COL2A1" 0.0731152519183912 0.494870834168399 0.168994182724045 0.869046266972552 0.904835519092086 -6.85571316409919
"GSN" -0.0543315845589145 5.17463596655203 -0.166537436334459 0.870930675285357 0.904835519092086 -6.85615900774625
"GDI1" 0.0929743982399839 0.750027128108268 0.148982708584678 0.884419570263691 0.915765779050463 -6.85915571323447
"RAB13" 0.0731152519183912 0.723978957096803 0.147266192217103 0.885740671540612 0.915765779050463 -6.8594309173985
"ATIC" 0.0731152519183912 0.592567773217681 0.143446043070667 0.888682120118127 0.916587597319903 -6.86003199156193
"CSN2" 0.0599758183310022 0.843290344476437 0.0991563600963989 0.9229013305312 0.94782086551205 -6.86585077380716
"F9" 0.0279125760467318 4.81279679801799 0.0985076593727305 0.923403934550381 0.94782086551205 -6.86592024996247
"RBP4" 0.054252952167678 3.17122371336146 0.093684761138447 0.92714173452674 0.949375349263592 -6.86642251204508
"SeRPINA3-6" -0.0242114098353037 5.53073277414851 -0.0737921541699252 0.942577243539488 0.962871968878855 -6.86822811630556
"APOH" -0.0203714967919799 4.79199003580177 -0.0691397363849231 0.946191079750117 0.964256780556802 -6.86858858546949
"LGALS3BP" 0.0472036015287562 0.933071220314681 0.0563459706632047 0.956135143821618 0.972070729551978 -6.86945894935659
"UBB" 0.0309043633157704 0.706652665593456 0.0516978113296705 0.959750005250596 0.973428152593835 -6.86973124048532
"UBA52" 0.0309043633157704 0.911303654524378 0.0410792234579217 0.968011488398117 0.979480818829374 -6.87026542509109
"GAPDH" -0.0105418757697509 4.01546387994701 -0.0358472341401221 0.972083601631716 0.981275881552584 -6.8704836759696
"RAB8A" -0.0165622637029014 1.11747851921654 -0.0320033719114593 0.975075861082384 0.981974982740986 -6.87062510838878
"ARG1" 0.00431662302760127 1.23561033564881 0.00659979747758109 0.99485917476909 0.999540865003297 -6.87115693667948
"HA1B" -0.00123157528779849 0.620669685617257 -0.00318005608663843 0.997522922102065 0.99986452520559 -6.87117507515067
"ALB" -1.77635683940025e-15 9.67797934023327 -8.97002496355246e-15 0.999999999999993 0.999999999999993 -6.87118055975804
