"logFC" "AveExpr" "t" "P.Value" "adj.P.Val" "B"
"SeRPINA3-3" -5.54556966226944 1.84065714294141 -15.0928293708882 3.15644433451157e-08 6.62853310247429e-06 9.58857293901308
"THBS4" -2.47441948537667 2.59476000527697 -11.7325431285409 3.48777542884752e-07 3.6621642002899e-05 7.25561200843474
"RNASe4" -2.29264329283431 1.79223314365347 -7.26941828272553 2.64266028179888e-05 0.00165572529598818 2.8376207209441
"FGG" 2.77323759047093 3.58496865621262 7.12044770049274 3.15376246854892e-05 0.00165572529598818 2.65384798637741
"LTF" 2.16126269552616 3.61105158529327 6.79334237613021 4.69295532760363e-05 0.0018550907345549 2.24026656785447
"FGA" 2.81230711385863 3.90552896286996 6.66481415681758 5.50582094922606e-05 0.0018550907345549 2.07389304998205
"IGFBP6" -2.80175287683865 1.54222197353315 -6.57242572103494 6.18363578184967e-05 0.0018550907345549 1.95292760152916
"CST3" -2.8199105974574 1.73039472256853 -6.15542453540393 0.00010586213225449 0.00277888097168037 1.39236768130263
"APCS" 1.58594764795858 2.33755003449784 5.90897798984258 0.00014703663843114 0.0034308548967266 1.04963115233664
"TGM3" -2.03282305466407 1.2990670776417 -5.52397697895084 0.00024977930054782 0.00524536531150421 0.496827557038316
"CPN1" -2.49184337208627 3.97045309647127 -5.34764003087825 0.000320604637034831 0.00571261651675027 0.236499965265283
"MDH1B" -3.539962287362 2.13715887360276 -5.33502822527121 0.000326435229528587 0.00571261651675027 0.217709109449405
"NAP1L1" 1.69606392083861 2.39086209650566 5.20053121800188 0.000396170412786779 0.00639967589886335 0.0158917944320702
"CFH" -2.43282172234532 2.85344079396398 -5.00110720441705 0.000530430103936678 0.00795645155905017 -0.288121407172347
"IGFBP2" -2.32816594870033 3.02662991303917 -4.90744013274482 0.000609558026773864 0.00815614878391696 -0.432861012614268
"TAGLN2" -2.52483986596903 2.39451263921162 -4.86089644090095 0.000653469180187687 0.00815614878391696 -0.505241143559786
"H2A1" -2.185862501136 1.81484749722115 -4.85399706827993 0.000660259663459944 0.00815614878391696 -0.515996104726322
"CAPN1" -1.05289760490051 1.71150583854924 -4.7883618591074 0.00072874242133051 0.00850199491552261 -0.618640976763908
"F7" 0.837643827798738 2.63114259233792 4.73901772054519 0.000785184677805481 0.00867835696521847 -0.696200436312982
"HBA" -1.32406815162609 6.20511823843738 -4.50465747182531 0.00112434876655392 0.0118056620488161 -1.06906659706353
"FGB" 2.31620431049019 4.45733019811218 4.46454490159827 0.00119654040957382 0.0119654040957382 -1.13361314459897
"C7" 1.75469884188957 2.75835570545551 4.43256429013395 0.00125760645388949 0.0120044252416724 -1.18522272481478
"CDH1" -1.40093016743683 1.62027951224513 -4.38646660154224 0.00135149205620618 0.0123397100784043 -1.25984316486445
"TUBB3" 1.93928196659723 3.10357920664337 4.32512823384686 0.0014880527497159 0.0123849520199516 -1.35954749606958
"CFL1" -1.78967555658867 2.28532404078674 -4.31238046903604 0.00151822005314232 0.0123849520199516 -1.38032712745953
"PLG" 2.69597587355374 5.17047669769541 4.30607695405522 0.00153337501199401 0.0123849520199516 -1.39060959128852
"APOD" 1.14825826198564 2.78842632942818 4.16193964320895 0.00192718974054283 0.0149892535375553 -1.62702874512659
"CFAP210" -1.8398824955329 1.48543917210232 -3.98298833063679 0.00256947382413563 0.0192710536810172 -1.92383799337248
"AHCY" 1.50941520082524 2.61663982421895 3.90945503493639 0.00289528851515021 0.0201694257071828 -2.04677865471118
"HMGB1" 1.35355346822358 2.09096914264629 3.87658843942772 0.00305464098251817 0.0201694257071828 -2.10190070822219
"HSPA1A" 1.3184770749899 2.66329086595133 3.87283064816808 0.00307343629823737 0.0201694257071828 -2.10820964974772
"HSPA1B" 1.3184770749899 2.66329086595133 3.87283064816808 0.00307343629823737 0.0201694257071828 -2.10820964974772
"KRT7" -1.47728683050004 4.06946235951879 -3.8040944177501 0.0034394171605357 0.0206896245210592 -2.22384162422514
"CAT" 1.81351588396074 3.90363606718182 3.80150965515272 0.00345403716034159 0.0206896245210592 -2.22819820574785
"CTSL" -1.70473644091595 1.93590398302246 -3.78537228133456 0.00354679277503873 0.0206896245210592 -2.25541081942728
"CTSV" -1.70473644091595 1.93590398302246 -3.78537228133456 0.00354679277503873 0.0206896245210592 -2.25541081942728
"H2AJ" -2.185862501136 1.62132508483618 -3.74879055065072 0.0037668139564818 0.0213792143475994 -2.31718219389558
"IGFBP3" -1.37041418965216 1.80276586125359 -3.71268467056922 0.00399795954238022 0.0220939869447328 -2.37825969479453
"RAP1A" -3.10656227255192 1.43811606815302 -3.56096368537771 0.00514292507365201 0.0276926734735108 -2.63599802798928
"LUM" -0.667957949495951 3.47323049409322 -3.3961932471254 0.00677884975579621 0.0343657950649837 -2.91754561993573
"CFB" 0.551799892876375 5.05473589975052 3.39223945407703 0.00682414032696685 0.0343657950649837 -2.92431819455063
"YWHAe" 1.22856826535578 2.07157282639794 3.38381809845009 0.00692165029914139 0.0343657950649837 -2.93874558167576
"TUBB5" 1.84924411064458 3.20007207402301 3.37402900457221 0.00703680565616333 0.0343657950649837 -2.95551981235688
"KRT8" 1.63984700247283 2.62005465549085 3.34710829588304 0.00736378627761663 0.0351453435977157 -3.00166931291178
"YWHAB" 0.99059587254748 2.08741110889332 3.3308794320274 0.00756842798367188 0.0353193305904688 -3.02950274124213
"HMGB2" 0.943449223140639 2.10178519201185 3.26303820869527 0.00848931134486145 0.0387555517917588 -3.14594202031376
"DDBX" -1.47307436314245 2.50544970729147 -3.24350564628443 0.00877524675330245 0.0392085493232663 -3.1794884597812
"SeRPINA3-8" -1.05153249546678 3.94262723422624 -3.21921052958377 0.00914474515863682 0.0400082600690361 -3.22122482815889
"VCP" 1.71847305907447 2.13836727543858 3.14448718162227 0.0103843259954132 0.0445042542660566 -3.3496396374736
"C1QA" -1.53804597261939 1.82324849188888 -3.12031385316464 0.0108211307538353 0.0454487491661082 -3.39118956378533
"C1QB" -1.67264893911521 1.76988120489806 -3.05957905855233 0.0120032707450672 0.0494252324796883 -3.4955735047386
"GC" 0.485069047446752 6.33749488135356 2.96765861071195 0.0140478324237999 0.0567316309422688 -3.65345268123716
"eeF1A2" -2.34305708512991 1.60245986175832 -2.92838483061165 0.0150260755716359 0.0595372805668591 -3.720837208652
"S100A9" -1.10779066643172 1.58047300266955 -2.8929928500446 0.0159666403237911 0.0614254078001797 -3.78150986616625
"AFP" 0.687892860089077 6.86401100029777 2.8885948512674 0.016087606804809 0.0614254078001797 -3.78904545854805
"H2AC20" -1.75422412343312 1.7292346792619 -2.82228285914311 0.0180278377044705 0.0676043913917643 -3.90254170291953
"ARF1" -1.24242524164609 2.8894116531532 -2.81194755602561 0.0183508145709309 0.0676082642086926 -3.92020773146785
"SeRPINA5" -0.808902909180295 4.79743626368474 -2.73329874234875 0.0210069743088895 0.0760597345666689 -4.05439191695225
"SeRPINC1" 0.483121998390147 5.79168167307252 2.7167800224575 0.0216121272113225 0.0769045165479813 -4.08251195922386
"eeF1A1" -1.12062684186676 2.93104597856018 -2.70715586583061 0.0219727190137089 0.0769045165479813 -4.09888412341419
"BLVRB" -0.69285829358232 3.32894323911684 -2.67980256358206 0.0230307752287306 0.0792862753775972 -4.14536903969843
"HPX" 0.471098442973314 5.72988093777137 2.59349697613883 0.0267140531903707 0.0904830833867395 -4.29152708838698
"HBB" -0.652390294878392 5.96721099198713 -2.58100990468442 0.027293437303135 0.0909781243437835 -4.31260238997312
"MST1" -1.6604266350531 2.0289328015171 -2.55149925547595 0.0287127330899896 0.0942136554515285 -4.3623302664198
"SeRPINA3-5" 2.38612747996498 4.72352278530897 2.51122431620828 0.0307683850938645 0.0994055518417161 -4.43000577667663
"TBA1B " 0.91989169736153 4.38774025439901 2.4479236618615 0.0342966408018091 0.109125675278484 -4.5358829516247
"RAB1B" -1.33591412813307 2.1190953438568 -2.43347293556709 0.0351563449396901 0.110191528915446 -4.55996269289486
"RAP1B" -0.800009632377529 3.2229236989313 -2.38528889174803 0.0381786103496967 0.117904531962299 -4.63998981386638
"THBS1" -0.559618138685839 3.51534039804172 -2.34116091000595 0.0411686960512669 0.125296031460377 -4.71290088398169
"ACTC1" 1.75536140665312 3.63046138183506 2.32174668725868 0.0425554804536863 0.127666441361059 -4.74485571028385
"APOA2" -1.17219080501432 2.83142347922601 -2.29375184436922 0.0446355617800819 0.132020675687566 -4.79079498769281
"MFAP4" 0.75761505782504 1.58183909018346 2.28390107450456 0.0453907391806915 0.132389655943684 -4.80691978034838
"ORM1" -0.583025954937893 4.71001766278901 -2.24521808774144 0.0484779113508235 0.139457005255794 -4.87002918023533
"C9" -0.826069318155833 3.26305077591601 -2.20515037419906 0.0518893831998234 0.147253655026526 -4.9350262322609
"SeRPINA3-1" -0.660575875555963 6.03085073567506 -2.18693625299554 0.053515642014905 0.149843797641734 -4.96444157377776
"TUBA4A" 0.858332777517729 4.40214810039632 2.1435323464844 0.0575908205246972 0.15913253039719 -5.03419017845822
"COL1A1" 1.04805376615588 2.59070863168508 2.10922344657495 0.0610207834156475 0.166420318406311 -5.08896062894367
"KRT25" 1.17969205252686 1.99333714265774 2.09599670137168 0.0623945025694482 0.167985199225438 -5.10998645432705
"A2M" 0.48096592868731 6.65954998363921 2.03055113346767 0.0696356935723856 0.182935063087029 -5.21325242888892
"HSP90AB1" 1.61175533655408 3.55013302606423 2.0300890323477 0.0696895478426778 0.182935063087029 -5.21397686232317
"ANXA1" 0.650838888581622 1.84447918006411 1.98246913833595 0.0754551183338106 0.194885200715502 -5.28825835428755
"GALK1" -0.788411882164797 1.53390023968209 -1.97737335912756 0.0760980307555769 0.194885200715502 -5.2961625481938
"APOe" 0.343182804908753 4.76444191034778 1.95932405451279 0.0784168766565511 0.198404145757539 -5.32408781789545
"TGFBI" -1.3410289004808 2.78209095025877 -1.94240402056204 0.08065068516421 0.200580276900313 -5.35016301722499
"APOC2" -1.22155587035721 1.60215160264266 -1.93840517563554 0.0811872549358409 0.200580276900313 -5.35631079487777
"RGN" -0.672489941670126 1.84659104055194 -1.90430494311185 0.0859002723120541 0.209756478901527 -5.40850143062722
"TTR" -0.617393646625445 4.82494489902193 -1.8945867861822 0.0872894094404157 0.210036910929796 -5.42329674895303
"HSPA8" 0.758926768854699 2.8779300301127 1.8895645254752 0.088015467437248 0.210036910929796 -5.43092895344705
"APOA4" 1.09877491569912 2.75128178398651 1.87909836493288 0.0895466089069993 0.211289751353594 -5.44680340313102
"SeRPINF1" -0.477582269027354 4.74306007931245 -1.86526140541928 0.0916088361236837 0.213753950955262 -5.46772604077305
"SeRPINA3-4" -0.40499129268429 5.7630180423362 -1.85535130009088 0.0931127640475499 0.2148756093405 -5.48266525723926
"SeRPINA3-2" -0.646251919243048 6.14737146797983 -1.83484370983305 0.096297707537735 0.219809984597004 -5.51345673961726
"HSP90AA1" 0.811968172499883 5.01185772361148 1.80868271105395 0.10050647711931 0.226950109624248 -5.55249042307918
"TUBB4B" 1.78632992184849 2.76762849792396 1.79526103507295 0.102730785350636 0.228906291013323 -5.57240677918503
"TF" 0.307132662900727 7.84026817965986 1.79036804516982 0.103552845934599 0.228906291013323 -5.57964868250629
"PRDX2" -0.972354988361611 1.43577579709472 -1.748153449319 0.110899184367773 0.242591965804504 -5.64170274933055
"CLU" 0.437685305768474 3.72420391435761 1.72092354617623 0.115886507251684 0.250888314668594 -5.68131395836061
"PGK1" 0.688018699734124 2.68216459246657 1.66781298707318 0.126202278321586 0.270433453546256 -5.75759450564447
"HP" 0.84850106647019 2.16473729897459 1.65998260640043 0.127791183372739 0.271072207154294 -5.76872814798708
"AFM" 0.458445228825227 5.01846987539221 1.64853098865177 0.130147201310114 0.273309122751239 -5.78495718004693
"KRT19" 1.19913574398669 2.97300884550838 1.62905414404722 0.134243682863419 0.279120528725921 -5.81241167523394
"ARG1" -0.680959627414206 1.51187374967509 -1.61967740482206 0.136256576742674 0.280528246234918 -5.82556186188666
"KRT5" 1.18259306400775 4.91932577095446 1.57356267273769 0.146551406068211 0.298794128876935 -5.88958297121775
"F13A1" -0.815139129422661 3.16076014391508 -1.56722207162737 0.148019402152054 0.298885331268571 -5.89829929640534
"HSPA1L" 0.391920085059688 2.03105486994055 1.55962132327194 0.149796217218104 0.299592434436208 -5.90871990149971
"KRT72" -1.05289760490051 1.66486311146226 -1.55277036862215 0.15141380964082 0.299970754948794 -5.91808618807863
"CHIA" 0.790092388899718 2.58029297813019 1.53483684241534 0.15572097677943 0.305620608632527 -5.94248453074306
"FN1" 1.11012313512711 2.24724570455298 1.51909383321223 0.159590078050256 0.307897617865197 -5.96375840931257
"F2" 0.319139801813599 6.01393104044267 1.51819486743326 0.159813525463364 0.307897617865197 -5.96496908743921
"PROS1" 0.451352419148702 6.02882916831202 1.46298132185015 0.174069434181858 0.329867271998888 -6.03845722867838
"TUBB4A" -1.40093016743683 1.57362140432725 -1.46190316265425 0.174358415199412 0.329867271998888 -6.03987489752455
"FeRMT3" -0.815801766372032 2.57094596563215 -1.45092377862168 0.177324839056508 0.332484073230952 -6.05427309828687
"SLC2A1" 0.926685634767834 1.81556114998016 1.41309725349923 0.18787873299204 0.349155167507332 -6.10333275508999
"MYL6" 0.381476201078251 1.60640712905673 1.39621815043181 0.19275824287602 0.355080973718984 -6.12494644214517
"AMBP" 0.424151952737358 3.83665631216324 1.38935209410815 0.194773667754399 0.355673654160208 -6.13368851502608
"VASP" 0.739570503554224 1.90427834547892 1.35845607850004 0.20406448549414 0.369427085808356 -6.17266374620443
"KRT75" 0.822912816604516 4.11795004753345 1.33970095461323 0.209883982388503 0.376714840184492 -6.1960295007256
"KRT17" 1.34155853141647 3.04611726941888 1.33109221631786 0.212601271242929 0.378358194584874 -6.20667907957032
"C4BPA" 0.831955532568432 2.5604307449876 1.32057194180292 0.215961666535203 0.381108823297418 -6.21962823786398
"AHSG" -0.235318091136474 7.80756747578542 -1.31064346291535 0.219173402195013 0.383553453841273 -6.23178277755882
"COL10A1" -0.480134548173017 3.41398948058933 -1.27155604379695 0.232203908070945 0.397102874290642 -6.27899972660128
"CDH5" 0.459361387634106 1.62330616968147 1.26762248568132 0.23354974868704 0.397102874290642 -6.28369462313566
"eNO1" -0.368172826792893 4.13485512327114 -1.26544838644432 0.234296337113429 0.397102874290642 -6.28628501271165
"PGLYRP1" -0.472360162705527 1.86670757066719 -1.26491502356324 0.234479792438284 0.397102874290642 -6.28692001160698
"PPIA" 0.415044570179944 2.01136252042109 1.25490189142485 0.237945744585026 0.397592446481266 -6.29880521127778
"ANXA5" 0.544434921678101 2.49945214933383 1.25315272442382 0.238555467888759 0.397592446481266 -6.30087436880331
"ADIPOQ" -0.532915851562076 3.53429241614219 -1.22697903957362 0.2478317552593 0.401711159001689 -6.33158397311455
"ITIH3" 0.967581828885362 4.19361490597813 1.22681448435888 0.247890986203172 0.401711159001689 -6.33177553965415
"CKM" 1.1219306068832 2.19737711784173 1.22613761972973 0.248134740992455 0.401711159001689 -6.3325633106916
"JUP" -1.09582900258268 2.50181661177357 -1.22463008142381 0.248678336524855 0.401711159001689 -6.33431671135567
"CFD" 0.563936492648892 1.72282440702689 1.20254960657617 0.256750757573711 0.411585183896788 -6.35981491098371
"eZR" -0.815101220977109 1.59552401652666 -1.17810132308056 0.265932352625776 0.423074197359189 -6.38764238991333
"F10" 0.415544089687111 5.05332503436848 1.16133641625556 0.272377977466912 0.430070490737229 -6.40647484192302
"PFN1" -0.337771922520433 2.88810431886772 -1.1030617630715 0.295744137648675 0.463479618703148 -6.47031990701679
"F12AI" -0.337224517539688 4.62688288008056 -1.08417682627626 0.303640896363027 0.472330283231375 -6.49046009850014
"SeRPINA1" -0.253314187208281 7.18677226405358 -1.07686997956535 0.306739340948318 0.473641629405491 -6.49817906276168
"CAP1" -0.681329816191362 1.99603331275148 -1.05029339191033 0.318212927142464 0.487508543273461 -6.52590461094637
"COL1A2" -0.516908309774156 2.43239036993102 -1.04539485178609 0.320362757008275 0.487508543273461 -6.53095451213439
"F5" 0.372106823353477 6.11640606054422 1.03631762969259 0.324375434227758 0.490063605667836 -6.54026208827423
"HP20" 0.415044570179944 1.84146911252175 1.01179063700826 0.33540648249991 0.502747723892705 -6.56508328572228
"KNG1" 0.211141955969394 5.50669463689372 1.00204873609833 0.339864577162925 0.502747723892705 -6.57480793450367
"C4" -0.324109051495319 5.15717561133321 -1.0018559893195 0.339953222822686 0.502747723892705 -6.57499956544375
"TUBA1D" 1.39286197539351 2.63962455348943 0.971008537886875 0.354361113931904 0.520390447032866 -6.60527805007839
"FeTUB" 0.294483023252014 5.30920281001369 0.927750458999748 0.375307679631182 0.54732369946214 -6.6464124922962
"LDHB" -0.417713290770944 2.78190797278952 -0.915138363475003 0.381578273188073 0.552630602548244 -6.65810924232689
"LYSM" -0.369133277980833 1.67389975157714 -0.896321791358203 0.391071010716323 0.562499398975533 -6.67530818040546
"KRT71" 0.524562553776084 2.05756730851345 0.887403995624413 0.395627363657661 0.565181948082372 -6.68335317731143
"CAPNS1" -0.359172025872784 2.11972303377883 -0.864496123568603 0.407500786568951 0.578210575537025 -6.70370333113129
"HABP2" -0.368640207058773 1.97521720379145 -0.854105333954876 0.412966633929353 0.582033510907142 -6.71278304896685
"APOC4" 0.231192624850898 1.51997790248747 0.810282168962404 0.436567459106018 0.611194442748425 -6.75002694520962
"KRT73" 0.492584040786139 3.10773789844879 0.796886766029342 0.443957730514544 0.617424658331484 -6.76106880754031
"LDHA" -0.390528656095191 2.21903357119157 -0.786814307155366 0.449568778919341 0.62111476034909 -6.76926480101828
"SeRPINA7" -0.231092477264054 4.24631587022224 -0.727066679809399 0.483797608467549 0.664035933190754 -6.81597323103916
"PROC" 0.268790406154141 4.66365728954961 0.70656468993694 0.4959113803036 0.67624279132309 -6.83123802049863
"DSG1" -0.411491364209049 2.04091758717559 -0.682386299820866 0.510435228821304 0.685161920329325 -6.84873160505885
"ACTB" 0.170860513745975 5.07006607119946 0.676722004935689 0.513874608157675 0.685161920329325 -6.85274972609985
"ACTG1" 0.170860513745975 5.07006607119946 0.676722004935689 0.513874608157675 0.685161920329325 -6.85274972609985
"NACA" 0.158368016854472 1.57730167988569 0.674048533645386 0.515502778152539 0.685161920329325 -6.85463561366639
"CSN1S1" -0.334612963209376 1.59021847290632 -0.659472931569224 0.524433658480317 0.692648228181551 -6.86479730223102
"AGT" 0.128271765019055 5.97218642170256 0.650427663970473 0.530021733270355 0.695653524917341 -6.87100102217948
"PROZ" -0.184894682237298 3.18236999200608 -0.631275420119337 0.541968350976308 0.706915240403879 -6.88387642197196
"GDI2" -0.182031129299817 2.16737953791039 -0.624174460482679 0.546436917571373 0.708344152407335 -6.88855992444368
"MYH10" 0.314963293777102 1.91625148282256 0.600982208514225 0.561177322305184 0.721528676450586 -6.90351443843153
"A1BG" 0.119975360558112 4.99495179183511 0.593444540622805 0.566015599854083 0.721528676450586 -6.90826145187745
"RPS27A" -0.269722803338519 1.52039333586969 -0.592046692480118 0.566915388639746 0.721528676450586 -6.90913564336061
"C3" 0.131340061319787 7.60031675304993 0.582202546481289 0.573274378476066 0.725226623373337 -6.91523754034268
"ITIH1" 0.380485173618915 2.94788709797323 0.561812085559864 0.586569187770911 0.737601972646056 -6.92757201466264
"SPP2" -0.232676026198021 3.40184120496564 -0.542377062711572 0.599393145609492 0.748029259708737 -6.93894400179571
"KRT27" 0.274090536330122 1.95589937124614 0.535206770620947 0.604161220734468 0.748029259708737 -6.94304427768677
"MSN" 0.299585038286438 1.63034849844468 0.533127596779686 0.605547495954692 0.748029259708737 -6.944223603497
"RAB11B" 0.10066448772386 1.66494445208404 0.47062405518779 0.647969578834578 0.787170193079488 -6.97763896105729
"KRT79" 0.503621193995284 3.14550836938537 0.465348071341377 0.651614687988669 0.787170193079488 -6.9802778465101
"GFAP" -0.334856934520067 2.6104202465692 -0.457078659321429 0.657347295241004 0.787170193079488 -6.98435661112156
"SeRPINF2" 0.121490386544052 5.23179885810656 0.456820195167951 0.657526848977892 0.787170193079488 -6.98448296493042
"ARF4" -0.178162600984997 2.47758108571041 -0.453881956828048 0.659569631537172 0.787170193079488 -6.98591454424753
"ARF3" 0.149825891141003 2.92353999270686 0.453660681289703 0.659723590390428 0.787170193079488 -6.9860219960905
"YWHAQ" 0.252499876404224 1.97512935672016 0.443318885458611 0.666937669919653 0.791281981260605 -6.9909878540513
"KRT10" 0.557115487156653 3.68181907607915 0.414402013257086 0.687296844916689 0.807256755113873 -7.00428754654275
"CD9" -0.200445752851976 1.64620541703001 -0.413282777471676 0.68809028173992 0.807256755113873 -7.0047849185165
"SeRPINA3-7" -0.130613361919274 5.13464959719896 -0.404896444480708 0.694048003783778 0.809722671081074 -7.00847029729284
"H4" -0.200445752851976 1.60112968709193 -0.329636703782435 0.748450407595953 0.851372566836801 -7.03825341276758
"KRT80" 0.179974795335234 2.06580377796066 0.329604845375451 0.748473772323324 0.851372566836801 -7.03826475904917
"HRG" -0.143610991685948 2.10420444173755 -0.324011362076919 0.752580110008678 0.851372566836801 -7.04024022400686
"APOA1" 0.0997025844638468 6.32322166493708 0.31936199197319 0.755999521913681 0.851372566836801 -7.04185705505207
"VNN1" 0.100831861909153 3.83313607443894 0.313990331882376 0.759957029641402 0.851372566836801 -7.04369655252887
"SeRPINA6" -0.137479280197017 1.54892818286882 -0.30640393893311 0.765558583274282 0.851372566836801 -7.04624234688922
"CPB2" 0.0982782591087492 3.1308940527783 0.30588663557995 0.765941064543934 0.851372566836801 -7.04641371556909
"ACTA1" 0.430985124744409 2.55383235055612 0.29830307565721 0.771555678536769 0.851372566836801 -7.04889331061153
"GAPDH" -0.0745619657520269 3.95012980920332 -0.298190796676969 0.771638911035691 0.851372566836801 -7.04892956320687
"HSP90B1" -0.112542900639611 1.59696462298147 -0.294610121707536 0.774294855831578 0.851372566836801 -7.05007865758716
"KLKB1" 0.149824929450516 2.83050270008975 0.291434862482251 0.77665264367514 0.851372566836801 -7.05108623422419
"RPLP0" 0.117542879483253 1.62895395250168 0.289086737624265 0.778397775393647 0.851372566836801 -7.0518244395047
"ITIH4" -0.166134240152324 4.73913038249215 -0.273856565666506 0.789747831563028 0.859311112063398 -7.05646982484874
"CLeC3B" 0.105191606739968 2.94099754031194 0.263836077835773 0.797243855998065 0.862995926595844 -7.05939113073203
"GSN" -0.0645192739877638 5.05939569202448 -0.228512528388072 0.823836120654942 0.879151684744177 -7.06883139358502
"KNG2" 0.0505768176455472 5.17128231713616 0.227533942935692 0.82457633286562 0.879151684744177 -7.06907385415175
"APOH" -0.0534015181046197 4.70029939746969 -0.227333451409258 0.824728009021918 0.879151684744177 -7.06912340210695
"KRT28" -0.219304442893933 1.46586262157707 -0.207155241838299 0.840030881420332 0.890941843930655 -7.07388878749549
"ANXA2" -0.0868982919857828 2.2980117855003 -0.161306669369596 0.875052478366514 0.923422213351598 -7.08308294687309
"P02070" 0.124583675616612 4.28031061016119 0.148419635814823 0.884951010446288 0.929198560968603 -7.08525754046755
"USO1" -0.067171546595955 2.04722086090995 -0.0914228807677775 0.928955410212547 0.9696979894639 -7.09271184838948
"RAC1" 0.019869140156713 1.73014674754034 0.0760916221625394 0.940841511823646 0.9696979894639 -7.09411341728692
"F9" 0.018140892174535 4.71690097133428 0.0741430615069059 0.942353358237548 0.9696979894639 -7.09427320030954
"YWHAZ" -0.024316931556386 3.11742309689782 -0.0739839019722457 0.942476857396329 0.9696979894639 -7.09428606857947
"RBP4" -0.0371281274149622 3.10671052845277 -0.0686585492441657 0.946609942095712 0.9696979894639 -7.0947007051486
"UTP15" 0.0566952291017806 2.6685006643496 0.0540490666729541 0.957956724548775 0.976359348298828 -7.09567936629452
"SeRPINA3-6" -0.0140291945544897 5.40500173690855 -0.0483171845280511 0.962411357608845 0.976359348298828 -7.09599972154733
"KRT78" -0.0226625640317732 1.55453426809448 -0.0285584973806011 0.97777656259075 0.987178260307969 -7.09682913431368
"TUBB2B" -0.0169877280518658 1.75809006197915 -0.0126827143962467 0.990129476166847 0.994866937775301 -7.09718668495109
"ALB" -1.77635683940025e-15 9.57938323931737 -1.21669687851869e-14 0.99999999999999 0.99999999999999 -7.09727452916742
