"logFC" "AveExpr" "t" "P.Value" "adj.P.Val" "B"
"BLVRB" -1.54031331076636 3.32894323911684 -5.95754658224472 0.000137728568207251 0.0289229993235227 1.32298460291396
"F7" -0.905988456207437 2.63114259233792 -5.12568135296763 0.00044173651393426 0.0463823339630973 0.136007515451769
"CAPN1" -1.0441510042837 1.71150583854924 -4.74858411757258 0.000773889601533655 0.0541722721073558 -0.435960472119803
"HBA" -1.27443485381175 6.20511823843738 -4.33579833449456 0.00146328863641163 0.0732922471245317 -1.08520598651273
"VCP" 2.30860626769052 2.13836727543858 4.22432157305705 0.00174505350296504 0.0732922471245317 -1.26442937551206
"C7" 1.55931893160762 2.75835570545551 3.93901292242875 0.00275940540440165 0.0965791891540579 -1.72994270498468
"NAP1L1" 1.16189065530377 2.39086209650566 3.56263024675641 0.00512864928189333 0.124411918443304 -2.3568194386727
"LDHA" -1.74812177668989 2.21903357119157 -3.52201356566828 0.00548857369469971 0.124411918443304 -2.42516002378261
"CFAP210" -1.59631007771878 1.48543917210232 -3.45570134346556 0.00613345528918356 0.124411918443304 -2.53696245990202
"CDH5" 1.20791800332092 1.62330616968147 3.33328848067769 0.00753768416535105 0.124411918443304 -2.74397729723962
"MYL6" 0.905345385376971 1.60640712905673 3.31360031346677 0.00779275838336837 0.124411918443304 -2.77733492107426
"CPB2" 1.06160349582929 3.1308940527783 3.30419285612098 0.00791775866170965 0.124411918443304 -2.79327907864264
"KRT72" -2.23424732745015 1.66486311146226 -3.29497667208165 0.00804221810140314 0.124411918443304 -2.80890210394229
"KRT7" -1.25910815700032 4.06946235951879 -3.24227239592143 0.00879362868998189 0.124411918443304 -2.89829689557949
"ARF1" -1.41497730957987 2.8894116531532 -3.20247999970867 0.00940844021613486 0.124411918443304 -2.96583978114991
"H2A1" -1.43785367532838 1.81484749722115 -3.19294444231158 0.0095622069874921 0.124411918443304 -2.98203018162401
"CDH1" -1.01000934583003 1.62027951224513 -3.16245046734546 0.0100714410168389 0.124411918443304 -3.03381586832147
"HMGB1" 1.08187137020494 2.09096914264629 3.09848864130097 0.0112316186798001 0.131035551264334 -3.14246903122366
"FGG" 1.14946319624598 3.58496865621262 2.95131315132682 0.0144468767977697 0.159676006712191 -3.39240976057386
"AFM" 0.81053273701425 5.01846987539221 2.91460844234049 0.0153853399620818 0.161546069601859 -3.45467367496348
"COL1A1" 1.4338133296423 2.59070863168508 2.88557017831796 0.0161713372771115 0.161713372771115 -3.50389870539135
"HPX" 0.508420367582312 5.72988093777137 2.79896209719973 0.0187648783164108 0.178977564045184 -3.65047997063918
"GC" 0.452989156692408 6.33749488135356 2.77139343046814 0.0196753718105621 0.178977564045184 -3.69704775683309
"F9" -0.672560157735274 4.71690097133428 -2.74879915840407 0.020454578748021 0.178977564045184 -3.73517394276964
"LUM" 0.519500380944868 3.47323049409322 2.64136939604569 0.0246039498116706 0.206673178418033 -3.91587953333237
"RAB1B" -1.39270481146165 2.1190953438568 -2.53692164380523 0.0294405894430485 0.230327099907739 -4.09042872401239
"CFB" 0.4121145663828 5.05473589975052 2.53351135027637 0.0296134842738522 0.230327099907739 -4.09610523816253
"APOe" -0.439418373286993 4.76444191034778 -2.50875911164897 0.0308988340218687 0.231741255164016 -4.13725851165606
"THBS1" 0.59032208840935 3.51534039804172 2.46961079735999 0.0330450999229215 0.239292102890121 -4.20216820053558
"CFD" 1.13919032283375 1.72282440702689 2.42923253308957 0.0354126102794479 0.247888271956135 -4.26887074375889
"SeRPINC1" 0.427536208126661 5.79168167307252 2.40419983562361 0.0369632351495929 0.250396109077887 -4.31008864016207
"FGB" 1.17598174838651 4.45733019811218 2.26673583817849 0.0467363825799119 0.301191988684006 -4.53434632390201
"GSN" 0.637904849108959 5.05939569202448 2.25931323976995 0.0473301696503437 0.301191988684006 -4.54634471748355
"VASP" 1.21541052116442 1.90427834547892 2.23248737262229 0.0495376520959142 0.305967851180647 -4.58960398885826
"LTF" -0.687811538112181 3.61105158529327 -2.16194878962238 0.0558265950707625 0.334959570424575 -4.70253373310692
"RAP1B" -0.683216370928688 3.2229236989313 -2.03706099812003 0.0688811924718733 0.401806956085928 -4.8992167007985
"KRT80" -1.092967633538 2.06580377796066 -2.00165488273867 0.0730801020177649 0.414778957398125 -4.95413359966725
"ARF3" -0.650595064079006 2.92353999270686 -1.96994923751885 0.0770439216175188 0.425769040517867 -5.00296691312863
"F10" -0.698554636601875 5.05332503436848 -1.95227644518004 0.079340173403341 0.427216318325682 -5.03004048320607
"CPN1" -0.887834384306359 3.97045309647127 -1.90534395038311 0.0857529782785581 0.431944805541291 -5.10140925862485
"A2M" 0.449257560906872 6.65954998363921 1.89668414144871 0.0869878511246356 0.431944805541291 -5.11449147260406
"YWHAe" 0.685155792537515 2.07157282639794 1.88710927705344 0.0883724572203245 0.431944805541291 -5.12892385335046
"PROC" -0.717700052827761 4.66365728954961 -1.8866057109314 0.0884458411346453 0.431944805541291 -5.12968194576137
"RGN" 0.649017536430872 1.84659104055194 1.83783760352186 0.0958265518241937 0.449498554902077 -5.20264305040191
"HSPA1A" 0.615740334070432 2.66329086595133 1.8086458098784 0.100512531460922 0.449498554902077 -5.24587054191864
"HSPA1B" 0.615740334070432 2.66329086595133 1.8086458098784 0.100512531460922 0.449498554902077 -5.24587054191864
"JUP" -1.61469368277515 2.50181661177357 -1.80448085563627 0.101198028764697 0.449498554902077 -5.25200997469876
"ANXA5" -0.778394287761824 2.49945214933383 -1.79166854208776 0.103333765953199 0.449498554902077 -5.27085150620515
"F5" -0.632341924108156 6.11640606054422 -1.76107247387 0.108601977379544 0.449498554902077 -5.31556765306473
"MFAP4" 0.575824991533701 1.58183909018346 1.73587800731663 0.113122850178628 0.449498554902077 -5.35208793000998
"HBB" -0.436704239621924 5.96721099198713 -1.72770498998911 0.114625760419081 0.449498554902077 -5.36387517834683
"H4" -1.04475574416974 1.60112968709193 -1.71811991456961 0.116411396681479 0.449498554902077 -5.37766100545429
"PROS1" -0.528900402501288 6.02882916831202 -1.71433978671883 0.11712251290332 0.449498554902077 -5.38308647258335
"FN1" 1.24077987686778 2.24724570455298 1.69788467574623 0.120264058161958 0.449498554902077 -5.4066283344552
"SeRPINF2" 0.448704884655268 5.23179885810656 1.68719072193181 0.12234629937975 0.449498554902077 -5.42186133047024
"APOC2" -1.05783524198927 1.60215160264266 -1.67860787852631 0.124040925674965 0.449498554902077 -5.43404877036952
"S100A9" -0.641553880365213 1.58047300266955 -1.67541652503111 0.124676406388704 0.449498554902077 -5.43857163400943
"TGFBI" 1.15444361207687 2.78209095025877 1.67214585219328 0.125330718234224 0.449498554902077 -5.44320194453443
"SeRPINA6" 0.7481351367532 1.54892818286882 1.66738982359332 0.126287689234393 0.449498554902077 -5.44992607727255
"KRT73" -1.00561347693538 3.10773789844879 -1.62684944122759 0.134714565508036 0.469911803649453 -5.5068023194376
"CLU" 0.411651066654386 3.72420391435761 1.61856019399662 0.136498190583889 0.469911803649453 -5.51833296412176
"FGA" 0.652835045267627 3.90552896286996 1.54713695041524 0.152755407577268 0.517397348245584 -5.61624059514679
"RNASe4" -0.473721110617938 1.79223314365347 -1.5020552535156 0.163871848397741 0.546239494659138 -5.67665273046373
"C4BPA" -0.939325931539581 2.5604307449876 -1.49100212792566 0.166702605910515 0.546992925643879 -5.69129429980923
"RPLP0" 0.59640323873402 1.62895395250168 1.46680315602383 0.173048383632795 0.559079393275183 -5.72310979100047
"MYH10" 0.747816913425913 1.91625148282256 1.42691122767167 0.183963938788657 0.585339805236636 -5.77482289814963
"PGLYRP1" -0.523685685366317 1.86670757066719 -1.40235765702753 0.190971088350707 0.59558380333173 -5.80618604809111
"KNG1" 0.293895207601086 5.50669463689372 1.39478352357744 0.193177888403996 0.59558380333173 -5.81578756931601
"KLKB1" 0.702932536700745 2.83050270008975 1.36732283418389 0.20136073342348 0.59558380333173 -5.85030455448813
"SLC2A1" 0.895437698423319 1.81556114998016 1.36544746659278 0.201930065433383 0.59558380333173 -5.85264482330452
"LYSM" -0.557166982441107 1.67389975157714 -1.35290134370705 0.205773783283453 0.59558380333173 -5.86824459060417
"APOH" 0.317432909810983 4.70029939746969 1.35133085237087 0.206259225156442 0.59558380333173 -5.87019037356281
"CKM" 1.23418955999255 2.19737711784173 1.34882339433502 0.207036274491506 0.59558380333173 -5.87329380253105
"SeRPINA3-7" 0.431702978878999 5.13464959719896 1.33826278300584 0.210335903361326 0.596899185214575 -5.88632079070229
"IGFBP3" -0.473721110617938 1.80276586125359 -1.28339090385707 0.228192979919577 0.634224204448842 -5.95285124681984
"KNG2" 0.279239184365143 5.17128231713616 1.25623547701289 0.237481738176501 0.634224204448842 -5.98504151151681
"TUBB4A" -1.19599408530524 1.57362140432725 -1.24804760184619 0.240342287263413 0.634224204448842 -5.99464981802263
"AHCY" 0.478587043321302 2.61663982421895 1.23956253067072 0.243336169840125 0.634224204448842 -6.00455861009088
"A1BG" 0.250303517076309 4.99495179183511 1.23809801459754 0.243855961296336 0.634224204448842 -6.0062638654279
"SeRPINA7" 0.393197704573281 4.24631587022224 1.2370846206565 0.244216165543139 0.634224204448842 -6.00744297963188
"CHIA" 0.634852759396245 2.58029297813019 1.23326767643888 0.245576745499369 0.634224204448842 -6.01187776321374
"SeRPINA3-8" 0.398648131711558 3.94262723422624 1.22043994716024 0.250194285495584 0.634224204448842 -6.02670808583388
"KRT75" -0.743864221176975 4.11795004753345 -1.21100994796191 0.253633209982385 0.634224204448842 -6.03753723705986
"VNN1" 0.388842738374475 3.83313607443894 1.21085595525605 0.253689681779537 0.634224204448842 -6.03771356191154
"RBP4" 0.645283436424592 3.10671052845277 1.1932792650983 0.260201961706788 0.63773013978145 -6.05772954179791
"APCS" 0.319581633370572 2.33755003449784 1.19070818004326 0.261165676291451 0.63773013978145 -6.0606391199349
"YWHAQ" -0.662962517894224 1.97512935672016 -1.16397603325237 0.271354999896836 0.654994827337191 -6.09061052806142
"CD9" -0.558074454743638 1.64620541703001 -1.15064827970072 0.2765512999965 0.656586510767073 -6.10536044111974
"H2AJ" -0.663764025788489 1.62132508483618 -1.13836634575349 0.281408893054068 0.656586510767073 -6.11883796968399
"HSPA8" -0.456187977037131 2.8779300301127 -1.13581000662093 0.282428304703017 0.656586510767073 -6.12162920423853
"C3" 0.253314187208282 7.60031675304993 1.12288789399462 0.287625621956923 0.656586510767073 -6.13566465968325
"eeF1A1" -0.462694939823223 2.93104597856018 -1.11775595018409 0.289710269877656 0.656586510767073 -6.14120430730545
"MDH1B" -0.733913378770136 2.13715887360276 -1.10607070719972 0.29450072172845 0.656586510767073 -6.15374431806475
"USO1" -0.810363773477736 2.04722086090995 -1.10293412010916 0.295796974425035 0.656586510767073 -6.15709286589019
"ANXA2" -0.592568535221705 2.2980117855003 -1.09996703738978 0.297027231061295 0.656586510767073 -6.16025361951436
"RAC1" -0.276070662818978 1.73014674754034 -1.05725081204816 0.315178296796603 0.67824094514241 -6.20501373560185
"KRT5" -0.79311275387154 4.91932577095446 -1.05531874213349 0.316018802281304 0.67824094514241 -6.2070050120178
"KRT25" 0.593029219854926 1.99333714265774 1.05365403282197 0.316744360040334 0.67824094514241 -6.20871840506559
"SeRPINA5" 0.30979589062019 4.79743626368474 1.04680637021698 0.319742159852851 0.67824094514241 -6.21574359501712
"RAP1A" -0.882379846247591 1.43811606815302 -1.0114468385067 0.335563068526527 0.704682443905707 -6.25143257756192
"CLeC3B" 0.389844837852592 2.94099754031194 0.977788401291439 0.351156752741298 0.726933021497308 -6.28447637534062
"eeF1A2" -0.779084155930978 1.60245986175832 -0.973710046791994 0.353081753298692 0.726933021497308 -6.2884178609345
"F13A1" 0.498719166742468 3.16076014391508 0.958859239423329 0.360156459236869 0.734299577084878 -6.30265514435124
"GFAP" -0.691662364712636 2.6104202465692 -0.9441169459998 0.367280565310629 0.741624218415693 -6.3166085648808
"RPS27A" 0.423539834131914 1.52039333586969 0.929678005817934 0.374355833123564 0.748711666247128 -6.33009973733074
"FeRMT3" 0.517861432193181 2.57094596563215 0.921029466927521 0.37864008674628 0.750136020912442 -6.33809701137866
"CAP1" 0.587804262492352 1.99603331275148 0.906120527769541 0.386107142689801 0.755468201918918 -6.35173521879501
"ACTC1" 0.678583193829791 3.63046138183506 0.897534989850141 0.390454006909547 0.755468201918918 -6.35950346881412
"eNO1" 0.259229456560974 4.13485512327114 0.89099866598372 0.39378630342826 0.755468201918918 -6.36537544603514
"UTP15" 0.923365364650531 2.6685006643496 0.880268709522257 0.399299566827472 0.755468201918918 -6.37493548667651
"HABP2" 0.379916408628045 1.97521720379145 0.880231252188017 0.399318906728571 0.755468201918918 -6.3749686867084
"TUBB4B" 0.847691755814339 2.76762849792396 0.851929960055346 0.414117267878993 0.776469877273111 -6.39970650312062
"KRT17" -0.802690061079006 3.04611726941888 -0.796427787082732 0.444212405511142 0.794233340163131 -6.44618009158206
"COL10A1" -0.297792392818525 3.41398948058933 -0.788653343788754 0.44854085447714 0.794233340163131 -6.45247080289104
"CAT" 0.374615157485747 3.90363606718182 0.785271940953924 0.450432068990313 0.794233340163131 -6.45518989658425
"F2" -0.163942505220056 6.01393104044267 -0.779898554065698 0.453448112610955 0.794233340163131 -6.45948958110722
"KRT8" 0.381889091628037 2.62005465549085 0.779477685886502 0.453684897807345 0.794233340163131 -6.45982525007573
"SeRPINA1" -0.181499615444025 7.18677226405358 -0.77157734167341 0.45814465730411 0.794233340163131 -6.4660965044623
"KRT71" -0.454673575827095 2.05756730851345 -0.769172608660956 0.459507757205304 0.794233340163131 -6.46799412952016
"ACTB" -0.193762073261668 5.07006607119946 -0.767427510449125 0.460498590509065 0.794233340163131 -6.46936793211865
"ACTG1" -0.193762073261668 5.07006607119946 -0.767427510449125 0.460498590509065 0.794233340163131 -6.46936793211865
"COL1A2" 0.378669767585312 2.43239036993102 0.765821361497705 0.461411749999533 0.794233340163131 -6.47062990085611
"PLG" 0.453383415085081 5.17047669769541 0.724154802051421 0.485506755328541 0.828913972512143 -6.50254212906736
"AGT" 0.138719171290641 5.97218642170256 0.703403328995188 0.497795830082312 0.8430413251394 -6.5178368315746
"PRDX2" -0.379334217775838 1.43577579709472 -0.681987987089899 0.510676630522987 0.852151229711637 -6.53319836158834
"TGM3" -0.250598823450318 1.2990670776417 -0.680975222371474 0.511290737826982 0.852151229711637 -6.53391414138122
"TUBB3" 0.30191159358544 3.10357920664337 0.67334527935271 0.51593158031283 0.8531152115409 -6.53927550175367
"DSG1" -0.391826486046104 2.04091758717559 -0.649775546319797 0.530425952471069 0.870230078272848 -6.55548829701087
"TUBB5" 0.351444713737551 3.20007207402301 0.641226677877997 0.535741708843625 0.87213766555939 -6.56123775311378
"APOD" -0.174605122858504 2.78842632942818 -0.632868063562226 0.5409690130927 0.873873021149746 -6.56679147045216
"KRT27" -0.312572296341808 1.95589937124614 -0.610348724733724 0.555197498868503 0.879806179077981 -6.58141881142974
"TUBA4A" 0.241841135531623 4.40214810039632 0.603954911545767 0.559275576328056 0.879806179077981 -6.58548235813537
"F12AI" 0.18724433964972 4.62688288008056 0.601990553298769 0.560531842531281 0.879806179077981 -6.58672281205464
"SeRPINA3-2" 0.209960562943033 6.14737146797983 0.596121739460774 0.56429451215607 0.879806179077981 -6.5904064676656
"RAB11B" -0.1264390601204 1.66494445208404 -0.591124681141064 0.567509316649229 0.879806179077981 -6.59351647106003
"APOA4" 0.343593762692291 2.75128178398651 0.587605767524658 0.569779239783835 0.879806179077981 -6.59569188633524
"KRT10" -0.741155676155177 3.68181907607915 -0.551297552152341 0.59348884462474 0.90972742606712 -6.61742772025726
"AMBP" 0.162560720368169 3.83665631216324 0.532483879434355 0.605977023691122 0.922138949095186 -6.62817781001171
"CST3" 0.23960274532147 1.73039472256853 0.523015381633636 0.612313115812487 0.92507736921311 -6.6334547618081
"CFH" -0.250094506464797 2.85344079396398 -0.514114711562365 0.618299946551172 0.92562819608914 -6.63833352996032
"CFL1" 0.210452073850371 2.28532404078674 0.507102759267925 0.623037112367545 0.92562819608914 -6.64212110642707
"CSN1S1" -0.252634418304332 1.59021847290632 -0.497905277955994 0.629278193444177 0.92562819608914 -6.64701430919416
"TBA1B " 0.186536008340164 4.38774025439901 0.49639094462402 0.630308724003557 0.92562819608914 -6.64781179295538
"HSPA1L" 0.120237987041047 2.03105486994055 0.478479505402109 0.642560391742314 0.937067237957542 -6.65706874297312
"KRT78" -0.36084409438381 1.55453426809448 -0.454721941869305 0.658985339372107 0.949095051124755 -6.66884526679548
"APOA2" -0.230670602267379 2.83142347922601 -0.45137798140815 0.661312815830032 0.949095051124755 -6.67045672001375
"ACTA1" -0.645793088078916 2.55383235055612 -0.446980773469508 0.664379141914161 0.949095051124755 -6.67255835458771
"AFP" 0.104784040725769 6.86401100029777 0.440008405518637 0.669254531801223 0.949095051124755 -6.67585025572337
"YWHAB" 0.12867259827703 2.08741110889332 0.432661716996951 0.67440914715382 0.949095051124755 -6.67926501965781
"LDHB" -0.195206976993565 2.78190797278952 -0.427665093287043 0.677925036517682 0.949095051124755 -6.68155583150785
"TTR" -0.12897812733609 4.82494489902193 -0.395793278879865 0.70053977780246 0.974260618135872 -6.69556317117373
"H2AC20" -0.232125648085616 1.7292346792619 -0.373455266637995 0.716576325472185 0.988162753720367 -6.70475400827701
"NACA" 0.0794910727565787 1.57730167988569 0.338331199024279 0.742083978744852 0.988162753720367 -6.71815417908788
"GAPDH" -0.08446608507737 3.95012980920332 -0.337799693816695 0.742472587541429 0.988162753720367 -6.71834703943923
"ITIH4" -0.200522535335674 4.73913038249215 -0.330542414468075 0.747786277615798 0.988162753720367 -6.72095073499097
"SeRPINA3-1" 0.0988092757635117 6.03085073567506 0.327123038087924 0.750294730506887 0.988162753720367 -6.72215833561412
"P02070" -0.270065558088694 4.28031061016119 -0.321735825976114 0.754252973508073 0.988162753720367 -6.72403596662869
"HP20" -0.131835263749565 1.84146911252175 -0.321386412624297 0.754509963524632 0.988162753720367 -6.72415669507912
"PFN1" 0.0910115015391195 2.88810431886772 0.297216259416746 0.77236146378233 0.988162753720367 -6.73219560443544
"ANXA1" 0.0948495218458123 1.84447918006411 0.288913666875428 0.778526453218679 0.988162753720367 -6.73481465455408
"APOA1" 0.0893611604695952 6.32322166493708 0.286236895122354 0.780517519965983 0.988162753720367 -6.73564348988405
"HSP90AB1" 0.221973775366541 3.55013302606423 0.279587426590356 0.785470777023993 0.988162753720367 -6.73766958182112
"C1QA" 0.12705895687302 1.82324849188888 0.257771113710163 0.801791449195123 0.988162753720367 -6.74398748382563
"HRG" -0.114168065369378 2.10420444173755 -0.257583002051218 0.801932623042088 0.988162753720367 -6.74403976026341
"HSP90AA1" -0.115483311608103 5.01185772361148 -0.257242434118761 0.802188231126667 0.988162753720367 -6.74413430866675
"HSP90B1" -0.0959723020868029 1.59696462298147 -0.251232298418243 0.806703045361319 0.988162753720367 -6.74578252588314
"PGK1" -0.102433113478561 2.68216459246657 -0.24830615364365 0.808903874177152 0.988162753720367 -6.74657106615968
"SeRPINA3-4" -0.052388535902046 5.7630180423362 -0.240003032044172 0.815158321478089 0.988162753720367 -6.74875890622593
"TAGLN2" -0.12384600079867 2.39451263921162 -0.238431986367192 0.816343282613507 0.988162753720367 -6.74916459756364
"C4" 0.0766495502278746 5.15717561133321 0.236932015999409 0.817475088239689 0.988162753720367 -6.74954947711955
"APOC4" -0.0631553328327323 1.51997790248747 -0.221346334478672 0.82926084939723 0.988162753720367 -6.75340641113692
"AHSG" -0.039113867889812 7.80756747578542 -0.217851228571227 0.831910042310998 0.988162753720367 -6.75423568214719
"ITIH3" 0.170958307505958 4.19361490597813 0.216761127181769 0.832736762199931 0.988162753720367 -6.75449165209851
"CAPNS1" 0.0893606348831859 2.11972303377883 0.215083349735888 0.834009586072709 0.988162753720367 -6.75488313056369
"KRT79" 0.219264148818574 3.14550836938537 0.202600982610727 0.843494708473581 0.988162753720367 -6.75770099969392
"TF" -0.0327007038744425 7.84026817965986 -0.190622171925382 0.852621942119746 0.988162753720367 -6.76024809385882
"DDBX" 0.0864037516118836 2.50544970729147 0.19024908940473 0.852906585917093 0.988162753720367 -6.76032495046986
"ORM1" 0.0469281865639859 4.71001766278901 0.180719249985345 0.860184779179933 0.988162753720367 -6.7622374478136
"THBS4" -0.0377503530268293 2.59476000527697 -0.178994567260084 0.861503455338906 0.988162753720367 -6.76257313555658
"C9" 0.0641849823337637 3.26305077591601 0.171338572563422 0.867362487393712 0.988162753720367 -6.76402465923804
"SeRPINA3-6" -0.048945444468977 5.40500173690855 -0.168570338306286 0.869483075446747 0.988162753720367 -6.76453397346595
"ADIPOQ" -0.0675167042969642 3.53429241614219 -0.155449646976425 0.879548568280955 0.988162753720367 -6.7668357459091
"GALK1" -0.0588164064444534 1.53390023968209 -0.147514259759179 0.885647232133009 0.988162753720367 -6.7681378279103
"HMGB2" 0.042599498927633 2.10178519201185 0.147335743421794 0.885784520793691 0.988162753720367 -6.76816633888904
"MSN" 0.082209217490786 1.63034849844468 0.146295698893002 0.886584449586754 0.988162753720367 -6.76833176167882
"SeRPINA3-3" -0.0535367556836441 1.84065714294141 -0.145705701634537 0.887038293240984 0.988162753720367 -6.76842508414761
"MST1" -0.0914099605595367 2.0289328015171 -0.140465372806601 0.891071171388539 0.988162753720367 -6.76923748826963
"SeRPINF1" 0.0354624691056742 4.74306007931245 0.138503414497365 0.892581909852974 0.988162753720367 -6.76953402465482
"eZR" -0.0885269747061705 1.59552401652666 -0.127951895231657 0.900714316714649 0.988162753720367 -6.77105753507105
"FeTUB" 0.0403391106476549 5.30920281001369 0.127085860521664 0.901382347353279 0.988162753720367 -6.7711772400316
"IGFBP6" -0.053536755683644 1.54222197353315 -0.125587932106622 0.902537990226098 0.988162753720367 -6.77138237360216
"TUBA1D" -0.169783890787389 2.63962455348943 -0.118361769121905 0.908116235464094 0.988162753720367 -6.77233789488658
"ITIH1" -0.0691815643460543 2.94788709797323 -0.102151257505973 0.920648552891876 0.988162753720367 -6.77427601225315
"HP" -0.0490521761184213 2.16473729897459 -0.0959642390331991 0.925437935934461 0.988162753720367 -6.77494075561376
"YWHAZ" -0.0311068797666589 3.11742309689782 -0.0946422182413282 0.92646172678576 0.988162753720367 -6.77507742221255
"GDI2" -0.0269616540492503 2.16737953791039 -0.0924499888268744 0.928159728264904 0.988162753720367 -6.77529987747477
"SeRPINA3-5" 0.0828711418543762 4.72352278530897 0.087215803968575 0.932215403132842 0.988162753720367 -6.77580996535272
"KRT19" -0.0622845545007529 2.97300884550838 -0.084615033892871 0.93423135756913 0.988162753720367 -6.77605238286178
"KRT28" 0.085780374821065 1.46586262157707 0.0810282457416152 0.937012408372467 0.988162753720367 -6.77637468505038
"PPIA" -0.0250530984013997 2.01136252042109 -0.075748926329379 0.941107384495588 0.988162753720367 -6.77682371530249
"IGFBP2" 0.0283544071081694 3.02662991303917 0.0597670262553632 0.953514422845296 0.993670050085198 -6.77799888129788
"PROZ" 0.0144038098121313 3.18236999200608 0.0491781103731385 0.961742183443567 0.993670050085198 -6.77862493620129
"SPP2" -0.0198744660707013 3.40184120496564 -0.0463281701451005 0.963957480325306 0.993670050085198 -6.77877266051671
"C1QB" -0.024397598063202 1.76988120489806 -0.0446276432355468 0.965279477225621 0.993670050085198 -6.7788566079888
"ARF4" 0.0116194334960937 2.47758108571041 0.0296013371116226 0.976965309388769 1 -6.77946201465544
"ARG1" -0.00929411424268989 1.51187374967509 -0.0221062545130347 0.982796490056955 1 -6.77967238529512
"TUBB2B" -0.0189187662783998 1.75809006197915 -0.0141243907781969 0.989007546490165 1 -6.77982936720105
"CTSL" -0.00152221920976336 1.93590398302246 -0.00338009223270739 0.997369317516227 1 -6.77993146280214
"CTSV" -0.00152221920976336 1.93590398302246 -0.00338009223270739 0.997369317516227 1 -6.77993146280214
"ALB" 0 9.57938323931737 0 1 1 -6.77993766493617
