"logFC" "AveExpr" "t" "P.Value" "adj.P.Val" "B"
"P13645" 6.22115347035929 2.97643993189695 18.6622874158798 8.16504224711862e-24 5.15214165793185e-21 42.7869087646831
"KRT1" 6.96015508747436 3.24960602826261 17.3926440911088 1.62155735347145e-22 5.11601345020243e-20 40.077313716475
"P63261" 4.44068958996096 2.45979019689723 16.3853426405509 1.94942690719842e-21 3.0752209461055e-19 37.7972932565908
"P60709" 4.44068958996096 2.45979019689723 16.3853426405509 1.94942690719842e-21 3.0752209461055e-19 37.7972932565908
"KRT9" 5.72868276598493 2.75795260815414 15.8460232355153 7.71751260064075e-21 9.73950090200863e-19 36.5265607316777
"P02768" 5.92030417017762 3.23301415862248 15.2125376405582 4.04914289431846e-20 4.25834861052492e-18 34.9876538868587
"TLN1" 4.98683943705767 2.71389669310979 11.6337300032657 1.17156144933682e-15 1.05607896361647e-13 25.2861648550121
"eeF1A1P5" 3.9961255758759 1.86671378928113 10.7561974199578 1.86437829776368e-14 1.4705283823611e-12 22.634454558958
"KRT2" 6.10074751900275 2.86031237617989 9.11082543647539 4.31990905670345e-12 3.02873623864431e-10 17.3835909881793
"P68104" 3.9961255758759 1.79940580014137 8.80150417419657 1.24428878786104e-11 7.85146225140318e-10 16.3596605782809
"KRT14" 5.18141423555462 2.44276934440136 8.53918159219247 3.07448861148796e-11 1.76363846713536e-09 15.4834200370649
"PKM" 2.97097899862593 1.39826985526521 7.80069246929718 4.05007236520847e-10 2.12966305203879e-08 12.9832327634899
"P19823" 3.0804642572686 1.72378064659439 7.77273394495415 4.46883201131758e-10 2.16910230703184e-08 12.887758306607
"P13647" 5.40140370613791 2.44539382196407 7.61247221017754 7.86194145999314e-10 3.54348932946834e-08 12.3395518779644
"KRT16" 5.06576498138323 2.30697925096178 7.50108568029323 1.16522621013738e-09 4.90171825731126e-08 11.957675046213
"APOA2" -4.01062650555032 2.08661494538222 -7.46088279287037 1.34323825053448e-09 5.29739585054534e-08 11.8196885487691
"VTN" 2.19994314885797 1.30500717022259 6.69019683882665 2.07132826190451e-08 7.68828313683379e-07 9.16462079770277
"Q04695" 4.36903988640486 2.00730714342483 6.57865541314239 3.07959659742251e-08 1.07956969609645e-06 8.7798640752579
"KRT13" 3.3927825912096 1.5651524960697 6.369338971301 6.47955869582983e-08 2.15189554582559e-06 8.05847590916167
"KRT3" 3.62291795567465 1.58048859238809 6.015580169926 2.27084402475074e-07 7.16451289808859e-06 6.84323828256276
"KRT6A" 5.06894622029198 2.4219735959836 5.83273275102897 4.33074227400834e-07 1.30128494042822e-05 6.21828803586867
"eHD3" 1.85483347211691 0.929085257842862 5.76039206234303 5.58722408201353e-07 1.60251745261388e-05 5.97183523881343
"P02788" 2.49233089048721 1.24423163318215 5.52155715795051 1.29122772888673e-06 3.54245520403272e-05 5.16209395701287
"H2BC18" 1.913214601868 0.730843712997558 5.49685628532825 1.40761534602096e-06 3.70085534724678e-05 5.0787372636436
"HBA1" 3.27467849556768 1.70191375070829 5.45719926736134 1.6165778369674e-06 4.08024246050571e-05 4.9450775135146
"P07996" 3.47862246617426 1.8511055360765 5.19620294911647 4.00003202983445e-06 9.70777004163667e-05 4.0711636121698
"H2BC12L" 1.913214601868 0.477914723900764 5.12974920478169 5.03012184653871e-06 0.000113357388755926 3.8504263473225
"H2BC13" 1.913214601868 0.477914723900764 5.12974920478169 5.03012184653871e-06 0.000113357388755926 3.8504263473225
"P62826" 1.44898230305638 0.748294253470853 5.08865730710417 5.7938010723414e-06 0.000126065119884394 3.71433134917341
"KRT6C" 5.04836619076376 2.16427141361773 5.01402311797299 7.48422968633806e-06 0.000155907673036171 3.46796265653588
"O60814" 1.913214601868 0.497880389597874 4.96352390174715 8.89489101315714e-06 0.000155907673036171 3.30188774910024
"H2BC14" 1.913214601868 0.497880389597874 4.96352390174715 8.89489101315714e-06 0.000155907673036171 3.30188774910024
"H2BC9" 1.913214601868 0.497880389597874 4.96352390174715 8.89489101315714e-06 0.000155907673036171 3.30188774910024
"H2BC5" 1.913214601868 0.497880389597874 4.96352390174715 8.89489101315714e-06 0.000155907673036171 3.30188774910024
"H2BC15" 1.913214601868 0.497880389597874 4.96352390174715 8.89489101315714e-06 0.000155907673036171 3.30188774910024
"H2BC4" 1.913214601868 0.497880389597874 4.96352390174715 8.89489101315714e-06 0.000155907673036171 3.30188774910024
"C4A" 2.71523885416076 1.69571761681544 4.84643272574059 1.32509691401067e-05 0.000225982743983981 2.91887129686695
"SYNCRIP" 2.3657918207674 0.978798074633221 4.78521691280542 1.63038826932456e-05 0.000270730262616789 2.71983694439754
"P08727" 3.70881953735893 1.29650660735389 4.74282013780343 1.88130491531957e-05 0.000302811728113769 2.58250173177502
"APOD" -2.65383069817535 2.04941190125326 -4.73684798523908 1.91956721466731e-05 0.000302811728113769 2.56319072691786
"KRT8" 3.54124439567849 1.37402142304736 4.71685929778332 2.05326931439054e-05 0.000312606907814423 2.49862006203705
"GAPDH" 2.58781554490772 3.07871804506745 4.71291047296804 2.08074328497714e-05 0.000312606907814423 2.48587547255494
"P62979" 1.626114625557 0.649622135978336 4.68941064881307 2.25186063557244e-05 0.000330447456057258 2.41011079759024
"P35900" 1.56814337944129 0.909107359925009 4.61090798619714 2.92965261350916e-05 0.000420138817982792 2.15802493881214
"KRT6B" 5.06419575027025 2.22641661277503 4.51927117479771 3.97585912646106e-05 0.000557503801954873 1.86581477884524
"KRT71" -3.17435848504049 2.06923573706999 -4.50199378065898 4.21052918530151e-05 0.000577574764331577 1.81097839482547
"MDH1B" -4.43118618035052 1.30473120409333 -4.48618043538877 4.43714908612382e-05 0.000595710866668964 1.76086219208142
"QSOX1" 1.08622703800306 0.805070645396471 4.42421643211593 5.44571616200556e-05 0.000715884770463648 1.56517349529437
"LIMS1" 1.30888550379896 0.626390033840329 4.38367955393729 6.22322452317456e-05 0.000801398913086356 1.43776278643846
"P61224" 1.43770416900977 0.922756113454085 4.36239304264861 6.67384773738829e-05 0.000842239584458402 1.37105516246962
"P09429" 2.77298522457752 1.13960692870907 4.34300818987432 7.11179292089325e-05 0.000879910065310518 1.31042722531929
"O95678" 3.8736277330878 1.40815289159792 4.30880544436381 7.95378575619618e-05 0.000965161310030729 1.20373861414678
"KRT79" -3.57342621987154 2.41563447401021 -4.28698459202308 8.5409018191661e-05 0.00101685076375355 1.13586478682879
"Q5XKe5" 2.94881897858479 1.3958302434628 4.28037109771086 8.72703338474378e-05 0.00101977001218025 1.11532337202436
"F12AI" -2.82765264129964 4.11224061514221 -4.2279785734897 0.000103478642334263 0.00118205517327797 0.953091698879128
"CALD1" -2.43162401627798 0.613608729397705 -4.22375758044332 0.000104905054997728 0.00118205517327797 0.940060544772283
"RNASe4" -2.74581468243745 0.790744822982162 -4.19715635658316 0.000114344501963921 0.00126581369717954 0.85807250031625
"APOH" -1.93579280092698 3.60746490795528 -4.16202624322967 0.00012808349965221 0.00139346014276801 0.750161288269348
"UBB" 1.42411434854125 0.577739721944097 4.12008728450081 0.000146592623592027 0.00154166575810949 0.621887555169861
"P0CG48" 1.42411434854125 0.577739721944097 4.12008728450081 0.000146592623592027 0.00154166575810949 0.621887555169861
"MAML2" -2.77813707155217 0.395914935966484 -4.11205245063447 0.00015042363934782 0.00155602158079466 0.597382065186515
"Q14CN4" 2.61792486095142 1.04825329384874 4.03456397620379 0.000192717456125998 0.00196136636799201 0.362226282228026
"H4C1" 1.71121432485226 0.852768548672937 4.01538057725476 0.000204848536866959 0.00205173693274684 0.304345455856027
"P04406" 2.08150723898956 1.46040235764334 4.00429411702926 0.000212193014289373 0.00209209050025929 0.270956834426253
"DSP" 3.1913819918927 1.36211428931009 3.93388448871099 0.000265143533885653 0.00257156846376282 0.0599828679023631
"TUBB1" 1.53425364723208 1.29215683445709 3.92933149914878 0.000268975465306412 0.00257156846376282 0.0464053068708239
"P68366" 1.76079009863297 1.76508982753113 3.91499175764464 0.000281397000469677 0.00265017175069203 0.00369478925767908
"CPB2" 3.09602093858484 2.49092361437449 3.90701821682721 0.000288541728588869 0.00267749751087612 -0.0200196700474811
"Q7RTS7" 2.86902164341824 1.14685695489893 3.80760902533252 0.000393701057207656 0.0036003676391019 -0.313564306763656
"THBS4" -2.80052939589363 2.70759369313272 -3.78713265074732 0.000419543677433179 0.0037818865780048 -0.373532767141854
"HBA" -1.39737000460245 4.52126570357216 -3.746256009592 0.00047610047025514 0.00423125910888723 -0.492726751062548
"CATHL4" -2.50612429521476 0.921576588262768 -3.70427204187071 0.000541788689388597 0.0047481758750584 -0.614416361640425
"P62851" 1.36614274202498 0.538293948984258 3.69633768961643 0.000555144248777821 0.00479857562984664 -0.637329227361354
"KRT18" 1.95947607046454 0.340387878901831 3.68165809661691 0.000580691556290999 0.00495157259485973 -0.679649345863597
"P26583" 2.41900883834635 1.11725100709765 3.66299726011559 0.000614799213150978 0.00517251071331023 -0.733311857701737
"P62987" 1.42411434854125 0.600125432816278 3.59728311879841 0.000750862231341884 0.00623413247337801 -0.92106088522697
"AHSG" -1.09457578982459 6.27250171719331 -3.55564835022873 0.000851512647341 0.00697798026587235 -1.03900850151798
"Q86Y46" 2.86902164341824 1.05126095261204 3.526923015726 0.000928340747619159 0.00751003861214987 -1.11992090829298
"APOC3" -2.83889252441656 1.19778688740857 -3.48862986660837 0.00104110205695793 0.00831563794861336 -1.22718497666942
"Q02413" 2.32814942178144 0.973412188118829 3.44701462280317 0.00117842113997025 0.00929479674151531 -1.34296665412127
"ANXA2" 1.66857219492819 1.02910085649948 3.39623126747365 0.00136941121028834 0.0106678823912585 -1.48312277909549
"P01024" 2.2423375376493 2.16965196404416 3.38349824892327 0.00142172350341929 0.010825031265932 -1.51806620192546
"KPRP" 2.42935804008157 0.531270244173194 3.38297943343505 0.00142389476239676 0.010825031265932 -1.51948829510071
"KRT77" 2.87199981298876 1.11212838504281 3.37572712539722 0.00145457768019808 0.0109266490024404 -1.53935317180141
"FHL1" 1.21742427986841 0.658231571395055 3.3268761566582 0.00167821077390067 0.012458247039192 -1.67247625588138
"KRT7" -2.06370052192632 3.18158863035919 -3.2693278174523 0.00198347957295062 0.014553204773626 -1.82774548654725
"IQGAP1" 2.1717145569935 0.787962784654897 3.25774643382861 0.00205095709329519 0.0148753324812559 -1.85878621553405
"Q8N1N4" 2.34822332300426 0.896992418578169 3.2406550144414 0.00215451522878741 0.0154488535155097 -1.9044671414128
"ORM1" -1.46419131220716 3.86425014046426 -3.19195956137252 0.00247732263663349 0.0175639391428734 -2.03377236205398
"KRT76" 2.90132633924805 1.50032032286503 3.15825317273723 0.00272692168330031 0.0191187509129166 -2.12253342914802
"HBBF" -1.15991346613395 5.04709494072043 -3.14732081266038 0.00281283861549268 0.019504408421713 -2.1511902271388
"APOA4" -2.74581468243745 2.28641850567132 -3.11975942237054 0.00304088724813404 0.0208565201475281 -2.22314662917747
"RPL12" 0.765501071252734 0.361472331618091 3.09794021208753 0.00323363420790878 0.0217592948889902 -2.27981495508264
"P01023" 2.76692706122034 2.29391897658004 3.09707820742948 0.00324147974574498 0.0217592948889902 -2.28204831640057
"HBB" 2.65781864266153 3.60338993350591 3.06563994509292 0.00354013601731701 0.023271717875067 -2.36321821053969
"SeRPINA3-2" -2.34564380937613 4.68780865363659 -3.06548752101667 0.00354164495261817 0.023271717875067 -2.36361040285845
"eeF1A2" -2.83889252441656 0.504483922437861 -3.06189072114932 0.00357742731201505 0.023271717875067 -2.37286129698416
"H2B1" 1.913214601868 0.855501407010386 3.03452528889494 0.00386097689007623 0.0246849665933879 -2.44300530432417
"PLG" 2.06010406544241 5.08341324061474 3.03341457430215 0.00387291868897844 0.0246849665933879 -2.44584335646659
"LYSM" -1.48927900720274 1.03729602438514 -3.00946420747222 0.00413898613485648 0.0259844488188033 -2.50686902036415
"APOA1" -1.40888385541543 5.65700133956763 -3.00713583858717 0.00416574459172322 0.0259844488188033 -2.51278419244538
"P68032" 2.20632793187219 1.87318986533482 3.00414629111317 0.00420033879479863 0.0259844488188033 -2.52037450491481
"A1BG" -1.06923863621922 4.15117798268516 -2.98836854753536 0.00438740710146086 0.0268781930196292 -2.56034807547539
"H2BC12" 1.913214601868 0.94148834362549 2.92875213660859 0.00516679477307371 0.0313485336712453 -2.71008087087165
"P14923" 2.23484467856458 0.931804160540682 2.90925520626004 0.00544848107850793 0.0327427767670334 -2.75859541230839
"TAGLN2" -2.92869883156521 1.7896858980515 -2.90311570538401 0.00554010023719333 0.0329792759402735 -2.77382563092313
"SeRPINB3" 1.9683103748862 0.783301319974117 2.88604718496184 0.0058023969754898 0.0339796213305842 -2.81604899611971
"LBP" -2.46950102899198 1.85962211188047 -2.88519144730897 0.0058158464401 0.0339796213305842 -2.81816128514664
"P11171" 0.765048912124642 0.343269224856955 2.88041800466246 0.00589140276821185 0.0341052765756117 -2.82993589800258
"S100A12" -1.32628823461566 0.286516449992109 -2.86267602365089 0.00618029721717359 0.0354524322185139 -2.87357950801234
"P0DMV8" 1.74177191509285 0.839672292936283 2.80521116970858 0.00720871137955717 0.0406133650044694 -3.01362288256695
"P0DMV9" 1.74177191509285 0.839672292936283 2.80521116970858 0.00720871137955717 0.0406133650044694 -3.01362288256695
"HRG" 1.99928931624458 1.90016836831577 2.80060279439734 0.00729769546902992 0.0407508481500697 -3.02476577945123
"SeRPINA3-7" -1.60427452882413 4.02428387310896 -2.78494349335014 0.00760771082153134 0.0421093467402305 -3.06253111469491
