"logFC" "AveExpr" "t" "P.Value" "adj.P.Val" "B"
"ALB" -8.82451978552629 7.83356785233269 -39.7419554576927 9.66405222284477e-39 6.09801695261505e-36 68.3765688694729
"P13645" 7.7492297987961 2.97643993189695 20.792058664691 7.56760492486207e-26 2.38757935379398e-23 46.3313712653388
"A2M" -7.67961396917727 6.85398639709391 -20.2819935888906 2.2407431164412e-25 3.64733571317071e-23 45.4045852968177
"TF" -7.19902495197058 6.43319179890424 -20.2674131146361 2.31209870882454e-25 3.64733571317071e-23 45.3777241359021
"KRT1" 8.79332111897432 3.24960602826261 19.653713459435 8.79380206716477e-25 1.10977782087619e-22 44.2281046508885
"AHSG" -6.72111818199908 6.27250171719331 -19.5280775272182 1.160637236863e-24 1.22060349410092e-22 43.9881016621226
"P63261" 5.77856767697337 2.45979019689723 19.07086134061 3.22434314241198e-24 2.54320065357745e-22 43.100992447234
"P60709" 5.77856767697337 2.45979019689723 19.07086134061 3.22434314241198e-24 2.54320065357745e-22 43.100992447234
"KRT9" 7.03458750707673 2.75795260815414 17.4040028245181 1.57766213212622e-22 1.10611645041294e-20 39.6764203235158
"SeRPINA1" -7.18473215851352 6.29018619540095 -17.1635752570998 2.82815578819442e-22 1.78456630235068e-20 39.1565893721616
"P02768" 7.35822242766594 3.23301415862248 16.9112438096826 5.25193210347032e-22 3.01269923389979e-20 38.6037029633487
"AFP" -6.23897483762938 5.63990601640145 -16.7585147790099 7.66346656631269e-22 4.02970616945276e-20 38.2653700527198
"C3" -7.25618231587602 6.60985039740058 -16.6616833100267 9.75039690508026e-22 4.73269265161973e-20 38.0494103423512
"eRC1" 3.38630602803555 0.453126800778874 16.2766110607501 2.56609386955165e-21 1.15657516549078e-19 37.1792993493445
"ACTB" -5.35096397086814 4.58489953713887 -15.9997209325126 5.19716277172938e-21 2.04963106810077e-19 36.5423195568679
"ACTG1" -5.35096397086814 4.58489953713887 -15.9997209325126 5.19716277172938e-21 2.04963106810077e-19 36.5423195568679
"GC" -5.73840088471003 4.99867536177431 -15.9598903743293 5.75646688665486e-21 2.1366650620466e-19 36.4499012591728
"APOA1" -7.46931248379029 5.65700133956763 -14.2594730369551 5.35127307340529e-19 1.87591850517708e-17 32.3128228786015
"HBBF" -5.67069346101598 5.04709494072043 -13.7624764272473 2.14708760399219e-18 7.13059093746881e-17 31.0303838595646
"TLN1" 6.51553638750345 2.71389669310979 13.595298991593 3.44968531203003e-18 1.08837571594547e-16 30.5913054982364
"eeF1A1P5" 5.33872668408948 1.86671378928113 12.8529352214983 2.95508482346271e-17 8.87932630288081e-16 28.5940002683258
"HBA" -5.26039208245577 4.52126570357216 -12.6138930654618 5.98937891084602e-17 1.71786276942902e-15 27.9341733018767
"FeTUB" -5.43527445368814 4.53036562922424 -12.5079652512938 8.21023065914938e-17 2.25245893301011e-15 27.6391607372666
"SeRPINF1" -4.84072038762574 4.38231994384435 -12.2380590658036 1.84584352985405e-16 4.8530302805746e-15 26.8801660683773
"A1BG" -4.88021893373055 4.15117798268516 -12.199550034256 2.07360323584144e-16 5.18254598147633e-15 26.771020393509
"GSN" -5.28384171897558 4.6420356331314 -12.1898346129476 2.13543891471291e-16 5.18254598147633e-15 26.7434503095033
"HBG1" 3.05700223761967 0.477156268145192 12.0245286484087 3.52721190080005e-16 7.9488239621601e-15 26.2722637004415
"HBG2" 3.05700223761967 0.477156268145192 12.0245286484087 3.52721190080005e-16 7.9488239621601e-15 26.2722637004415
"ITIH4" -6.06886835443717 5.50207756163405 -11.6919332911135 9.7853810804255e-16 2.12916395232707e-14 25.3122872603486
"P23526" 3.86060531923032 0.434848844648397 11.3093356212409 3.2211958093961e-15 6.77524851909647e-14 24.1882715439349
"P68366" 5.52116965306291 1.76508982753113 10.9799244127868 9.12170908972546e-15 1.83602985323869e-13 23.203699518182
"C4" -5.36928603016788 4.59241938916497 -10.9734654119443 9.31108641896005e-15 1.83602985323869e-13 23.1842397742745
"P35625" 1.96035940362609 0.334972889619899 10.9324293555353 1.06108991766979e-14 2.02893253954435e-13 23.0604676734127
"QSOX1" 2.90477662522612 0.805070645396471 10.5821396906664 3.26566044395653e-14 6.06068158863697e-13 21.9942627651816
"P35443" 3.20177714265795 0.314705057137273 10.5726115560843 3.3677888738884e-14 6.07164222692452e-13 21.9650209488717
"P68104" 5.33872668408948 1.79940580014137 10.5172077627355 4.0291026348933e-14 7.06212156282686e-13 21.7947366594097
"P19823" 4.61480724772507 1.72378064659439 10.4149259839032 5.61552914279148e-14 9.57675375432818e-13 21.4792543786944
"KRT2" 7.7492297987961 2.86031237617989 10.3509022425181 6.91719083371035e-14 1.14861774107138e-12 21.2810424169305
"AGT" -5.42774239421695 5.10974841269168 -10.0736100670755 1.7162923972033e-13 2.77687308368020e-12 20.4161133404175
"SLC2A1" 2.14984806284832 0.273565477653511 9.99160472038971 2.24949818607024e-13 3.5485833885258e-12 20.1583361959301
"P35900" 3.72509662098239 0.909107359925009 9.79677699362614 4.29170015953869e-13 6.60503122114369e-12 19.5423395983188
"eHD3" 3.51867975254202 0.929085257842862 9.77398918636912 4.62988682432715e-13 6.95585377654864e-12 19.4699654402963
"VTN" 3.56949458636671 1.30500717022259 9.70910413178707 5.74790990149235e-13 8.4347235996318e-12 19.2635218034073
"TUBB1" 4.22614470935346 1.29215683445709 9.680791413137 6.31782352876234e-13 9.06033328783872e-12 19.1732696406718
"P62826" 3.04955153026441 0.748294253470853 9.57902028691646 8.88142955512142e-13 1.24537378872925e-11 18.8480088010707
"KNG1" -5.28028163599418 4.54464354662345 -9.50814352399757 1.12668012958146e-12 1.54551122123021e-11 18.6207116778862
"PIP" 3.58414545497273 0.463104733121213 9.42514293466444 1.48972302350918e-12 2.00003239964743e-11 18.3537357020074
"SeRPINA5" -4.99215549890389 4.39741935957571 -9.29040949150183 2.34816483916764e-12 3.08685836148912e-11 17.9185519464804
"KRT14" 6.18509401656384 2.44276934440136 9.11715281736933 4.2278656657501e-12 5.44445558181288e-11 17.3557285301495
"ORM1" -4.66651244989249 3.86425014046426 -9.09906939782393 4.49632608072734e-12 5.6743635138779e-11 17.2967807006659
"PKM" 3.86252099059113 1.39826985526521 9.07087998765982 4.94955492730593e-12 6.12386109633342e-11 17.2048139108884
"P16070" 2.34433837222058 0.292146950984891 8.97668260719705 6.82652328813004e-12 8.28372345155779e-11 16.8968363090871
"P23528" 2.90477662522612 0.716620014092231 8.86566014174219 9.9834635912182e-12 1.18859726906768e-10 16.5325630685951
"P11142" 4.84366935988445 1.29353643577238 8.81376654114988 1.19296439849583e-11 1.39400099157569e-10 16.3618288276906
"HPX" -5.23682072347271 4.43467162277725 -8.75501238210889 1.45995176549531e-11 1.67496284368643e-10 16.1681702754241
"CFH" -6.0577008703603 4.64711187182647 -8.70022611704599 1.76302052556319e-11 1.98654634219709e-10 15.9872580366587
"P07195" 2.66143125041566 0.331726118496806 8.67195430040851 1.94347768454029e-11 2.15146389288583e-10 15.8937766692538
"KRT13" 5.1530326837763 1.5651524960697 8.65259192272261 2.07770347656665e-11 2.26039809260958e-10 15.8297064569116
"P61224" 3.16640891764619 0.922756113454085 8.59344404421301 2.54846864561281e-11 2.72556561929099e-10 15.6337462949872
"P07737" 2.14984806284832 0.41744026887899 8.50460557498761 3.46546423874785e-11 3.64451322441649e-10 15.3387535422184
"SeRPINF2" -4.9299257447817 4.3277909011828 -8.47796189959282 3.80062280383439e-11 3.93146391675328e-10 15.2501289780246
"TUBA1B" 5.37662984317657 1.66164867095912 8.40012404619555 4.97899238610884e-11 5.06732934779787e-10 14.9908229148358
"KRT5" -6.23539585513468 4.67624021226336 -8.38355630922598 5.27394394821642e-11 5.28231528781676e-10 14.9355549778507
"P13647" 6.63137916433895 2.44539382196407 8.35926197559458 5.73857977322914e-11 5.65788099516811e-10 14.8544653017355
"P63104" 3.18192525477088 0.884129142970355 8.24019194656111 8.6863278647574e-11 8.43241981947987e-10 14.4562462344902
"P06733" 4.38842453544253 1.00307738353785 8.1528388310456 1.17823482648869e-10 1.12646390229449e-09 14.1632974373631
"PARVB" 2.33222141867625 0.408945657906606 8.06598889125497 1.59632410234405e-10 1.5034037441479e-09 13.8713915127009
"KRT16" 6.03815243727479 2.30697925096178 7.99701950127318 2.03250628344323e-10 1.88604627184217e-09 13.639143503866
"FLNA" 5.57321219995445 1.75658537855711 7.98819470872049 2.09636221238764e-10 1.91710805219797e-09 13.6093996025249
"eDIL3" 4.5890714630222 0.874239341804051 7.97247247916627 2.21516996889945e-10 1.99681750053651e-09 13.5563928998207
"Q04695" 5.88244645166237 2.00730714342483 7.92235146209445 2.64106078196504e-10 2.34719627242245e-09 13.3872857122042
"LIMS1" 2.63307902037485 0.626390033840329 7.88762088434913 2.98361599755984e-10 2.61480790897258e-09 13.2699946679549
"MFGe8" 2.50920563802212 0.28800563179801 7.87113474442773 3.16152691350618e-10 2.73277189372932e-09 13.2142870911896
"HBA1" 5.25896512723485 1.70191375070829 7.83874305069992 3.54276057913405e-10 3.0209215208562e-09 13.1047765331234
"P04406" 4.51487972376496 1.46040235764334 7.76853670770072 4.53535033194045e-10 3.8157414126059e-09 12.8671679494146
"P62937" 2.94958185049088 0.554483106393435 7.7297604613357 5.19894167957722e-10 4.31648973659635e-09 12.7357886676778
"COL6A1" 3.05700223761967 0.906037327762269 7.68369764644371 6.11524987872945e-10 5.0113281473744e-09 12.5795937271514
"TTR" -3.99176197003216 3.61322770476154 -7.61783325297357 7.71458423080973e-10 6.240900832873e-09 12.3560220650664
"SeRPINC1" -5.66754202060022 4.95379030804966 -7.60447312260472 8.087082804986e-10 6.4594294303116e-09 12.3106400889903
"APOH" -3.93675256034541 3.60746490795528 -7.5705783069436 9.11521873763455e-10 7.18962877930925e-09 12.1954586251793
"SeRPINA3-7" -4.85206996951889 4.02428387310896 -7.53372473458317 1.03826725501352e-09 8.08823009769792e-09 12.0701484958447
"P01024" 5.55777116990303 2.16965196404416 7.5008524742931 1.16618727953941e-09 8.97395333401667e-09 11.9583126755694
"KRT3" 5.02926796590464 1.58048859238809 7.46910886336797 1.30471866058136e-09 9.80650945920057e-09 11.8502622578481
"P05452" 3.31010669096645 0.63467875107243 7.46894773079042 1.30546243196965e-09 9.80650945920057e-09 11.8497136539144
"PLG" -5.65985725824177 5.08341324061474 -7.45406339127267 1.37603498008079e-09 1.02150361462468e-08 11.7990316271952
"P21291" 1.79549213782456 0.410715326481604 7.44925353873309 1.39964939797996e-09 1.02695205828529e-08 11.7826514118771
"H2AC6" 1.96035940362609 0.321811550347599 7.43368664449266 1.47890133503868e-09 1.07262843955104e-08 11.7296296019583
"P49747" 3.33415086716442 0.476961206766378 7.39916115119639 1.67112049027367e-09 1.18619618291139e-08 11.6119914793634
"FHL1" 3.02692229067135 0.658231571395055 7.39845336542914 1.6753128924037e-09 1.18619618291139e-08 11.6095792579276
"P68371" 4.95425693141909 1.45345865388749 7.39567361721956 1.6918804510622e-09 1.18619618291139e-08 11.6001053045659
"O00299" 2.14984806284832 0.309808546473659 7.38405384189641 1.76293439061642e-09 1.22243033019666e-08 11.5604988177319
"THBS1" -4.57510207542641 3.82406536567389 -7.37362268179659 1.8292672974933e-09 1.25463876599812e-08 11.5249384663959
"P61981" 2.14984806284832 0.3862453650712 7.35234092497494 1.97247001152827e-09 1.33831029814445e-08 11.4523726028849
"H2AC4" 1.96035940362609 0.328575956505916 7.30415398354431 2.33967667957841e-09 1.55403787875155e-08 11.2879932436641
"H2AC25" 1.96035940362609 0.328575956505916 7.30415398354431 2.33967667957841e-09 1.55403787875155e-08 11.2879932436641
"P07996" 5.44903045449812 1.8511055360765 7.2801954060269 2.54703931612947e-09 1.67414771716427e-08 11.2062276815356
"AMBP" -4.22130205300563 3.34141423414827 -7.26460682212298 2.69176036739856e-09 1.73547884903658e-08 11.1530148527076
"H4C1" 3.46116503805822 0.852768548672937 7.26423036992217 2.69535542322638e-09 1.73547884903658e-08 11.1517296869669
"P15311" 3.74148582770687 0.776083929513556 7.21101173813955 3.25523211749887e-09 2.07479946074928e-08 10.9699937071521
"SYNCRIP" 3.97889398964283 0.978798074633221 7.19834180642103 3.40488158966595e-09 2.14848028307921e-08 10.9267121697637
"ADIPOQ" -3.79043695497042 2.93752513994763 -7.1579811190729 3.92915275640756e-09 2.45474791019126e-08 10.788800580689
"KRT75" -5.4266578450135 3.74408656908985 -7.04659582034843 5.83514323630499e-09 3.60977978638083e-08 10.407945283997
"P62851" 2.90477662522612 0.538293948984258 7.02964342252196 6.19731316620948e-09 3.79660641541571e-08 10.3499521164552
"P36955" 4.10746493329717 0.746790949493321 7.01400693439645 6.55130465503628e-09 3.97303284131984e-08 10.296454778846
"P29279" 2.14273275945403 0.375357173522509 7.01009350605901 6.64302492519643e-09 3.97303284131984e-08 10.2830648704748
"P07900" 4.66622423448113 1.26570801424459 7.00877603345959 6.67419146085425e-09 3.97303284131984e-08 10.2785570258109
"KRT7" -4.92667103074859 3.18158863035919 -6.98088290346865 7.36952685068813e-09 4.31796138148182e-08 10.1831098794924
"P34931" 4.16808493121586 0.704760182144938 6.97454883827822 7.53727566268687e-09 4.31796138148182e-08 10.1614332728891
"P0DMV8" 4.84100511966728 0.839672292936283 6.97356432686978 7.56369026763513e-09 4.31796138148182e-08 10.1580639833501
"P0DMV9" 4.84100511966728 0.839672292936283 6.97356432686978 7.56369026763513e-09 4.31796138148182e-08 10.1580639833501
"P02788" 3.51867975254202 1.24423163318215 6.97237291975284 7.59577992622e-09 4.31796138148182e-08 10.1539866111046
"FLG2" 2.90477662522612 0.546101704521524 6.95390738621637 8.11093078169476e-09 4.56964046718696e-08 10.0907883950129
"H2BC18" 2.69019395509061 0.730843712997558 6.91320255407021 9.373465589809e-09 5.23420954616768e-08 9.95145604575747
"TUBB" 5.09157761431766 1.37916446976825 6.8946134575339 1.00137502187794e-08 5.5426985860086e-08 9.8878175065269
"P00742" 2.35420267392259 0.369009306496356 6.87132167330002 1.08781682280044e-08 5.96880361032243e-08 9.80807338161487
"P50395" 2.14984806284832 0.305060164883725 6.86303407850453 1.12034363232457e-08 6.09428303445518e-08 9.7796976177031
"MYH9" 4.81670969528821 1.83979858127324 6.82338008330771 1.28996686686696e-08 6.95700079481242e-08 9.64391768905134
"ANXA2" 3.74148582770687 1.02910085649948 6.81147789838995 1.345727656803e-08 7.19622162239568e-08 9.60316069990819
"KRT6A" 6.59511076781112 2.4219735959836 6.78768191373253 1.46454525241364e-08 7.76578196868076e-08 9.52167278664641
"BLMH" 2.01224191036687 0.34131178630279 6.69213310658157 2.05711565181216e-08 1.08169998024456e-07 9.19445586045145
"APOe" -4.4302685390403 3.49230270079397 -6.60270840282159 2.82718027427734e-08 1.47433946534628e-07 8.88823528646644
"F12AI" -4.93230767560108 4.11224061514221 -6.59632238522002 2.89210723783745e-08 1.49583579268478e-07 8.86636988637704
"UBB" 2.53657602975053 0.577739721944097 6.56378628590104 3.24677448885646e-08 1.65218927618421e-07 8.75497539342809
"P0CG48" 2.53657602975053 0.577739721944097 6.56378628590104 3.24677448885646e-08 1.65218927618421e-07 8.75497539342809
"Q08380" 3.69111529284155 0.393787616540834 6.56111995182618 3.27769774465349e-08 1.65458182150108e-07 8.74584722100197
"P62979" 2.53657602975053 0.649622135978336 6.54274489059842 3.49895808373619e-08 1.75225599272821e-07 8.68294315867127
"POTeI" 3.95831289486219 0.510637212644928 6.53734430869266 3.56678169587013e-08 1.77215688983783e-07 8.66445611759501
"DCD" 2.3559303908301 0.409362076418307 6.52177120193633 3.76980099430003e-08 1.85839408390884e-07 8.6111496073631
"MYH14" 2.82256767959708 0.505922711842503 6.47829459493957 4.39976692595346e-08 2.15213405447801e-07 8.4623533528243
"Q08554" 2.69157899385005 0.505329989393162 6.45214282365615 4.82826620870642e-08 2.3435661366875e-07 8.37286935782641
"P51884" 3.18192525477088 0.355631198281322 6.44576678872647 4.93890694772987e-08 2.37896968245614e-07 8.351054759626
"P05543" 2.90477662522612 0.424580065328214 6.42087100794595 5.39569068458734e-08 2.57930365301107e-07 8.26588744546965
"P61204" 2.33222141867625 0.540338427439164 6.39259032162369 5.9659431626342e-08 2.83045874858811e-07 8.1691605781104
"CFB" -4.9571802175644 4.57360680274049 -6.32431178689894 7.60297984988607e-08 3.58020916811799e-07 7.93573154348147
"SeRPINB12" 2.95213415455209 0.57571456833276 6.30749208711516 8.07078079106845e-08 3.77234272530681e-07 7.87825305779768
"O43505" 1.6650012887374 0.29264576963563 6.28725827849989 8.67173007097748e-08 4.02342770204911e-07 7.8091214136747
"KNG2" -4.8475678913329 4.12277039415999 -6.26902949100224 9.25124373995046e-08 4.24636251017087e-07 7.74685390280831
"P09429" 4.47442566499584 1.13960692870907 6.26794798417817 9.28681499847195e-08 4.24636251017087e-07 7.74316001709182
"Q5XKe5" 4.77331089310541 1.3958302434628 6.19723585617027 1.19343157193986e-07 5.41766418628813e-07 7.50175266535719
"P26583" 4.5599887145345 1.11725100709765 6.17600871266118 1.28670965030009e-07 5.79938420956685e-07 7.42932958058314
"APOD" -3.8285844701524 2.04941190125326 -6.1122268029615 1.61298997481001e-07 7.21841612840509e-07 7.21185728114365
"P01023" 6.08256839368914 2.29391897658004 6.08956759895923 1.74775462598006e-07 7.76643076755929e-07 7.13465200535049
"P68032" 4.9957117375008 1.87318986533482 6.08405846186766 1.78217989378382e-07 7.86402456627686e-07 7.11588560014667
"LUM" -3.9039910482112 3.19119097981736 -6.06844780057287 1.8834383277284e-07 8.25312211664321e-07 7.0627190898208
"APOA2" -3.63574798523214 2.08661494538222 -6.04946214483768 2.01433806527138e-07 8.76584358059478e-07 6.9980782171492
"RPL12" 1.6650012887374 0.361472331618091 6.02680023655377 2.18249058643512e-07 9.43254493178465e-07 6.92095060728934
"KRT4" 3.41396666329679 0.841445248595557 5.94267794830496 2.93826203644929e-07 1.26125397619014e-06 6.63495304732737
"P08729" 4.1652401798644 0.723712998452794 5.92341852010593 3.14505841305142e-07 1.34089990448341e-06 6.56954718453895
"P02771" 3.33415086716442 1.20445681963199 5.91606988205112 3.22772464422132e-07 1.36690889295547e-06 6.54459835585347
"H2AC7" 1.96035940362609 0.298618059715194 5.89295651862903 3.5020794608025e-07 1.47320809317759e-06 6.46615538999814
"SeRPINA3-2" -5.0365900097624 4.68780865363659 -5.88733951110489 3.57218238580089e-07 1.49274641419891e-06 6.44709860790188
"P84077" 2.33222141867625 0.497523308665411 5.85578834454745 3.99268482293672e-07 1.65748955478492e-06 6.34010316412779
"CTSD" 2.54541905005232 0.404874234398911 5.82812100570039 4.4017021919379e-07 1.81534253798223e-06 6.24634748361624
"F5" -5.68442306200455 4.62038982616386 -5.81450092255001 4.61808731918143e-07 1.8922162976646e-06 6.20021788969331
"P01008" 4.55245045902203 1.58182119686144 5.80267908493642 4.814451588295e-07 1.9599477111059e-06 6.16019213270534
"RPL22" 1.70242784192379 0.348742198865514 5.791840404248 5.00176468535151e-07 2.02314969003641e-06 6.12350620597098
"CLeC11A" 1.57193699283663 0.313556625083039 5.78573721015874 5.11040749371716e-07 2.05392810734747e-06 6.10285332170424
"P06396" 5.06296647648791 1.8637240805787 5.7819390423917 5.1791986782203e-07 2.06840149744115e-06 6.09000226093334
"Q14CN4" 4.1652401798644 1.04825329384874 5.74148813589701 5.97139605777416e-07 2.36978044808522e-06 5.95322147047068
"P00338" 2.7497736611266 0.339952528327364 5.73444411398079 6.121159906891e-07 2.41403243828014e-06 5.92941891433812
"P62987" 2.53657602975053 0.600125432816278 5.73089742309504 6.19797233636391e-07 2.42914319518362e-06 5.917436087101
"Q06830" 1.89191650114601 0.336582340418348 5.71592455107895 6.5329359938087e-07 2.54461889635388e-06 5.86686261318167
"THBS4" -4.7188379242216 2.70759369313272 -5.7075593507095 6.72783952029911e-07 2.60445812104831e-06 5.83861750029592
"KRT8" 4.78516677744931 1.37402142304736 5.70084316958829 6.88849090380754e-07 2.65038887823327e-06 5.8159454503613
"ITIH3" -5.11501665839354 4.69375702630809 -5.67651405388864 7.50298083519086e-07 2.8532163731204e-06 5.73385576846615
"THeMIS" 2.53657602975053 0.314023317558594 5.67639627102898 7.50608427793955e-07 2.8532163731204e-06 5.73345850376322
"CSTA" 1.96035940362609 0.381212035195322 5.67331567068642 7.5877085055864e-07 2.86697249522456e-06 5.72306860039889
"GAPDH" -3.48016789755371 3.07871804506745 -5.66892958672781 7.70544519739957e-07 2.8941285235471e-06 5.7082774417838
"KRT6C" 6.32954774195481 2.16427141361773 5.6228067291057 9.05876853910252e-07 3.38229760246964e-06 5.55286350950302
"P11171" 1.6650012887374 0.343269224856955 5.60693966090476 9.5768540168979e-07 3.55470287333092e-06 5.49945286648278
"F2" -4.04658596383439 4.46967325870573 -5.58127285358899 1.04778184808053e-06 3.86637629320946e-06 5.41311595783587
"P26038" 3.80144823151979 1.1333406550057 5.52803166043638 1.26233190234969e-06 4.63099668827123e-06 5.23427397922299
"S100A9" 3.44248041547292 0.734901277775447 5.52253331720755 1.28682951348783e-06 4.69358047983134e-06 5.21582422072828
"AMY2A" 2.35420267392259 0.570364073266519 5.48357530832138 1.47443024219193e-06 5.34692806220175e-06 5.08520922534266
"P05109" 3.04955153026441 0.687321161041491 5.44105521026735 1.71019309638449e-06 6.16646767896349e-06 4.94287623561145
"Q8N1N4" 4.39770888844543 0.896992418578169 5.42831290811764 1.78785593216358e-06 6.4098698477001e-06 4.90026938867156
"Q02413" 4.09693495320241 0.973412188118829 5.42545715119017 1.80573479117473e-06 6.43739352108054e-06 4.89072353785951
"P12259" 3.86060531923032 0.759135697267659 5.39850457195766 1.98343669744333e-06 7.03117166340866e-06 4.80068548507206
"HGFAC" 1.79549213782456 0.363443167339019 5.38798651374644 2.05738588165312e-06 7.24236311134098e-06 4.76557633412459
"Q06033" 3.78632165352203 0.590504811827602 5.38555507005339 2.07486515707617e-06 7.24236311134098e-06 4.75746243553088
"P16402" 2.33222141867625 0.535435086540311 5.38519793604174 2.07744488613743e-06 7.24236311134098e-06 4.75627072507929
"P00558" 2.69019395509061 0.750630568987068 5.37156846649624 2.17830424446137e-06 7.53631407759534e-06 4.71080456441188
"KRT79" -5.00507665706362 2.41563447401021 -5.37060027634892 2.18565051695713e-06 7.53631407759534e-06 4.70757582186335
"Q7RTS7" 4.49129381974119 1.14685695489893 5.33132286297766 2.50526638856993e-06 8.59142984341101e-06 4.57670809162541
"O95678" 5.3373904619347 1.40815289159792 5.31022560019608 2.69559795994226e-06 9.19417466337062e-06 4.5065093008625
"KRT6B" 6.63137916433895 2.22641661277503 5.2930594394193 2.86095794100438e-06 9.70572290738583e-06 4.44944085935017
"P63267" 4.9957117375008 0.706404285464378 5.28695766534232 2.92211961436304e-06 9.860200409963e-06 4.42916663586987
"KRT71" -4.14053250399921 2.06923573706999 -5.25230710744523 3.29475704338571e-06 1.10584664594489e-05 4.31414492265027
"SeRPINA7" -3.98091104133158 3.61633860496395 -5.2397528791703 3.44104800411409e-06 1.148836661691e-05 4.27251872453371
"P35580" 2.7497736611266 0.441271939685429 5.19091152432148 4.07378522602619e-06 1.35292551453817e-05 4.11082075644401
"KRT77" 4.9274790023171 1.11212838504281 5.18027364794101 4.22614540693017e-06 1.39617683338897e-05 4.07565512849886
"P02649" 2.54541905005232 0.591694934187602 5.03782095504494 6.89825817502347e-06 2.26708380647907e-05 3.60667917396414
"SeRPINB3" 3.78632165352203 0.783301319974117 4.96560699596791 8.8318366766586e-06 2.88750722433761e-05 3.37039664720138
"CLU" -3.87983230448455 3.10692691815279 -4.93395093059834 9.83933779155341e-06 3.2003206940568e-05 3.2671477713987
"SeRPINA3-5" -4.83575864873853 4.1074092998534 -4.90988057603114 1.06803419811346e-05 3.45604912312613e-05 3.1887789087499
"PZP" 5.31329155559432 1.58382233784497 4.86952590276461 1.22516902270166e-05 3.94429414961606e-05 3.05766616631983
"KRT73" -4.37482837213795 2.38515311888049 -4.84623801706352 1.32597261615302e-05 4.2471508669673e-05 2.98216372196787
"P00734" 4.61480724772507 0.971546688862607 4.83456228556838 1.37953715173213e-05 4.39640375122713e-05 2.94435434233689
"LYSM" -2.67129068555681 1.03729602438514 -4.82813336684537 1.40993304116972e-05 4.47069220592007e-05 2.92354858225964
"P78385" 3.58414545497273 0.434649580733642 4.82514280664083 1.42429575799753e-05 4.49365311648222e-05 2.91387344661236
"KRT76" 4.9274790023171 1.50032032286503 4.79755692109332 1.56374599213467e-05 4.90907323898995e-05 2.82472187985216
"P62736" 4.9957117375008 0.638998481544567 4.78817507466837 1.61416290127971e-05 5.04226134013611e-05 2.79444121994566
"S100A7" 2.14984806284832 0.524428888572263 4.76337787910875 1.75523281899311e-05 5.45592073292933e-05 2.71450401129459
"CASP14" 2.69157899385005 0.43547856288609 4.7544879094009 1.80869952429331e-05 5.59455588151509e-05 2.68588083158472
"LYZ" 2.22543954174294 0.618327282928133 4.74229735573959 1.88462415176919e-05 5.80096507203103e-05 2.64666094893558
"KRT31" 3.90409825692233 0.616384676505695 4.69470427115258 2.21214894378865e-05 6.77604846374095e-05 2.49388286389018
"CLeC3B" -3.43971731741263 2.73407577761207 -4.67816596364907 2.33854998497643e-05 7.12862338415522e-05 2.44092236793415
"AZGP1" 2.7497736611266 0.618569799322471 4.67451566856649 2.3673887227436e-05 7.18183790409235e-05 2.4292421520692
"P16403" 2.33222141867625 0.413501804493008 4.65710013065741 2.50984902042714e-05 7.54149872328345e-05 2.37356156705236
"H1-4" 2.33222141867625 0.413501804493008 4.65710013065741 2.50984902042714e-05 7.54149872328345e-05 2.37356156705236
"HBD" 3.81025160668152 0.814906290238242 4.59047944480133 3.13656350979538e-05 9.37996006957764e-05 2.16127365065517
"FGA" -3.59306582603828 3.17249349353836 -4.57719678740248 3.27870356286926e-05 9.75878277438917e-05 2.11908576148611
"DSG1" -3.47943980753342 1.03087995997917 -4.55520211804921 3.52805499073103e-05 0.0001045165586456 2.04932984360647
"P00488" 1.82986855453894 0.373297292501453 4.52902252253496 3.84910983286796e-05 0.000113494780585967 1.96647064958282
"KRT19" -5.29078574334963 2.96099265043905 -4.48065438028405 4.51911973144286e-05 0.000132630909327462 1.81387761210831
"P02749" 2.90477662522612 0.451919943200276 4.44852551465457 5.02584352572448e-05 0.000146819780774636 1.71287855206841
"P68133" 4.9957117375008 1.11980822651831 4.44673158106909 5.0557166752107e-05 0.000147011853551058 1.70724787122806
"ITIH1" -4.12225257560112 3.80924768927212 -4.43949736551403 5.17795275821888e-05 0.000149875605065877 1.68455096212142
"F13A1" -2.96137622038272 1.66628805992448 -4.43009357366684 5.34116984199777e-05 0.000153893980379023 1.65506967336113
"HBB" -4.19690770180642 3.60338993350591 -4.32982371445277 7.42553617105062e-05 0.000212977878360588 1.34234069236066
"P02765" 4.66624781955834 1.06939274474532 4.30453426540706 8.06552330901245e-05 0.000230287113483568 1.26394686470006
"JUP" -4.65713164098916 1.93676595742777 -4.29318797096913 8.369829668053e-05 0.000237899212637002 1.22883953087368
"AFM" -3.89564763497357 3.6330774368852 -4.28904425772301 8.48372771030367e-05 0.000240055254941777 1.21602824576042
"P02774" 3.74148582770687 0.817341281900046 4.27681945382906 8.8286155578453e-05 0.000248698947187517 1.17826384697932
"KRT222" -3.01526036635231 0.871570823600914 -4.22609193760834 0.000104113851935144 0.000291981513649227 1.02206781133508
"eeF1A1" -3.51290830278303 3.10639466574768 -4.22402023832392 0.00010481573904903 0.000292649253716539 1.01570646982926
"IGFBP6" -2.76866504064317 0.599377808165143 -4.21073768732866 0.0001094264086525 0.000304176492774131 0.974954533482626
"SeRPINA3-4" -5.0411165688591 4.28063114130312 -4.19712136305447 0.000114357447238154 0.000316489250909103 0.933238766044013
"ADAMTS13" 1.6650012887374 0.332982228000967 4.1649640015017 0.000126875687878801 0.000349600694548137 0.83496423563143
"DSP" 3.74148582770687 1.36211428931009 4.12507559205581 0.000144262011855134 0.000395175877022471 0.713548429791578
"ILK" 2.89454856616488 0.589892980239292 4.12420063125556 0.000144668189528036 0.000395175877022471 0.710891250184795
"KRT78" -3.92239857331661 1.21398713660327 -4.07901323737198 0.000167222994804457 0.000454817714317294 0.574022744552532
"Q7Z3Y7" 2.38748205578882 0.378250244393938 4.0730002111339 0.000170470149837239 0.000461659504494842 0.555863830211822
"GARIN1B" -2.65688563479092 0.931787480834391 -4.01624356792437 0.000204287268281349 0.000550877206348425 0.385099664147025
"APOA4" -3.86022385406944 2.28641850567132 -3.92290115782688 0.000274478693020668 0.000737004490621453 0.106833561476301
"ARG1" -3.09769549289393 0.789853158760867 -3.88723731257687 0.000307030825853091 0.000820917165734325 0.00138746169719539
"VNN1" -3.48833062408041 2.79085309958901 -3.86721937739673 0.000326903103955716 0.000870362272557201 -0.0575821523893287
"LBP" -3.68731215130683 1.85962211188047 -3.85318909709144 0.000341564804823067 0.000905577276652752 -0.0988191256907003
"P08697" 1.79549213782456 0.422768746850354 3.83964132503434 0.000356322739073078 0.000940751666757791 -0.138563861620485
"UBA52" -3.00032113780757 1.27572881511371 -3.8187737322829 0.000380263372521983 0.000999775783589046 -0.199639032510581
"LOX" -2.06234770934549 0.69202037673911 -3.8065795291599 0.000394962920420522 0.00103411453437904 -0.235247779741837
"Q86UX7" 1.78150236453681 0.290262389270065 3.75030061039856 0.000470192981799518 0.00122599905584916 -0.398802594843104
"P14923" 3.20076903192072 0.931804160540682 3.7267804198694 0.000505559461812727 0.00131279020742317 -0.466766544159704
"MAP4" -2.57467589258006 0.337161908363979 -3.71650852992313 0.000521794511757029 0.00134939482343723 -0.496375188715553
"KRT80" -3.5647116740022 1.37415635638299 -3.70451173405646 0.000541390065757709 0.0013943556387474 -0.530899260754124
"KLKB1" -3.02688347751039 2.45522538487941 -3.68422511996943 0.000576144150780877 0.00147783316724688 -0.589139873848177
"HBe1" 1.64846400696945 0.355476418673161 3.66718640645989 0.000606979099547728 0.00155062271989723 -0.637919431981023
"KRT72" -4.55748764158767 1.78368945396979 -3.62223796766035 0.000696103130299215 0.0017708890793266 -0.76599425326807
"GFAP" -3.44843080226289 1.07772854627193 -3.62095922060005 0.000698813598656614 0.0017708890793266 -0.76962488488958
"P00747" 2.90477662522612 1.01723332705427 3.54995664480695 0.000866235810656156 0.00218637918609614 -0.970067619198002
"KRT17" -5.76306749692617 3.15566229471789 -3.50361067339925 0.000995514079342975 0.00250266686878652 -1.09966490807454
"HRNR" 1.34123543047638 0.465822623919104 3.44778188594722 0.0011757400588405 0.00294401578225537 -1.25444576038297
"TGFBI" -4.07088957735642 2.44310842150736 -3.40602590285683 0.00133042161253177 0.00330750210856976 -1.36923836430037
"KRT20" -2.8237514738026 1.22298441785712 -3.40577997256771 0.00133138753657166 0.00330750210856976 -1.3699119583036
"H4" -2.73556422529735 1.60037448391229 -3.38872788357792 0.00140001230350113 0.00346434417062437 -1.41654500449707
"C7" -3.10635264694146 3.19095786669979 -3.37379858772801 0.00146284201449596 0.00360567699666777 -1.45725568702483
"RGN" -2.22684167846628 1.02697867734299 -3.36679080180727 0.00149324943458236 0.00366630503199016 -1.47632730880826
"MDH1B" -3.70631529647431 1.30473120409333 -3.35617111150656 0.00154047567742525 0.00376759749013696 -1.50518232735278
"PGLYRP1" -3.91787094250786 1.52650722953648 -3.34715995940729 0.00158165732403576 0.00385338135701377 -1.52962276936923
"P0CG53" -3.00032113780757 1.03241699431888 -3.3194127101307 0.0017151243975769 0.00416247498027317 -1.60462482622805
"RNASe4" -2.40207748390834 0.790744822982162 -3.28409666036021 0.00190047503906333 0.00459463505612628 -1.69952273315347
"Q08188" 2.35420267392259 0.494699043019943 3.27006407998828 0.0019792616170733 0.0047668476350124 -1.73705283496275
"UBC" -3.00032113780757 1.09692025673344 -3.25825483633748 0.00204794993910838 0.00491352247748057 -1.76855801560075
"LOXHD1" 1.1368808194021 0.305129942147082 3.25251875150269 0.00208212152341501 0.00497658591391996 -1.78383493950268
"SeRPINA3-6" -4.99145189673213 3.76802438787071 -3.23927520292447 0.00216308773726396 0.00515059759325872 -1.81904120459221
"RPS27A" -3.00032113780757 1.43074905315533 -3.2330204156796 0.00220235333499702 0.00522437952775608 -1.83563695865623
"P02647" 2.54541905005232 0.803771327597334 3.23129321617333 0.00221331422980011 0.00523071640076355 -1.84021611297807
"THBS3" 1.16414193272219 0.323629307052341 3.22585726732671 0.00224814830207311 0.00529321484555273 -1.85461771253985
"FGB" -3.14833484767327 2.91781616788423 -3.21798493041577 0.00229951393759054 0.0053940271175451 -1.87544660552203
"FLNB" 1.52211446913654 0.413331594768217 3.21059543570917 0.00234873560335477 0.00548908209524763 -1.89496830216066
"TLN2" 2.36791968588819 0.966455129892931 3.20660339904452 0.00237573874802352 0.00553170166052708 -1.90550254794044
"eNO1" -3.14856553848044 2.99192467694863 -3.2015194804723 0.00241055189669214 0.00559212590739979 -1.91890586835874
"CHI3L1" -2.17114290076028 0.759499594345939 -3.19181300609801 0.00247835969196844 0.00572836983748016 -1.94445811320383
"CATHL4" -2.41041851440466 0.921576588262768 -3.18667457288316 0.00251498020774277 0.00579179748571418 -1.95796474088208
"P09210" 1.65448819364301 0.330527392169844 3.18271585228907 0.00254354048104378 0.00583626924923136 -1.96836084059836
"ANG1" -1.65870452518849 0.327357710119103 -3.1673411570136 0.00265738699416652 0.00607540287434448 -2.00865728216287
"MYH11" 1.52211446913654 0.652544957969425 3.16034769226237 0.00271074560914354 0.00617501978111759 -2.02694490853228
"K2CA" -2.12276221240182 0.49157497204076 -3.10041378576571 0.00321121987486508 0.00728877604690599 -2.18258215800691
"BRN" -2.25707000577901 0.463884710841 -3.09370429376859 0.00327235967978171 0.0074009281646676 -2.1998830778929
"DSC1" -2.17114290076028 0.453335524236637 -3.0761287100265 0.00343773793051556 0.00774718797912613 -2.24508492016928
"C4A" 1.90448278145132 1.69571761681544 3.04043828841535 0.00379798184224416 0.0085285642080287 -2.33634544876124
"C5" 2.33222141867625 0.771532167322534 3.02556895928769 0.00395826053249746 0.00885695885108474 -2.37415495443843
"H2A1" -2.40474714245734 1.08487554912278 -3.0185321362444 0.00403629899558534 0.0089365076007521 -2.39200441713152
"H2AJ" -2.40474714245734 1.08487554912278 -3.0185321362444 0.00403629899558534 0.0089365076007521 -2.39200441713152
"H2AC20" -2.40474714245734 1.08487554912278 -3.0185321362444 0.00403629899558534 0.0089365076007521 -2.39200441713152
"K2C4" -4.03672803713829 1.07211431784201 -3.01353709647377 0.00409256521636049 0.00902940087945268 -2.40465765252032
"LTF" -3.60356942395757 2.26415786302272 -2.98733797613438 0.00439989296997837 0.00967363227894199 -2.47079083282535
"KRT10" -5.93451250673045 1.86919749840774 -2.95632520088148 0.00479152568759597 0.010498099683587 -2.54856428677981
"HNRNPR" 1.37733956409826 0.274976810390274 2.9421149914175 0.00498163170881038 0.0108768498555687 -2.58401391128929
"IGFBP5" -2.22299880045556 0.517686905947146 -2.9173990829766 0.00532912551656729 0.011595442072255 -2.64538997379361
"PGK2" 1.1368808194021 0.431077244658023 2.89945100312505 0.00559546918277003 0.0121269585604746 -2.68973399793127
"P08727" 2.53401075850764 1.29650660735389 2.89837383879649 0.00561184136237493 0.0121269585604746 -2.69238925645996
"IGFBP2" -4.12474806995394 2.40775523204748 -2.89648197860684 0.00564070425887457 0.0121477282844705 -2.69705110807012
"FBLN1" 1.78150236453681 1.2055395696611 2.88239397070686 0.00586001627546716 0.0125771097612918 -2.73169923048764
"Q14624" 2.33222141867625 0.627085872180991 2.85816037072518 0.00625589717702544 0.0133812580295019 -2.79102166936188
"KRT24" 1.64846400696945 0.307843755544185 2.79428287612652 0.00742138070139197 0.0157975729988447 -2.94568593922556
"NeFH" 1.75679355527794 0.384919047854502 2.79356131923959 0.00743562469200771 0.0157975729988447 -2.94741875895237
"FLNC" 1.16414193272219 0.271711608969947 2.78918986477219 0.00752246178436467 0.0159284341809869 -2.95790994643752
"NACA" -1.91084301752207 0.816083855863542 -2.73069659788226 0.00877817895216433 0.0185251870194505 -3.09714748686541
"Q13509" 2.13695149003235 0.919595553811429 2.71838863717987 0.00906586832771297 0.0190685430492896 -3.12617237948562
"FN1" -2.74002125456936 3.63302739964173 -2.68975874148634 0.00976894781327247 0.020479089934136 -3.19331667758432
"SeRPINA3-1" -4.97382661146178 3.84999949266226 -2.6797574301542 0.0100261331769031 0.0209486424987611 -3.21664916199707
"P08238" 2.00542843264657 1.08591880466753 2.66138036037386 0.0105149691129329 0.0218975099348537 -3.25935459357112
"BPT2" -2.15742121365087 0.60882521501471 -2.65983022378242 0.0105571871019559 0.0219131087543888 -3.26294693108819
"P13929" 1.64846400696945 0.395447519903641 2.65679208338649 0.0106403820360366 0.0220133805401281 -3.2699831218845
"HSPA6" 1.65448819364301 0.711514689119529 2.63375342814949 0.0112910824910447 0.0232321277346449 -3.32314522883538
"Q14533" 1.90448278145132 0.451527797045678 2.63319398716792 0.0113073269314941 0.0232321277346449 -3.3244318659351
"HABP2" -1.85797113763193 1.13805930585204 -2.63207341556445 0.0113399292270533 0.0232321277346449 -3.3270084136863
"APOC3" -2.39084630929113 1.19778688740857 -2.62786224944175 0.011463220977378 0.0234087133874612 -3.33668390517025
"Q32Le4" -1.54916813324241 0.358614391703744 -2.61834316235208 0.0117464465669965 0.0239097025283059 -3.3585121590643
"LASP1" -2.15742121365087 0.588559131748599 -2.60925075716283 0.0120229373864891 0.0243938054368958 -3.3793066801577
"CAPNS1" -1.54916813324241 0.739184125827107 -2.60239979762771 0.0122351829235088 0.0247448731561988 -3.39493917153514
"PRDX1" -1.79721109327155 0.546049595625712 -2.59181351812591 0.0125698869529625 0.0253405708221065 -3.41903423168823
"P31946" 0.981768576894254 0.416300648724564 2.57992758447039 0.0129556257310557 0.0260350313257839 -3.44599932766164
"P00751" 1.70242784192379 0.338174304148422 2.55277452052628 0.0138776448086497 0.0277993456325649 -3.50724896137717
"F12" -1.91771891591285 1.40352742793015 -2.54093669091297 0.0142980004745104 0.0285507541120762 -3.533797953235
"IGFBP3" -2.48984840572929 1.43521702137938 -2.53885671812728 0.01437304430654 0.0286100661117562 -3.53845307138971
"GAL3ST4" -1.80130662557599 0.370598323564226 -2.52556073799528 0.0148612739008067 0.0294888799729845 -3.56814175119681
"PLeK" 0.981768576894254 0.356570434842956 2.50576305125207 0.0156161959153933 0.0308859171796779 -3.6121274391782
"CFL2" -1.59187842513562 0.374442757648552 -2.50455872271393 0.0156632226584737 0.0308859171796779 -3.61479461659149
"GPLD1" -2.55268216924351 1.27736996011665 -2.50019332737907 0.0158347615090246 0.0311268987918832 -3.62445423920185
"ARHGeF9" -1.68767470132548 0.399278493642343 -2.48917749311841 0.0162752273878986 0.0318933803781492 -3.64877223799084
"TAGLN2" -2.79981131022489 1.7896858980515 -2.48235213412144 0.0165536771667156 0.0323386077157819 -3.66379811785486
"ARFIP2" -1.76978388912668 0.436516442761799 -2.47757881697682 0.0167509665976275 0.0326230244540214 -3.67428758870741
"P27348" 0.981768576894254 0.290054174300835 2.44880008766527 0.0179861869178919 0.034920873677507 -3.73719879240075
"CSRP1" -1.54916813324241 0.533260908749307 -2.44171863880018 0.0183024795192391 0.0354259649590181 -3.75259173182318
"COL3A1" 0.723837015191949 0.302753326489726 2.43340185891861 0.0186803518831424 0.0360394688123873 -3.77062567206906
"KRT86" 1.90448278145132 0.501964950096177 2.43224059495622 0.0187336700007338 0.0360394688123873 -3.77313992545538
"MST1" -1.9190044084267 1.60785553826297 -2.42580381465579 0.0190317036767304 0.0365015350152488 -3.78705925373241
"KRT15" 2.74808213053472 0.898171136215576 2.41622721336956 0.0194830285745973 0.0372539122138513 -3.80771510564032
"CALD1" -1.54916813324241 0.613608729397705 -2.40683383693771 0.0199350599056259 0.0380030900315708 -3.82791374154277
"P04272" -2.6855879589749 1.21847887840817 -2.40065825442688 0.0202373635151279 0.0384631818615835 -3.84115958896742
"COMP" -2.44830051071212 2.11674356416753 -2.3887257303029 0.0208331826241054 0.0394766913988304 -3.86667775689848
"HSPA5" -1.85797113763193 0.826080446789921 -2.36684060727282 0.0219670555861153 0.041500634954607 -3.9132199955828
"KRT28" -3.13420638759724 1.15356301224141 -2.3441522467363 0.0232006825849057 0.043611159218324 -3.96111327607655
"RPL30" 0.723837015191949 0.316838166991133 2.34376217025667 0.0232224239260806 0.043611159218324 -3.96193350235707
"AMY2B" 1.34123543047638 0.74822742113586 2.31782142937076 0.0247098228169869 0.046266760230026 -4.01623648489051
"H1-2" -2.07149410863214 1.01099196772226 -2.29474129293239 0.026104114524938 0.0487328291870884 -4.06414607015175
