"logFC" "AveExpr" "t" "P.Value" "adj.P.Val" "B"
"P63261" 5.31166092502087 2.45979019689723 19.5990695777629 9.92021998770519e-25 3.12982940612099e-22 44.6759358701203
"P60709" 5.31166092502087 2.45979019689723 19.5990695777629 9.92021998770519e-25 3.12982940612099e-22 44.6759358701203
"P13645" 5.82590807776046 2.97643993189695 17.4766257613931 1.32418076807981e-22 2.7851935488612e-20 40.2620792402467
"P02768" 6.10882987808674 3.23301415862248 15.6969645121077 1.13526109839417e-20 1.7908743827168e-18 36.1690109480196
"KRT1" 6.06358772015129 3.24960602826261 15.1522231626132 4.75269586558658e-20 5.99790218237027e-18 34.8384704516363
"KRT9" 4.61684065997622 2.75795260815414 12.7705735089831 3.76637898093916e-17 3.96097522828768e-15 28.5600893422024
"TLN1" 5.1387608988586 2.71389669310979 11.9881455184635 3.94099408562665e-16 3.55252466861488e-14 26.3264231189224
"eeF1A1P5" 3.57944494723673 1.86671378928113 9.63463629340771 7.37200518650233e-13 5.81466909085371e-11 19.092499090559
"P68366" 4.18472826187195 1.76508982753113 9.30444614944772 2.2392337067875e-12 1.56995163220324e-10 18.0190616858976
"KRT14" 5.48053140614955 2.44276934440136 9.03213886619809 5.64866160688441e-12 3.56430547394406e-10 17.1241158226343
"PKM" 3.14640778289772 1.39826985526521 8.26130360017351 8.07009369988309e-11 4.62929920420566e-09 14.547998844448
"P06733" 3.62247313914204 1.00307738353785 7.52420124640957 1.07380483443134e-09 5.64642375438477e-08 12.0369774830854
"KRT16" 5.06315353308757 2.30697925096178 7.49721880184794 1.18126529026392e-09 5.73367998581951e-08 11.9444063631304
"P11142" 3.57925466624305 1.29353643577238 7.28173147354285 2.5332081398145e-09 1.14175309730211e-07 11.2039221084354
"POTee" 4.01056723746039 1.22222899345803 7.23682438940921 2.97043920462422e-09 1.24956475874525e-07 11.0493740200371
"FLNA" 4.49275513171474 1.75658537855711 7.1996406166546 3.38922876657521e-09 1.32096364100428e-07 10.921354547943
"P63104" 2.48186030175799 0.884129142970355 7.18587558360727 3.55885608511454e-09 1.32096364100428e-07 10.8739520786555
"TUBA1B" 4.09478186211654 1.66164867095912 7.15255718256265 4.00552089702188e-09 1.40415760334489e-07 10.7591906970062
"P68371" 4.10614199345543 1.45345865388749 6.85311754887986 1.16054537113156e-08 3.85423225886323e-07 9.72672808162972
"P13647" 4.84606358918644 2.44539382196407 6.82980321569267 1.2608416810132e-08 3.97795550359663e-07 9.64629145809352
"TUBB1" 2.64524757173591 1.29215683445709 6.77466507928495 1.53392434057112e-08 4.60907742333511e-07 9.45605195917606
"MYH9" 4.26563335254988 1.83979858127324 6.75596858454767 1.63936801671645e-08 4.7020055388549e-07 9.39154393748911
"P19823" 2.66996597100404 1.72378064659439 6.73695047287997 1.75406702756634e-08 4.81224475823635e-07 9.32592675124842
"Q04695" 4.45140487631649 2.00730714342483 6.70267599908889 1.98142233082526e-08 5.20948954479474e-07 9.2076743866039
"P01024" 4.30982492336267 2.16965196404416 6.50316236361562 4.02758708931333e-08 1.01656298134269e-06 8.51956115123088
"LOX" -3.13131744815637 0.69202037673911 -6.46182397835702 4.66498630749871e-08 1.13215629231988e-06 8.37707726794072
"CAPN1" -3.12185766452979 0.388832623725532 -6.07813879152891 1.8199233999347e-07 4.25276322794937e-06 7.05763021718329
"TUBB" 4.00503495041437 1.37916446976825 6.06343702304982 1.91713984447542e-07 4.25276322794937e-06 7.00722303049374
"P23528" 1.77531150140372 0.716620014092231 6.05798105678613 1.95451875769464e-07 4.25276322794937e-06 6.98852001835074
"KRT13" 3.17392004353057 1.5651524960697 5.9584639102517 2.77889221384358e-07 5.84493662311766e-06 6.64773766628092
"P07900" 3.54194156647599 1.26570801424459 5.94802761231437 2.88326032373838e-07 5.8688298847707e-06 6.61204214771461
"POTeI" 3.15593707145849 0.510637212644928 5.82739664051057 4.41295235587095e-07 8.70179042673302e-06 6.20009204194342
"COL10A1" -3.01213110304942 0.836743477537966 -5.79937397736645 4.87081925225022e-07 9.31359681263603e-06 6.10457858953192
"APOH" -2.68122473754486 3.60746490795528 -5.76473252525502 5.5025405413034e-07 1.02120678869484e-05 5.98660829921372
"P04406" 2.94137637011441 1.46040235764334 5.65846511325877 7.99371891974517e-07 1.44115332524549e-05 5.62547741139652
"P15311" 2.60416448697288 0.776083929513556 5.61145541485117 9.42648663830301e-07 1.63066124862717e-05 5.46611564338867
"P02788" 2.53107468775194 1.24423163318215 5.60739090174825 9.56172206009594e-07 1.63066124862717e-05 5.4523490052817
"KRT6C" 5.60412259334061 2.16427141361773 5.5659988156908 1.1053349573293e-06 1.83543778440733e-05 5.31226470228912
"C4A" 3.10496817299603 1.69571761681544 5.54206100245352 1.20189919696334e-06 1.94461126483044e-05 5.23134672708491
"CHI3L1" -3.312397671453 0.759499594345939 -5.44435591099096 1.69062648388409e-06 2.66696327832716e-05 4.90183602434746
"P01023" 4.78410573125282 2.29391897658004 5.35494766376916 2.30787553940885e-06 3.55187674479752e-05 4.60146062954379
"HABP2" -3.31252252158452 1.13805930585204 -5.24653871228012 3.36119525873215e-06 5.00845358858041e-05 4.23887046984286
"KRT2" 3.51019952431936 2.86031237617989 5.24211418578757 3.41305078144149e-06 5.00845358858041e-05 4.22411197179009
"SeRPINA5" -2.4997598621164 4.39741935957571 -5.2011580262884 3.93216312771936e-06 5.63907939452481e-05 4.08765369859598
"KRT6A" 4.39413344244627 2.4219735959836 5.05623948811035 6.47599771217378e-06 9.08078790307034e-05 3.60718763199267
"MST1" -3.54954925934222 1.60785553826297 -5.01658200866577 7.41894041596854e-06 0.000101768508749482 3.47639163280734
"P50395" 1.39803093785729 0.305060164883725 4.98976596350651 8.13194425636036e-06 0.000109175677143902 3.38812463698866
"APOA2" -2.66858574260782 2.08661494538222 -4.96431303706997 8.87095225706137e-06 0.000114269085110378 3.30447895481256
"KNG1" -2.46580156900129 4.54464354662345 -4.96422860286237 8.87351057117037e-06 0.000114269085110378 3.30420170041163
"TUBA1A" 3.84849515935824 1.19948842838369 4.94955962226447 9.32917824113562e-06 0.000117734229403131 3.2560559374282
"KRT3" 2.97399477881182 1.58048859238809 4.93809250879168 9.70135694585298e-06 0.000120030514369279 3.21845037519222
"KRT79" -4.09317249043564 2.41563447401021 -4.91051621589689 1.06572496807623e-05 0.000129321625933866 3.12812948833074
"ANXA5" -2.61252075031532 0.794981727204845 -4.84149858199041 1.34746454197941e-05 0.000160424552073398 2.90279701550273
"APOD" -2.69605618304306 2.04941190125326 -4.81221666006031 1.48804749245062e-05 0.000173881105136359 2.80751678723407
"CKM" -3.21943935107376 1.31106230670835 -4.77832921666657 1.66879014927983e-05 0.000191455742581013 2.69749680232221
"P08238" 3.14734755343653 1.08591880466753 4.66981299911304 2.40505605414001e-05 0.000270998280386133 2.34703220076505
"VTN" 1.52608514358019 1.30500717022259 4.64094265738668 2.64951354935228e-05 0.000288768973110609 2.25428490315336
"P06396" 3.63439702229274 1.8637240805787 4.64040441573638 2.65429484000243e-05 0.000288768973110609 2.25255780233678
"S100A9" 2.56932527245841 0.734901277775447 4.60830231096715 2.95528108590498e-05 0.000316064807662041 2.14968494558385
"CATHL4" -3.09095949219717 0.921576588262768 -4.56870988057664 3.37280508200897e-05 0.000354706667791277 2.02318264564807
"P68104" 2.03136119702234 1.79940580014137 4.47409214635959 4.61838402676425e-05 0.000477737757522662 1.72259935594483
"IGFBP3" -3.88029900382263 1.43521702137938 -4.42369814432328 5.45503107831776e-05 0.000555181388777178 1.56354139726728
"P07996" 2.95539152046925 1.8511055360765 4.41462512353212 5.62063795160912e-05 0.000562955959915136 1.53498311633114
"CFH" -2.70385266736247 4.64711187182647 -4.34170933888085 7.14211789465851e-05 0.000704168186176488 1.30636907921269
"CFD" -2.67621684979525 1.75420206290034 -4.30025165178856 8.17909470767133e-05 0.000781106229749124 1.17711405268195
"COL6A1" 1.52957132793749 0.906037327762269 4.29832501228241 8.23069420250056e-05 0.000781106229749124 1.17112037794955
"Q13509" 3.02058243514158 0.919595553811429 4.29598327344334 8.2938379386991e-05 0.000781106229749124 1.16383693355821
"IGFBP4" -2.08716944250862 0.316080397760248 -4.25952667401552 9.3398907637503e-05 0.000866686922342123 1.05067268995589
"P61204" 1.3870091086033 0.540338427439164 4.25051362907221 9.61767792379439e-05 0.000879529676799169 1.02276144792318
"DSP" 3.37988140825927 1.36211428931009 4.16623991719286 0.000126354568325603 0.00113899618019223 0.763082588605852
"C4BPA" -3.48147680946954 1.09352212121896 -4.16122235459672 0.000128415946816058 0.00114127411888637 0.747696838921262
"Q5XKe5" 2.83596789679197 1.3958302434628 4.11656161589478 0.000148261863746915 0.00129935050033755 0.611131814154819
"ADIPOQ" -1.93045822221223 2.93752513994763 -4.0758358484126 0.000168931304363481 0.00144693931071863 0.48720734057413
"QSOX1" 1.00034977449406 0.805070645396471 4.07443725421943 0.000169688603792676 0.00144693931071863 0.482962018472362
"P31946" 1.37872809041376 0.416300648724564 4.05071808440745 0.00018304427843909 0.00154001252926754 0.411071373448494
"FBLN1" 2.23362665360923 1.2055395696611 4.04047596257049 0.000189121221633976 0.00157020382698735 0.380091303613773
"GDF6" -2.0869681994089 0.295749412812816 -4.03131263678736 0.000194723368032825 0.00159572006790536 0.352406725885525
"P62258" 1.6898974647147 0.499107347535886 4.00030105335222 0.000214900228374105 0.00172339277925934 0.258942254817829
"P68032" 2.93700170077833 1.87318986533482 3.99903506587949 0.00021576549851266 0.00172339277925934 0.255134310082346
"LTF" -4.25759814089821 2.26415786302272 -3.9461277482978 0.000255099045476745 0.00199538002340669 0.0965332378415455
"CAPNS1" -2.10038223995067 0.739184125827107 -3.94483466192994 0.00025614228509658 0.00199538002340669 0.092670214396815
"P02771" 1.97371897362527 1.20445681963199 3.91551029841784 0.000280938324048548 0.00216185466432481 0.00523786029248541
"P84077" 1.3870091086033 0.497523308665411 3.89358724948592 0.000300974369958262 0.00228813045112847 -0.0599092103297076
"P00558" 1.72780533458566 0.750630568987068 3.85715721023467 0.000337355015334079 0.00253417874614052 -0.167747435439238
"FLNB" 1.62739299249244 0.413331594768217 3.83782986149555 0.000358341999637093 0.00266016237377654 -0.224744495682464
"F12" -2.58666562292227 1.40352742793015 -3.83181197397775 0.00036512969404391 0.00267001936742995 -0.242460770327736
"KNG2" -2.64834652049092 4.12277039415999 -3.82918393793399 0.000368132622767679 0.00267001936742995 -0.250192946117804
"TPI1" -2.34666201329413 1.16634827998241 -3.81100782955671 0.000389562618697523 0.00279334104997883 -0.303593691216017
"DYNC1H1" 2.24389549058864 0.327439591398445 3.78767952631074 0.00041883273517413 0.0029694770325267 -0.371933396434109
"HBA1" 2.25092790881618 1.70191375070829 3.75113531038272 0.000468982634388531 0.00328808935887959 -0.478535733861426
"APOB" 3.12484218887085 1.56865439369341 3.74654208628914 0.000475680296216585 0.00329839853750182 -0.491894998845673
"CLeC3B" -2.45587747895902 2.73407577761207 -3.73434617776667 0.000493913104918155 0.00338759966525387 -0.527323263253551
"GARIN1B" -2.19844048995378 0.931787480834391 -3.71549689720251 0.000523420250588262 0.00355137825936767 -0.581954962538005
"TUBB2A" 2.40510628958436 0.306442143454817 3.68439352232266 0.000575847028561439 0.00386552633002413 -0.671770405091167
"APOA4" -3.23583218030171 2.28641850567132 -3.67651101812332 0.000589913431590809 0.00391826710877685 -0.694465837391204
"KRT8" 2.69623295181516 1.37402142304736 3.59132272352596 0.000764538661196604 0.00502524890849018 -0.937994499752879
"F10" -2.46520671716411 1.80481524069034 -3.58088222535308 0.000789071322522138 0.00513303097434504 -0.96761740241579
"KRT6B" 3.98019226759339 2.22641661277503 3.55191012988146 0.000861155372128514 0.00552467793207227 -1.04955976031639
"SPON1" -2.19315682178821 0.468705315670895 -3.54957593866767 0.000867229244596592 0.00552467793207227 -1.05614483288871
"LYSM" -1.75499282916344 1.03729602438514 -3.54640606507841 0.00087554325389418 0.00552467793207227 -1.06508345593071
"P37802" 1.14720055048355 0.354293361291635 3.53738118920429 0.000899633040059815 0.00562047968591825 -1.09050697244547
"P01008" 2.47281354760365 1.58182119686144 3.52394971196496 0.000936660883923271 0.00579444135054494 -1.12827412542179
"P61981" 0.92070745610127 0.3862453650712 3.52042045437635 0.000946629163281319 0.00579925244689818 -1.13818388983049
"NACA" -2.19855785933766 0.816083855863542 -3.51270230308667 0.000968782970048525 0.00587790436635211 -1.15983531416872
"P05109" 1.75571806423076 0.687321161041491 3.50232900181348 0.000999338573215791 0.00600554894951585 -1.18889112380645
"KRT78" -2.9884490947943 1.21398713660327 -3.47459556839586 0.00108561075539435 0.00646245647786637 -1.26632353554339
"SeRPINB3" 2.35599268054276 0.783301319974117 3.45448874843444 0.00115255005880317 0.00679681389817572 -1.3222332901056
"P61224" 1.12330953478495 0.922756113454085 3.4084325585992 0.00132100425780014 0.00771808969140639 -1.44956361326159
"AMY2B" 1.75895229939948 0.74822742113586 3.39847457388043 0.00136038649628169 0.00787526494636467 -1.47695814738465
"IGFBP2" -4.32468254676802 2.40775523204748 -3.39533509803518 0.00137303234333264 0.0078762128058445 -1.4855847698394
"MYH11" 1.44002731879115 0.652544957969425 3.34282228234979 0.00160185131223142 0.00903153135642838 -1.62915359667273
"TCN2" -1.98872283656823 0.440545433393437 -3.34256408388421 0.00160306103315369 0.00903153135642838 -1.62985609683653
"P62979" 1.15018778515793 0.649622135978336 3.31692659489291 0.00172759050186723 0.00964698766971881 -1.69944206884983
"S100A7" 1.33687034345467 0.524428888572263 3.31170438626962 0.00175405640234175 0.00970885605155829 -1.71357540133164
"KLKB1" -2.41426692638412 2.45522538487941 -3.28541887630654 0.00189320642938967 0.0103879413647381 -1.78450225106072
"Q9BUF5" 1.84792415296232 0.589043054365598 3.27368092721169 0.00195866410988463 0.0106544573563552 -1.81606013765454
"eIF4A1" 1.22591825941892 0.281091213558205 3.25922312821467 0.00204223411128384 0.0110141002070094 -1.8548322264466
"CATHL3" -1.95617370377768 0.337409403174493 -3.21499114433367 0.0023193371304839 0.0123383038798798 -1.97277143365267
"AMY1A" 1.75895229939948 0.755503261094872 3.20804080355102 0.00236598220200548 0.0123383038798798 -1.99120972927894
"AMY1B" 1.75895229939948 0.755503261094872 3.20804080355102 0.00236598220200548 0.0123383038798798 -1.99120972927894
"AMY1C" 1.75895229939948 0.755503261094872 3.20804080355102 0.00236598220200548 0.0123383038798798 -1.99120972927894
"APOe" -1.92011214036485 3.49230270079397 -3.19943776150119 0.00242494531281456 0.0125421351834917 -2.01399679655689
"VASP" -1.76011612905998 0.502140227184709 -3.19050044653701 0.00248766590514363 0.0125671007002161 -2.03762739711918
"MDH1B" -3.14953538567957 1.30473120409333 -3.18862341881618 0.0025010315437877 0.0125671007002161 -2.04258489523644
"CDH1" -1.9940849937605 0.600999147693407 -3.18784922398398 0.00250656400720028 0.0125671007002161 -2.04462910392488
"ANXA2" 1.56599666268636 1.02910085649948 3.18744783518562 0.00250943690685772 0.0125671007002161 -2.04568881711545
"A1BG" -1.13511405459104 4.15117798268516 -3.17248088845692 0.00261880449415249 0.0129339053106846 -2.08514146912038
"TUBA1D" 3.84849515935824 1.70209257780935 3.17047178117199 0.00263382302411154 0.0129339053106846 -2.09042825732319
"RNASe4" -2.07324729398642 0.790744822982162 -3.16909335301514 0.00264417398586104 0.0129339053106846 -2.09405420807412
"Q00610" 1.8113378734274 0.270744400877645 3.15721232213249 0.00273499399306447 0.0132752400740283 -2.12526459043935
"FeTUB" -1.22563790897499 4.53036562922424 -3.15342407639606 0.00276456409579559 0.013316335453794 -2.1351998671036
"P35900" 1.07051984456024 0.909107359925009 3.14771504020505 0.00280969660460418 0.0133449328515242 -2.15015797618631
"CATHL2" -1.31943492798693 0.348458948683919 -3.14732580045228 0.0028127988419219 0.0133449328515242 -2.15117716756337
"P26038" 1.92753145425107 1.1333406550057 3.13384795069935 0.00292222719463901 0.0135662447103916 -2.18641675370939
"ACO2" -1.65071739869311 0.361765483052936 -3.12862717487566 0.00296568173279919 0.0135662447103916 -2.20004043259107
"H4C1" 1.33213779022589 0.852768548672937 3.1258739080284 0.00298884229658517 0.0135662447103916 -2.20721909128452
"TUBB4B" 3.40521348355739 1.99452773543662 3.12476470084177 0.00299822096055659 0.0135662447103916 -2.21010997666437
"ORM1" -1.43238688217225 3.86425014046426 -3.12262541514615 0.00301638744107316 0.0135662447103916 -2.21568360643459
"CLU" -2.19576578956552 3.10692691815279 -3.12192806686984 0.00302233154700471 0.0135662447103916 -2.21749991219436
"ACTBL2" 1.99116557372801 0.466625960054164 3.12098039414732 0.00303042704074804 0.0135662447103916 -2.21996778121099
"THBS4" -2.30783169294375 2.70759369313272 -3.12086163765756 0.00303144295430304 0.0135662447103916 -2.22027700444114
"P00338" 1.33687034345467 0.339952528327364 3.11701342343217 0.00306453668933762 0.0136175729541399 -2.23029294398846
"O95678" 2.79706350980296 1.40815289159792 3.11129600202012 0.00311433283189356 0.0136175729541399 -2.24515887786885
"KRT71" -2.1936284615751 2.06923573706999 -3.11108582651516 0.00311617777691918 0.0136175729541399 -2.24570501358928
"IQGAP1" 2.07295658983558 0.787962784654897 3.10960154329277 0.00312923625729046 0.0136175729541399 -2.24956119068342
"CHAD" -1.93258508694058 0.459959781554867 -3.10599570116589 0.00316117438710253 0.0136623358785048 -2.25892411408967
"P12814" 2.33635642873164 0.537805322538134 3.10107535843874 0.00320524980498554 0.013757608657105 -2.27168864826664
"HNRNPK" -1.72973732352758 0.431388864781368 -3.09869003311385 0.00322682421751434 0.013757608657105 -2.27787191376659
"P27348" 1.11019548436085 0.290054174300835 3.09598371418899 0.00325146704038627 0.0137696355871392 -2.2848834355887
"O43707" 1.78459287000397 0.363742985490342 3.03133123372512 0.00389541096295254 0.0163866954508203 -2.45116472819875
"AMBP" -1.56638050322377 3.34141423414827 -3.01382451065903 0.00408930786752722 0.0170884322146336 -2.4957833887317
"Q9BQe3" 2.66501923922567 0.969807632327124 3.0056172572014 0.0041832837538005 0.0172687694545553 -2.5166404375163
"TLN2" 1.98495898644667 0.966455129892931 3.00527919438388 0.00418719766489217 0.0172687694545553 -2.51749872473885
"IGFBP6" -1.73939229930245 0.599377808165143 -2.95760600898616 0.00477472753556581 0.0195639810061171 -2.63787112306462
"eDIL3" 1.51258084061594 0.874239341804051 2.93793247289314 0.00503891129599305 0.0204934455897213 -2.68715932159122
"IGFBP5" -2.00094135414405 0.517686905947146 -2.93593191720499 0.00506652537558877 0.0204934455897213 -2.69215856767714
"FAM124B" -1.6222158108353 0.542232326333978 -2.9284570431324 0.00517095519384395 0.0207826288364047 -2.71081683688113
"RASA1" -1.60820369649619 0.310522415542501 -2.91257227327189 0.00539956941553618 0.021564103172173 -2.75035744034529
"P62826" 0.822608140924101 0.748294253470853 2.8889041076397 0.00575770433519889 0.0228170993722232 -2.80899382953947
"P62937" 0.985379858306034 0.554483106393435 2.8871162474005 0.00578563534002489 0.0228170993722232 -2.81340952166366
"P54652" 1.52980575500952 0.339616098038885 2.86308033781233 0.0061735698144101 0.0241957922539924 -2.87258705123766
"CL43" -1.93341004185264 0.940884828078096 -2.85543868195411 0.00630187659681641 0.0243560484843502 -2.89132801386376
"GSN" -1.10698884091104 4.6420356331314 -2.85526395773305 0.00630483902160315 0.0243560484843502 -2.89175610623439
"RGN" -1.68825038726212 1.02697867734299 -2.85376794464378 0.00633025665837311 0.0243560484843502 -2.89542073371452
"AHSG" -0.875772510245662 6.27250171719331 -2.84488210883019 0.00648319882940677 0.0247933240082162 -2.91715939369569
"LBP" -2.43229654985549 1.85962211188047 -2.84172434859308 0.00653837012806614 0.0248536840410225 -2.92487308257602
"SeRPINA3-7" -1.62761349314774 4.02428387310896 -2.82545881393072 0.00682951519810129 0.0258049346706701 -2.96450955808807
"ARF1" 1.3870091086033 0.648213854274732 2.82306893854473 0.00687329092886523 0.0258157534292497 -2.9703196421488
"LUM" -1.6174977212559 3.19119097981736 -2.81104301586573 0.00709754206082104 0.0265002901797519 -2.99950286712781
"KRT76" 2.57978991052878 1.50032032286503 2.80824309892511 0.00715071584472363 0.0265041357410003 -3.00628462171453
"Q9NY65" 1.9859033594541 0.771076784687933 2.80657454279153 0.0071825787824264 0.0265041357410003 -3.01032377599535
"SPP2" -2.23046671226626 0.907685424247359 -2.80291382683215 0.00725294502249404 0.0266081878441496 -3.01917942207227
"P14923" 2.14966541257397 0.931804160540682 2.79837133794229 0.00734114724020497 0.0267760919570482 -3.03015664487937
"Q08188" 1.78459287000397 0.494699043019943 2.77144697950405 0.00788462658674995 0.0285930998634438 -3.09495809837473
"MAPRe2" 1.16349205889065 0.42282012260482 2.76822575761719 0.0079520799235197 0.0286729281813768 -3.1026806574568
"POSTN" 2.03021585792908 0.858096457429997 2.76015349704393 0.00812346243601281 0.0291244590745687 -3.12200456094293
"P02675" 0.935379940606643 0.361465457081215 2.74260810178769 0.00850778576764846 0.0303300159287355 -3.16386470738424
"BRN" -1.75318029153587 0.463884710841 -2.68667637855591 0.0098475578260882 0.0349031422091879 -3.29600510562274
"H2AC6" 0.633218664979591 0.321811550347599 2.68458564840955 0.00990120832875537 0.0349031422091879 -3.30090574476007
"CALD1" -1.52197291355376 0.613608729397705 -2.64368364015911 0.011006272101055 0.0383196364783875 -3.39621119540133
"CLTC" 1.8113378734274 0.392360977696785 2.64229338086343 0.0110457463089233 0.0383196364783875 -3.39943153628822
"JUP" -2.56286835611544 1.93676595742777 -2.64145182925282 0.0110697037882069 0.0383196364783875 -3.401380259988
"H2AC4" 0.633218664979591 0.328575956505916 2.63780650110182 0.011174030288468 0.0383196364783875 -3.40981615875519
"H2AC25" 0.633218664979591 0.328575956505916 2.63780650110182 0.011174030288468 0.0383196364783875 -3.40981615875519
"F13A1" -1.57266992923339 1.66628805992448 -2.6303400896164 0.0113905287023202 0.0388509384387244 -3.42706756593045
"KRT4" 1.34501272766943 0.841445248595557 2.61760625449951 0.0117686367897208 0.0399247839479237 -3.45640524984272
"ARF3" 1.3870091086033 0.662656135431604 2.60585176436479 0.0121278154579675 0.0409232703421258 -3.48339195538494
"GC" -0.818413638500552 4.99867536177431 -2.54487751012169 0.0141567950536469 0.0475156259513362 -3.62190900701474
