"logFC" "AveExpr" "t" "P.Value" "adj.P.Val" "B"
"ALB" -8.72764529188689 7.83356785233269 -39.3056731551114 1.62709837108844e-38 1.0266990721568e-35 68.0564142939928
"P13645" 7.57536380700984 2.97643993189695 20.3255565741766 2.04061928138956e-25 6.43815383278407e-23 45.4847168450078
"TF" -7.07678998685237 6.43319179890424 -19.923285048456 4.87082342161514e-25 7.81502602389926e-23 44.7376926411301
"AHSG" -6.79519529950052 6.27250171719331 -19.7433071444321 7.22101826912682e-25 7.81502602389926e-23 44.3982792525263
"KRT1" 8.83062327816274 3.24960602826261 19.7370865033837 7.32032662587391e-25 7.81502602389926e-23 44.3864898974495
"A2M" -7.4707003459477 6.85398639709391 -19.7302490892347 7.43108655204367e-25 7.81502602389926e-23 44.3735271388477
"KRT9" 7.33169424049647 2.75795260815414 18.1390631848333 2.74550922305991e-23 2.47488045678686e-21 41.224499449251
"C3" -7.55321818133195 6.60985039740058 -17.3437385984003 1.82520644790349e-22 1.43963158578388e-20 39.546756080697
"SeRPINA1" -7.23923636452794 6.29018619540095 -17.2937801166712 2.06018842400126e-22 1.44442099504978e-20 39.4389450686661
"P63261" 5.19123155568472 2.45979019689723 17.1324907346791 3.0511540946309e-22 1.75025293973827e-20 39.0888866018644
"P60709" 5.19123155568472 2.45979019689723 17.1324907346791 3.0511540946309e-22 1.75025293973827e-20 39.0888866018644
"AFP" -6.19906362269906 5.63990601640145 -16.6513092360056 1.00058477543766e-21 5.26140827750968e-20 38.026206181935
"P02768" 6.85756660042954 3.23301415862248 15.7605973264642 9.62515999252943e-21 4.67190458098928e-19 35.9844763287086
"P35625" 2.81149618596094 0.334972889619899 15.6790042578526 1.18950202832947e-20 5.36125557054212e-19 35.7924707348857
"eRC1" 3.10386184685021 0.453126800778874 14.9190154844895 8.86512351466999e-20 3.72926195850451e-18 33.9627263166417
"ACTB" -4.87767788598828 4.58489953713887 -14.5845655847013 2.1917975504577e-19 8.13543679022828e-18 33.1333921835138
"ACTG1" -4.87767788598828 4.58489953713887 -14.5845655847013 2.1917975504577e-19 8.13543679022828e-18 33.1333921835138
"GC" -5.23437223793028 4.99867536177431 -14.5580639579212 2.35611593334939e-19 8.25949529968592e-18 33.0670348676549
"eeF1A1P5" 5.95927585122208 1.86671378928113 14.3469016143987 4.20398418698562e-19 1.39616527473049e-17 32.5349131213578
"HBG1" 3.49302047661539 0.477156268145192 13.7395793413761 2.29068660940533e-18 6.88296785968936e-17 30.9704769294552
"HBG2" 3.49302047661539 0.477156268145192 13.7395793413761 2.29068660940533e-18 6.88296785968936e-17 30.9704769294552
"HBBF" -5.55517416788174 5.04709494072043 -13.4821171449863 4.76489079202858e-18 1.36665731353183e-16 30.2918222407273
"QSOX1" 3.595370810197 0.805070645396471 13.0979834465886 1.44320351874272e-17 3.95939747968112e-16 29.2619312444313
"eHD3" 4.69857097743947 0.929085257842862 13.0514241575137 1.65275847885189e-17 4.3453775006481e-16 29.1356821014513
"P29279" 3.95494336061073 0.375357173522509 12.9388616693912 2.29644299426941e-17 5.79622211753599e-16 28.8291855468053
"VTN" 4.69857097743947 1.30500717022259 12.7802168589326 3.66074259217892e-17 8.88434067563423e-16 28.3941420489297
"SeRPINF1" -4.9602865871453 4.38231994384435 -12.5403401510187 7.45462192224256e-17 1.74217275293891e-15 27.7294969952738
"P62826" 3.96658800076811 0.748294253470853 12.4595457896403 9.48798263327947e-17 2.13818465771405e-15 27.503773819087
"A1BG" -4.96614285163866 4.15117798268516 -12.4143422699925 1.08627074252181e-16 2.36357530528021e-15 27.3770746660102
"TLN1" 5.93942189784182 2.71389669310979 12.3931801982176 1.15741146381213e-16 2.43442211221819e-15 27.3176592647897
"APOA1" -6.44441744996715 5.65700133956763 -12.3028721942101 1.51822344536407e-16 3.09031933556365e-15 27.0633823654343
"P21291" 2.94790429765893 0.410715326481604 12.2304554047164 1.88871174320957e-16 3.72430346864138e-15 26.8586320489011
"FeTUB" -5.29689494957268 4.53036562922424 -12.1895184012377 2.13748263340927e-16 4.08712588388258e-15 26.7425527461685
"HBA" -4.95383666036032 4.52126570357216 -11.8788038834508 5.5059185911929e-16 1.02183371501256e-14 25.8536204186636
"ITIH4" -6.12538098712367 5.50207756163405 -11.8008072842349 6.99571542953085e-16 1.26122755315256e-14 25.6282897704681
"P68104" 5.95927585122208 1.79940580014137 11.7396798808861 8.44460378674337e-16 1.48015138595419e-14 25.4510803607058
"P11171" 3.34446681363152 0.343269224856955 11.2625880524996 3.73079868546232e-15 6.36252424466682e-14 24.0494924852489
"GSN" -4.82380470710307 4.6420356331314 -11.1285282020418 5.6937158600518e-15 9.45456502024391e-14 23.6497761866662
"P07737" 2.80590402371605 0.41744026887899 11.0999039491933 6.23341702262986e-15 1.00853490802037e-13 23.5640968549962
"P05452" 4.90066858821777 0.63467875107243 11.0579026444124 7.12064657278805e-15 1.12328199685732e-13 23.4381653715126
"H2BC18" 4.29381701449654 0.730843712997558 11.0341585948318 7.67775585217683e-15 1.1816253518838e-13 23.3668630369616
"P23528" 3.595370810197 0.716620014092231 10.9734206100152 9.31241381763324e-15 1.39907931403014e-13 23.1841047738841
"P35900" 4.16907635285843 0.909107359925009 10.9644166189662 9.58311270198186e-15 1.40626607324431e-13 23.1569675202265
"AGT" -5.84894898127503 5.10974841269168 -10.8553477781776 1.3570812116417e-14 1.94617782851344e-13 22.8273310452194
"C4" -5.25876454383242 4.59241938916497 -10.7475873900315 1.91662429437117e-14 2.68753317721825e-13 22.4999988714298
"RPL12" 2.94790429765893 0.361472331618091 10.6705204606426 2.45558255324712e-14 3.36841867630203e-13 22.2648994237857
"KRT2" 7.93775370224071 2.86031237617989 10.6027198483447 3.05563372174065e-14 4.10235080514543e-13 22.0573800367488
"SeRPINA5" -5.51128637114169 4.39741935957571 -10.2565128878861 9.41481308584528e-14 1.23765563691008e-12 20.9877961804197
"CSTA" 3.34367954265966 0.381212035195322 9.67666924342349 6.40543466605951e-13 8.10689431419589e-12 19.1601208604895
"KRT14" 6.56408825874099 2.44276934440136 9.67581019809444 6.42384652471940e-13 8.10689431419589e-12 19.1573804277685
"TTR" -5.03369220989834 3.61322770476154 -9.60624110096642 8.10716612809722e-13 1.00306310329987e-11 18.9351356924496
"RPL30" 2.96186157290733 0.316838166991133 9.59041740394588 8.54854950300152e-13 1.03733360315268e-11 18.8844994926587
"RPL22" 2.80590402371605 0.348742198865514 9.5459836210363 9.92224220722719e-13 1.18130845901139e-11 18.7421410226849
"P62937" 3.62222020837115 0.554483106393435 9.49249621408501 1.18752642197022e-12 1.35333572508318e-11 18.5704468434841
"UBB" 3.66707409470014 0.577739721944097 9.48912643258833 1.20105864666653e-12 1.35333572508318e-11 18.5596178808991
"P0CG48" 3.66707409470014 0.577739721944097 9.48912643258833 1.20105864666653e-12 1.35333572508318e-11 18.5596178808991
"P62979" 3.66707409470014 0.649622135978336 9.45870733427407 1.33048745086796e-12 1.47287294999594e-11 18.4618005481457
"SYNCRIP" 5.22204975830276 0.978798074633221 9.44737386526248 1.38223581227153e-12 1.50377723714369e-11 18.4253266108746
"ORM1" -4.82833402295817 3.86425014046426 -9.41459962284745 1.54361353513766e-12 1.65088159435909e-11 18.3197614185977
"KNG1" -5.13253958113175 4.54464354662345 -9.24210607391412 2.76560236620277e-12 2.90849182178991e-11 17.7619976500744
"PKM" 3.92616924844488 1.39826985526521 9.2203537924162 2.97732589792539e-12 3.07982400260807e-11 17.6914059215008
"KRT13" 5.43539532527545 1.5651524960697 9.12671441738603 4.09251499091674e-12 4.16512412785236e-11 17.3868817612765
"FLG2" 3.75211563036014 0.546101704521524 8.98239966863826 6.69442875433986e-12 6.7050548317277e-11 16.9155570141568
"DCD" 3.24132920907805 0.409362076418307 8.97276404007506 6.91857888551803e-12 6.82128636994043e-11 16.8840026978049
"SeRPINF2" -5.16865154968612 4.3277909011828 -8.88849714559964 9.23166807958623e-12 8.96181932033679e-11 16.6076050634634
"BLMH" 2.66949591201806 0.34131178630279 8.87796933294323 9.5708779163683e-12 9.15033934125515e-11 16.5730180050259
"P04406" 5.0989756508731 1.46040235764334 8.77356251750771 1.36971473869676e-11 1.28998507480247e-10 16.2293531533334
"LYZ" 4.08483878259972 0.618327282928133 8.70458163162394 1.73676164628741e-11 1.61161264530493e-10 16.0016521896095
"P13647" 6.85494679051447 2.44539382196407 8.64108274170504 2.16187763673146e-11 1.97702143301095e-10 15.7916040978892
"P16402" 3.71489673323077 0.535435086540311 8.57785374072991 2.68956112735551e-11 2.4244472448019e-10 15.582035261909
"FHL1" 3.5004243628228 0.658231571395055 8.55579493645095 2.90275126314119e-11 2.57976908034097e-10 15.5088270744806
"HPX" -5.10267546815372 4.43467162277725 -8.53074589804638 3.16557399186636e-11 2.77427387342732e-10 15.4256357591789
"PIP" 3.22565769239856 0.463104733121213 8.48243610397438 3.74214032928703e-11 3.23464458600016e-10 15.2650163391244
"Q06830" 2.80590402371605 0.336582340418348 8.47729574080817 3.80940859523041e-11 3.24829300485188e-10 15.2479122497692
"HBA1" 5.68379663659978 1.70191375070829 8.47197505760309 3.88032004766784e-11 3.26464260010454e-10 15.2302054432231
"P19823" 3.75211563036014 1.72378064659439 8.46796073498215 3.93469985248813e-11 3.26683632489475e-10 15.216844272603
"KRT16" 6.38237808756365 2.30697925096178 8.45291710683958 4.14540705884525e-11 3.39708033004072e-10 15.166759500145
"LIMS1" 2.81149618596094 0.626390033840329 8.42208527015507 4.61345982497482e-11 3.73217070456297e-10 15.0640426786373
"SeRPINB12" 3.92616924844488 0.57571456833276 8.38860301421441 5.18228117628334e-11 4.11677260119961e-10 14.9523929155788
"P62851" 3.46547538820801 0.538293948984258 8.38655064112953 5.21936304431012e-11 4.11677260119961e-10 14.9455456228723
"P61224" 3.08537165988677 0.922756113454085 8.37351378309888 5.46123217811013e-11 4.25436728936727e-10 14.9020417319143
"P62987" 3.66707409470014 0.600125432816278 8.28503669242765 7.42970705661144e-11 5.71725018624612e-10 14.6063768168081
"Q04695" 6.12518373749979 2.00730714342483 8.2492647807555 8.41589551321517e-11 6.39810851667322e-10 14.4866346593795
"H4C1" 3.92616924844488 0.852768548672937 8.24017276795574 8.68690868679506e-11 6.52552307305676e-10 14.4561819901843
"KRT3" 5.52642996839104 1.58048859238809 8.20745829005893 9.73683055773899e-11 7.21044501944705e-10 14.3465480456831
"P02788" 4.14064161885285 1.24423163318215 8.20480962293725 9.82723092983275e-11 7.21044501944705e-10 14.3376676210977
"KRT5" -6.00521928508297 4.67624021226336 -8.07408145294979 1.55174839672178e-10 1.12546349233499e-09 13.8986173267895
"SeRPINA3-7" -5.19334137298568 4.02428387310896 -8.0636109129885 1.60966584628514e-10 1.15420357841582e-09 13.8633902621374
"P09429" 5.72935362238535 1.13960692870907 8.02589945096508 1.83689177284331e-10 1.3023356277125e-09 13.7364403019722
"SeRPINC1" -5.91688672128472 4.95379030804966 -7.93903351363969 2.49086879895835e-10 1.74637579126969e-09 13.4435917871787
"APOH" -4.10360673534635 3.60746490795528 -7.89144749501728 2.94378140230984e-10 2.04123743390935e-09 13.2829221537033
"PLeK" 3.08537165988677 0.356570434842956 7.874778727571 3.12130598423012e-10 2.14080877831435e-09 13.2266020167065
"HBe1" 3.49302047661539 0.355476418673161 7.77060169659344 4.50250069689515e-10 3.05492251585037e-09 12.8741615972905
"ADIPOQ" -4.11271247511144 2.93752513994763 -7.76657641183562 4.56675736150273e-10 3.06555733522152e-09 12.860528606722
"Q08554" 3.22565769239856 0.505329989393162 7.73241438543494 5.15056394901364e-10 3.42105879139748e-09 12.7447837035231
"S100A7" 3.46547538820801 0.524428888572263 7.67838857547698 6.23079181579105e-10 4.09544753725433e-09 12.5615824325746
"P05109" 4.29381701449654 0.687321161041491 7.66109219890288 6.62264770420068e-10 4.30813474366044e-09 12.50289134946
"RPS4X" 3.96658800076811 0.513292028294379 7.50065596835798 1.16699772142597e-09 7.51403634918148e-09 11.9576439617799
"P16403" 3.71489673323077 0.413501804493008 7.41809757991481 1.56278064358345e-09 9.86114586101156e-09 11.676520351398
"H1-4" 3.71489673323077 0.413501804493008 7.41809757991481 1.56278064358345e-09 9.86114586101156e-09 11.676520351398
"P26583" 5.43539532527546 1.11725100709765 7.36165174678198 1.90848399945008e-09 1.19233010262673e-08 11.484122847613
"P02656" 2.81149618596094 0.312947293834637 7.24273396461992 2.90883490612387e-09 1.7994851232982e-08 11.0783343786518
"C4A" 4.46984304289539 1.69571761681544 7.13594371300619 4.2488189109688e-09 2.60291721633137e-08 10.7134771767268
"KRT4" 4.07934464408857 0.841445248595557 7.10089870548149 4.81171941626325e-09 2.91941822275203e-08 10.5936641458775
"KRT6A" 6.78103113449166 2.4219735959836 6.9790309834815 7.4181818160328e-09 4.45797402468257e-08 10.1767722689055
"Q02413" 5.26537711406272 0.973412188118829 6.97279264706776 7.5844593595035e-09 4.51489986400633e-08 10.1554230538571
"P01024" 5.14629985228817 2.16965196404416 6.94552452780517 8.35620372172727e-09 4.92781733496253e-08 10.0620961160303
"SeRPINA3-2" -5.90916939856023 4.68780865363659 -6.90730959052129 9.5718771183219e-09 5.5924578348714e-08 9.93128238872244
"THBS1" -4.221894729548 3.82406536567389 -6.80436375510837 1.3802019050749e-08 7.98997616607577e-08 9.57879908620317
"Q14CN4" 4.92872804166157 1.04825329384874 6.79390199707139 1.43250988099332e-08 8.21739759006171e-08 9.542973385415
"P01008" 5.3127013154778 1.58182119686144 6.77171582323156 1.55009514546407e-08 8.81180213322368e-08 9.4669963231948
"Q5XKe5" 5.18648082766296 1.3958302434628 6.73365839190537 1.7747214375417e-08 9.99865381329295e-08 9.33666434492572
"F12AI" -5.00260603207804 4.11224061514221 -6.69033732771176 2.07029374870529e-08 1.15606668622393e-07 9.18830606822786
"P02649" 3.34367954265966 0.591694934187602 6.6177154078499 2.68027951321771e-08 1.4835582217898e-07 8.93962015441846
"ANXA2" 3.62222020837115 1.02910085649948 6.59435155672986 2.91244406550579e-08 1.59269858872324e-07 8.85962195950252
"KRT75" -5.07723035332428 3.74408656908985 -6.59285903192816 2.92794035327886e-08 1.59269858872324e-07 8.85451172729375
"APOe" -4.39814056739598 3.49230270079397 -6.55482606194942 3.35186432584729e-08 1.80771486291422e-07 8.72430054105741
"AMBP" -3.80662695618109 3.34141423414827 -6.55097593299692 3.39805800331901e-08 1.81709711872398e-07 8.71112018499426
"KRT7" -4.61092242823315 3.18158863035919 -6.53348058913973 3.61610893171542e-08 1.91744935790961e-07 8.65123028592329
"P02771" 3.66707409470014 1.20445681963199 6.50680412232092 3.97578897643148e-08 2.09060237010689e-07 8.55992151411992
"HRNR" 2.52935460844006 0.465822623919104 6.50196289477634 4.04479471731658e-08 2.10931030299732e-07 8.54335224536324
"P08727" 5.67474928105429 1.29650660735389 6.4907162697381 4.20975392092277e-08 2.17733993778874e-07 8.50486204059366
"PGK2" 2.52935460844006 0.431077244658023 6.45075511130305 4.85213398961403e-08 2.48918418491581e-07 8.36812143592392
"CTSD" 2.81149618596094 0.404874234398911 6.43734475803057 5.08894029778824e-08 2.58961397411643e-07 8.32224162707575
"PLG" -4.87915054842638 5.08341324061474 -6.42586832566713 5.3007368459675e-08 2.67581195984439e-07 8.28298176283113
"CFB" -5.01941301273168 4.57360680274049 -6.40370764961413 5.73492878384584e-08 2.87201592270375e-07 8.20718189314472
"BCL2L14" 2.80590402371605 0.278345186011782 6.30357817666598 8.18369159057708e-08 4.06607038870404e-07 7.86487942156161
"TLN2" 4.65236009724457 0.966455129892931 6.30016034340616 8.28357915937463e-08 4.08354566372296e-07 7.85320132673177
"KRT8" 5.26329526725516 1.37402142304736 6.27046501602855 9.20423843323198e-08 4.50222825687549e-07 7.75175701129555
"KNG2" -4.82255195109695 4.12277039415999 -6.23667807878896 1.03764252034034e-07 5.03655715642118e-07 7.63637891900936
"AZGP1" 3.62222020837115 0.618569799322471 6.15764321202056 1.37325353437927e-07 6.61467923811694e-07 7.36668807790969
"S100A9" 3.76942442828175 0.734901277775447 6.04702699202494 2.03177012713556e-07 9.71247689562529e-07 6.98978883247994
"LUM" -3.87858328130472 3.19119097981736 -6.02895342025871 2.16593069029435e-07 1.02759568840281e-06 6.92827733067635
"SeRPINA7" -4.55585497634742 3.61633860496395 -5.99650531789174 2.42929608489033e-07 1.1439446489297e-06 6.81789762072569
"F2" -4.33579254261623 4.46967325870573 -5.98016239693751 2.57377524130944e-07 1.20300161278982e-06 6.76233061934766
"DSP" 5.40731516471647 1.36211428931009 5.96169137922302 2.7473833450542e-07 1.27470506671265e-06 6.69955067703846
"Q7RTS7" 4.95828041268055 1.14685695489893 5.88565228331051 3.59351101785931e-07 1.65511346880965e-06 6.44137485927893
"CFH" -4.0865212781147 4.64711187182647 -5.86916718282971 3.80868101192014e-07 1.7415055931316e-06 6.38546305518577
"P68032" 4.77832695896965 1.87318986533482 5.81931506376973 4.54042228154103e-07 2.06115572636863e-06 6.21652093631913
"KRT6C" 6.51684697160249 2.16427141361773 5.78919260875372 5.04861333043911e-07 2.27548215107648e-06 6.11454578551726
"Q8N1N4" 4.65668860453803 0.896992418578169 5.74798457613089 5.83650239050984e-07 2.61193830383809e-06 5.97517798150653
"GAPDH" -3.52496943604498 3.07871804506745 -5.74190789540729 5.9625872714004e-07 2.64957223116454e-06 5.95464003927661
"APOA2" -3.43536662702625 2.08661494538222 -5.71605085067717 6.5300366718961e-07 2.88143576221429e-06 5.86728911815381
"P36955" 3.34446681363152 0.746790949493321 5.71109280386231 6.64481803039884e-07 2.91172234526505e-06 5.85054734669474
"ITIH3" -5.09143612718692 4.69375702630809 -5.65034498627224 8.22476277761014e-07 3.57918987080827e-06 5.6456275520515
"O95678" 5.65137632772318 1.40815289159792 5.62261342239138 9.06490987204995e-07 3.91777954059145e-06 5.55221264298388
"KRT77" 5.33465803863327 1.11212838504281 5.60834220608825 9.5298985724254e-07 4.0907251695241e-06 5.50417286992385
"SeRPINA3-5" -5.43896474846938 4.1074092998534 -5.52233254635116 1.28773289889299e-06 5.49026661622621e-06 5.21515060276706
"P00734" 5.25704014259305 0.971546688862607 5.50737802096247 1.35681898801099e-06 5.74599182171097e-06 5.16498999317129
"P06733" 2.96186157290733 1.00307738353785 5.50256244553277 1.37983796417383e-06 5.80451836929123e-06 5.14884354486292
"Q86Y46" 4.95828041268055 1.05126095261204 5.45177888865711 1.64742907854172e-06 6.87622797011605e-06 4.97875035036059
"P07996" 4.07934464408857 1.8511055360765 5.45022208730332 1.65639722893445e-06 6.87622797011605e-06 4.97354139713415
"KRT76" 5.56138543923244 1.50032032286503 5.41474924445354 1.87436325124483e-06 7.73021706885938e-06 4.85494052954422
"P08697" 2.52935460844006 0.422768746850354 5.40899861137764 1.91227906662662e-06 7.83537721455454e-06 4.83572997126466
"RAP1BL" 3.08537165988677 0.558280460192407 5.40626208029148 1.93058754146437e-06 7.859359604284e-06 4.82658993456894
"P08729" 3.75211563036014 0.723712998452794 5.33591107708408 2.46566688290831e-06 9.97330643022528e-06 4.59198372729791
"CLU" -4.13839401254749 3.10692691815279 -5.26276173477657 3.17763523002875e-06 1.27011710631162e-05 4.34882877087427
"SeRPINB3" 4.01271860717797 0.783301319974117 5.26251740131977 3.18032492547125e-06 1.27011710631162e-05 4.34801798103282
"KRT6B" 6.46405048976437 2.22641661277503 5.15950040162436 4.5400672014789e-06 1.80174993970641e-05 4.00704084829063
"P14923" 4.3835487232664 0.931804160540682 5.10393701903867 5.49732943172152e-06 2.16800929463517e-05 3.82388611249677
"CLeC3B" -3.72832547076617 2.73407577761207 -5.07068567246798 6.16272966708686e-06 2.41533069560982e-05 3.71454565364486
"P01023" 5.05407253165118 2.29391897658004 5.05988824777789 6.3954226160178e-06 2.49105658685632e-05 3.67908455843928
"P63267" 4.77832695896965 0.706404285464378 5.05689953117164 6.46134829196528e-06 2.5012949522884e-05 3.66927282933408
"P00558" 2.52935460844006 0.750630568987068 5.05041706363733 6.60665074800181e-06 2.54194915974948e-05 3.64799717532269
"IQGAP1" 3.75211563036014 0.787962784654897 5.03426117568355 6.98294375938308e-06 2.67044697707317e-05 3.59500780642234
"eeF1A1" -4.17020403548792 3.10639466574768 -5.01437120629819 7.47531517049219e-06 2.84152040516902e-05 3.52983995849153
"THeMIS" 2.23712815324125 0.314023317558594 5.00628633162694 7.68509390146695e-06 2.90376901306925e-05 3.50337250225465
"P06396" 4.3166676472517 1.8637240805787 4.92966116180708 9.98429200795327e-06 3.75005253393959e-05 3.2531721898984
"KRT79" -4.5901822851243 2.41563447401021 -4.92540593043451 1.01301549267742e-05 3.78232411762989e-05 3.23931290312824
"P02763" 2.66576272013806 0.32012740065791 4.83053975817593 1.39847933241688e-05 5.19082622797091e-05 2.93133525128223
"CFD" -3.32551372029421 1.75420206290034 -4.77943223177965 1.66258117036606e-05 6.1350217456198e-05 2.76624119838803
"AFM" -4.32453449339028 3.6330774368852 -4.76124166613095 1.76793718068467e-05 6.48586256402342e-05 2.70762432126329
"ITIH1" -4.41287407756564 3.80924768927212 -4.75248483260174 1.82096551934803e-05 6.64178753010756e-05 2.67943405440204
"SeRPINA3-4" -5.68319501480065 4.28063114130312 -4.73170157468167 1.95315101447753e-05 7.08297867893865e-05 2.61260044222811
"KPRP" 3.75211563036014 0.531270244173194 4.67335786549691 2.37660844014423e-05 8.5693710041772e-05 2.42553810365156
"FGA" -3.61159503090038 3.17249349353836 -4.60080109110138 3.03029252511771e-05 0.000108642874053936 2.19408883512712
"IGLC3" 2.52935460844006 0.303549571080174 4.58699624925426 3.17324319279278e-05 0.000112762502528958 2.15020596332622
"KRT71" -3.61547819315428 2.06923573706999 -4.58627043559639 3.18093905707678e-05 0.000112762502528958 2.14790012615549
"F5" -4.46554632276071 4.62038982616386 -4.56773236793986 3.38381191253026e-05 0.000119284095910983 2.08905365160125
"TRPC4" -1.87874486590006 0.269665615237759 -4.55972509993208 3.47530740661807e-05 0.000121828831865333 2.06366391204716
"HBB" -4.3361919489236 3.60338993350591 -4.47351909187508 4.62715286395836e-05 0.000161311240726946 1.79142215660067
"P02765" 4.78171732114427 1.06939274474532 4.41105291709607 5.68717807691783e-05 0.000197176338820613 1.59545496496464
"IGKC" 3.71489673323077 0.647521334386395 4.34546575747345 7.05475782477044e-05 0.000243254217892358 1.39092742316516
"VNN1" -3.8917237725869 2.79085309958901 -4.31442750321038 7.80900463093522e-05 0.000267797930550007 1.29459096273507
"P02774" 3.76942442828175 0.817341281900046 4.30875552306832 7.95508298662357e-05 0.000271332830516728 1.2770184001841
"P68133" 4.77832695896965 1.11980822651831 4.25323527649213 9.53295868967939e-05 0.00032340306092407 1.10554254741891
"APOD" -2.66187169351389 2.04941190125326 -4.24960285922397 9.64619156013857e-05 0.000325298234872998 1.09435787648483
"P0DMV8" 2.94790429765893 0.839672292936283 4.24651487470298 9.74348120301056e-05 0.000325298234872998 1.08485292017561
"P0DMV9" 2.94790429765893 0.839672292936283 4.24651487470298 9.74348120301056e-05 0.000325298234872998 1.08485292017561
"HGFAC" 1.4066316872077 0.363443167339019 4.22107811046514 0.000105820439237897 0.000351435248205858 1.00667480541685
"KRT73" -3.73206490163315 2.38515311888049 -4.1342135667837 0.000140085547107158 0.000462795707982287 0.741315403090217
"SeRPINA3-8" -4.26185417105248 2.76356503180944 -4.1056966534687 0.000153522729690697 0.000504156437938608 0.654758293564801
"COL2A1" -2.61170285941162 0.598477585239702 -4.1043178651627 0.000154203157721318 0.000504156437938608 0.65058041263822
"C4B" 4.46984304289539 0.648270272682259 4.08904152641376 0.000161940466263378 0.00052672388769171 0.604335859023195
"YWHAZ" -3.04166808235591 1.67445722854013 -4.00331930691742 0.000212850853783731 0.000688763531987355 0.346377483511597
"P63000" 2.15966684753114 0.56948871392229 3.94120269026773 0.000259094598705525 0.000834125978485644 0.161134780546892
"PZP" 4.29381701449654 1.58382233784497 3.93519778748214 0.000264048059389695 0.000845757997334505 0.143303978578295
"KRT18" 2.33569287592999 0.340387878901831 3.92522196111095 0.000272480070661638 0.000868358204987341 0.113712379646434
"KLKB1" -3.21605789773401 2.45522538487941 -3.91448213389874 0.000281848493909538 0.000893700500788536 0.0818970627254956
"COL1A2" -3.55579939932236 1.33481183586698 -3.91175525749954 0.000284276239766866 0.000896891536464463 0.0738261049581377
"C7" -3.54490884743243 3.19095786669979 -3.8501129209743 0.000344863142143723 0.00108263006314771 -0.107850025874139
"KRT19" -4.52569427047915 2.96099265043905 -3.83271461754765 0.000364103743870253 0.00113737357614916 -0.158856279329194
"P46781" 1.68609932337842 0.294764093673969 3.8181183034209 0.00038103987719619 0.00118441459364924 -0.201554503104648
"CPB2" -3.3685473026316 2.49092361437449 -3.80214951315828 0.000400437410177744 0.00123860787167724 -0.248169113386983
"COL10A1" -2.16657652775721 0.836743477537966 -3.73100878946021 0.000499018378690317 0.00153600291196873 -0.45456536507872
"P23526" 1.26649038362971 0.434848844648397 3.71008264900753 0.000532204221338626 0.00163019836730424 -0.514875028641555
"C9" -3.68131935096159 2.59736352446115 -3.69253810529175 0.000561651303886009 0.00171208682488923 -0.565295526907252
"THBS4" -3.03597368612944 2.70759369313272 -3.67209051869151 0.000597945527564548 0.00181395974948668 -0.623892469794742
"HRG" -2.92303733677584 1.90016836831577 -3.66231106265827 0.000616089351893303 0.0018600592394482 -0.651853774877026
"PRDX2" -2.20811166839762 0.559004630605749 -3.65495755281015 0.000630078883153813 0.0018932370250955 -0.672851483062408
"P00747" 2.94790429765893 1.01723332705427 3.60266340580135 0.000738718237791987 0.0022091526447713 -0.82149104237014
"SeRPINA3-6" -5.5489964107296 3.76802438787071 -3.60110181291363 0.000742223448955635 0.00220916507684437 -0.825911040551621
"TUBA4A" -3.74110777984022 2.94213655683537 -3.57689545588062 0.000798636518189491 0.0023659138167961 -0.89428588320914
"IGHA1" 2.94790429765893 0.533600844183805 3.57188848025633 0.000810806603880636 0.00239074283667608 -0.908395963210418
"P02647" 2.80590402371605 0.803771327597334 3.5619669919893 0.000835447968833847 0.00245194264341469 -0.936321995609043
"APOM" 2.15966684753114 0.449846401681055 3.55536186889546 0.000852247958022445 0.00248966880329705 -0.954888635191997
"FN1" -3.56994990416856 3.63302739964173 -3.50446331224349 0.000992977555050919 0.00287931254301498 -1.09728966396297
"F13A1" -2.3422224766729 1.66628805992448 -3.50386576031385 0.000994754571120866 0.00287931254301498 -1.09895433364207
"eNO1" -3.44028326928842 2.99192467694863 -3.49814344670922 0.00101192611160137 0.0029156409882213 -1.11488719987496
"CST3" -1.33104228723025 0.296271887536228 -3.45494789983923 0.00115097851215095 0.00330121564166933 -1.2346612007255
"CASP14" 1.94519447712317 0.43547856288609 3.43605134534303 0.00121737231246089 0.00347584583331594 -1.28677941849585
"P05543" 1.54863196115058 0.424580065328214 3.42317752593324 0.00126467632585245 0.00359464307032836 -1.3221882217644
"FGB" -3.34122960998017 2.91781616788423 -3.41514707113231 0.00129506411489801 0.00366450877354548 -1.34423504403939
"TBA1B" -3.61044633947373 2.81683154113251 -3.38830962810872 0.00140173706156537 0.00394864324039173 -1.417687036823
"P68871" 2.27791762936275 0.444238308283867 3.35538565823647 0.00154402436665584 0.00433013055715483 -1.50731427697585
"COMP" -3.42996471029414 2.11674356416753 -3.34650298101168 0.0015847002756182 0.004424539265111 -1.53140307140187
"UBA52" -2.61689714414926 1.27572881511371 -3.33075614747885 0.00165931950793552 0.00461246964540667 -1.57400973895948
"COLGALT1" -1.57209757198282 0.276744504294037 -3.32809216366669 0.00167226833052786 0.00462807594983808 -1.58120545389266
"HSPA1B" -3.12495539923235 2.41794247840277 -3.27570051891837 0.00194725119946961 0.005337543983997 -1.7219903547366
"HSPA1A" -3.12495539923235 2.41794247840277 -3.27570051891837 0.00194725119946961 0.005337543983997 -1.7219903547366
"P05089" 1.78844965696003 0.390389495787338 3.27450529948859 0.00195399787686736 0.005337543983997 -1.72518575316225
"P09210" 1.68609932337842 0.330527392169844 3.24352574147668 0.00213678272122268 0.00581168059091167 -1.80775164635605
"KRT17" -5.32666507509831 3.15566229471789 -3.23830332035699 0.00216914519598706 0.0058743803376302 -1.82162123021062
"CHIA" -3.51051082131983 2.43697362564595 -3.23635580998978 0.00218133172980604 0.00588213812610091 -1.82678973957448
"LYSM" -1.78050887354265 1.03729602438514 -3.21812012028322 0.00229862257079553 0.00617204613690203 -1.87508919060156
"LBP" -3.07726607041056 1.85962211188047 -3.21569956239073 0.00231463186035386 0.00618869789781053 -1.88148720447379
"GFAP" -3.04273584117311 1.07772854627193 -3.19496693763324 0.00245613197694528 0.00653932184579101 -1.93616089052344
"CFL1" -2.17151111338315 0.963123840118628 -3.14406479770656 0.00283891595096123 0.00752670573553167 -2.06942184782551
"P00488" 1.26649038362971 0.373297292501453 3.13463142355499 0.0029157579680608 0.00769808902864588 -2.09396487226414
"SeRPINA3-1" -5.77012562102439 3.84999949266226 -3.10878086707548 0.00313647849129332 0.00824632470002534 -2.1609722643719
"AHCY" -3.02746657292933 2.07720855762668 -3.09113987878216 0.00329601518164425 0.00862981568306026 -2.20648904347252
"HSPA5" -2.41125330798832 0.826080446789921 -3.07165818035342 0.00348103759692567 0.00907658976719048 -2.25655510170394
"HSPA8" -3.33055365408895 2.18840594973386 -3.06983567241188 0.00349883601361045 0.00908545483369628 -2.26122797415259
"GDI2" -2.17151111338315 0.851446839452645 -3.02843600192137 0.00392687176389105 0.0101551478812101 -2.36687441696563
"CDH5" -2.67354232613418 0.991980297507352 -3.00052214508078 0.00424263659877376 0.010926953852352 -2.43755977992458
"P18065" 1.26649038362971 0.31297054960441 2.99655187472114 0.00428943096107192 0.0110025647822617 -2.447577445364
"H2B1" -2.10129235756316 0.855501407010386 -2.9809764756526 0.00447770348466587 0.0114389914932152 -2.48678943523164
"YWHAe" -2.42081251163229 0.894440115061187 -2.96562227928106 0.00467083370960268 0.0118842583498359 -2.52530763208631
"ACTC1" -4.20097783378782 3.14765073265295 -2.93829869817958 0.00503387142679767 0.0127565175514431 -2.59351416927805
"HSP90AB1" -2.89748910596632 1.67089272268817 -2.90152562932047 0.00556406135529081 0.014043690860754 -2.68461800945229
"KRT80" -2.78242369720036 1.37415635638299 -2.89154416346469 0.00571668895397961 0.0143714371711599 -2.70920865958892
"TPI1" -1.98897163147848 1.16634827998241 -2.88910203477231 0.00575461991896245 0.0144093855907353 -2.71521613645781
"H2BC12" -2.10129235756316 0.94148834362549 -2.87706985148469 0.00594494203596531 0.0148271083980004 -2.74476254996044
"APOC3" -2.6160713103312 1.19778688740857 -2.87541487361657 0.00597157286686619 0.014834891649577 -2.74881976639223
"KRT28" -3.80869650041948 1.15356301224141 -2.84862046543131 0.00641844169706387 0.0158824969052835 -2.81427786987374
"CATHL1" -1.76092124743835 0.572803420151975 -2.82499424368433 0.00683800453213133 0.0168546127334956 -2.87163608954109
"F10" -2.17151111338315 1.80481524069034 -2.82126411426701 0.00690652225958947 0.0169298256399704 -2.88066081680497
"K2CA" -1.93105634107627 0.49157497204076 -2.82041656196104 0.00692217910477393 0.0169298256399704 -2.88271021260193
"HP20" -1.76092124743835 0.680981753881348 -2.81647630185902 0.00699540007945515 0.0170428472978232 -2.89223206483621
"COL1A1" -2.98939703211952 1.249747684195 -2.78956135369747 0.00751504602737282 0.0182384386279702 -2.95701885726436
"RDX" 1.4066316872077 0.501332519865363 2.76727725979733 0.00797204304146937 0.0192560717829985 -3.01032051662371
"CKM" -2.08371432101811 1.31106230670835 -2.76617078603873 0.00799538955173632 0.0192560717829985 -3.01295907715
"ACTA1" -4.20097783378782 2.17781526642366 -2.73731030544768 0.00862708463713774 0.020698442608494 -3.08151146541428
"MDH1B" -3.01714190237958 1.30473120409333 -2.73210552316335 0.00874578830479916 0.0209037591679101 -3.09381883565985
"LDHA" -3.00577638392668 1.61294037748063 -2.72572563040161 0.00889334421236478 0.0211762271622724 -3.10888163581167
"P15311" 1.4066316872077 0.776083929513556 2.71101858320028 0.00924226633405174 0.0219243235217543 -3.14350675786625
"TGFBI" -3.23615156621749 2.44310842150736 -2.70761853168842 0.00932470428737799 0.0220370352259757 -3.15149208038054
"Q08188" 1.94519447712317 0.494699043019943 2.70193839242968 0.00946393550810514 0.0222826242746804 -3.16481601735782
"HBD" 2.23712815324125 0.814906290238242 2.69522642148674 0.00963092154057807 0.0225914925357054 -3.18053387634759
"TUBB5" -3.37055693716143 2.02978074745611 -2.6922265752666 0.00970642624729674 0.0226842776372009 -3.18754953022578
"TAGLN2" -3.02100751102829 1.7896858980515 -2.67846780060175 0.0100597449538207 0.0234232437854643 -3.21965313356716
"P13929" 1.65820787197548 0.395447519903641 2.67249604980623 0.0102167400814201 0.023701334527118 -3.23354940202891
"SeRPINA6" -3.0443918916586 1.96150691123315 -2.66952548519473 0.0102956697022203 0.0237866966236913 -3.24045338096652
"CL43" -2.01993564517742 0.940884828078096 -2.66827996441515 0.0103289300711433 0.0237866966236913 -3.24334644587281
"CA2" -1.33699025947748 0.345645323777982 -2.64689536633041 0.0109155737981321 0.0250462802422596 -3.29286210458171
"B2M" -1.44976431390817 0.513877245340613 -2.64479375465968 0.0109748449858447 0.0250910405292319 -3.29771239929441
"CRYZL1" -2.85445649908309 0.725116975696209 -2.64305387212753 0.0110241373297033 0.0251127460470858 -3.30172569613287
"HSPA6" 1.65820787197548 0.711514689119529 2.63967472489696 0.0111204512126003 0.0252410241552187 -3.30951459035797
"NeFH" 1.65820787197548 0.384919047854502 2.63679551674837 0.0112031229240301 0.0253375289070359 -3.3161452824818
"GPLD1" -2.67354232613418 1.27736996011665 -2.61856832973731 0.0117396738230547 0.0264561935083841 -3.35799651016117
"FMOD" -2.60130654070878 1.06522880756232 -2.60994438177506 0.012001637245872 0.0269502957371716 -3.37772225379159
"MBL" -1.18038154928138 0.373473500404577 -2.59756714640301 0.0123869529585213 0.027716905378819 -3.40594774969281
"MST1" -2.04130273026167 1.60785553826297 -2.58040050777986 0.012940073821773 0.0288522494047307 -3.44492821098249
"PROS1" -3.69796683281468 2.03387790338065 -2.57090721974899 0.0132555387128631 0.0294515666472415 -3.46640105045604
"APOA4" -2.51356787037539 2.28641850567132 -2.5543799224434 0.0138215121263239 0.0306013128130188 -3.50364127612379
"KRT84" 2.15966684753114 0.579494009436698 2.53886825896537 0.0143726269357048 0.031710236351153 -3.53842725022297
"PROC" -2.3103648286371 1.68102634411129 -2.53074331624164 0.0146692048017341 0.0322518056790739 -3.55658366587783
"LGALS3BP" -1.676198003705 0.705418077214483 -2.51568667378533 0.0152335461722433 0.0333762765093248 -3.5901126276986
"GSTP1" -1.32968124454611 0.538057025454663 -2.50122200391267 0.0157941868183135 0.0344848854060755 -3.62217917693038
"PPIA" -2.29222746199501 1.35382875730019 -2.49217677931959 0.0161542147889586 0.0351493432132167 -3.64215933899459
"SPP2" -2.18604917545642 0.907685424247359 -2.45707787061829 0.0176227229329455 0.0382128459473835 -3.71916156889847
"RAP1A" -2.08393113884027 0.599993751912971 -2.44937188197596 0.0179608643677317 0.0388126897809545 -3.73595437438287
"RBP4" -2.5154822258188 1.85734450256641 -2.41672077013916 0.0194595347306515 0.0419077352049184 -3.8066521075878
"RAP1B" -2.08393113884027 1.39753022001263 -2.35493789041363 0.0226067051982526 0.0485198332656375 -3.93839115118163
"CPN1" -2.67071885020778 2.23358421359915 -2.3527549755496 0.0227258094028232 0.0486101211294286 -3.94299656314135
"P62736" 2.45282672373618 0.638998481544567 2.35092903637981 0.0228258677158989 0.0486591977322033 -3.94684624882304
