"Au_4h_D240_1" "Au_4h_D240_bis_2" "Au_4h_D240_3" "PEG_4h_D240_bis_5" "PEG_4h_D240_bis_6" "PEG_4h_D240_7" "Au_24h_D240_10" "Au_24h_D240_11" "Au_24h_D238_12" "PEG_24h_D240_13" "PEG_24h_D240_15" "PEG_24h_D240_16"
"HBB" 82 92 93 99 63 66 27 91 35 56 56 47
"ALB" 940 801 949 1173 709 816 496 1053 238 822 1023 1074
"HBA" 120 88 79 179 105 99 33 153 60 55 50 44
"APOA1" 105 84 112 96 104 107 21 74 69 80 109 92
"TF" 298 240 268 262 233 272 182 343 83 251 322 292
"C3" 263 256 276 161 171 196 114 194 96 204 270 217
"SeRPINA3-1" 67 65 72 120 54 60 44 160 34 66 64 92
"AHSG" 252 272 235 232 224 205 274 592 109 220 269 292
"SeRPINA1" 166 154 178 208 134 146 90 437 62 151 174 164
"SeRPINA3-2" 68 67 74 122 54 60 49 163 34 68 65 93
"APOA2" 7 5 5 9 10 7 4 8 3 13 9 4
"SeRPINA3-7" 40 37 48 34 31 42 12 52 17 40 45 67
"KRT7" 16 27 16 19 42 19 6 12 14 15 14 7
"KRT5" 62 56 50 39 60 70 3 0 21 39 49 27
"HSPA8" 22 21 17 2 20 9 0 0 1 4 19 4
"KRT75" 31 30 26 27 38 35 3 10 0 23 26 15
"APOC2" 3 4 1 3 4 5 0 6 0 0 2 1
"H4" 4 5 2 0 27 4 0 0 0 2 5 0
"TGM3" 0 1 2 0 3 1 1 1 2 1 0 0
"S100A9" 8 8 9 0 2 5 0 0 1 1 0 0
"CAPN1" 19 16 12 0 4 4 0 0 0 0 0 0
"AFP" 155 150 159 132 142 143 46 118 27 160 180 160
"TTR" 36 32 38 37 26 37 15 25 15 31 34 30
"ACTA1" 36 0 0 0 30 28 0 0 4 15 0 19
"GC" 101 104 119 94 85 94 28 97 32 101 119 102
"AGT" 81 80 78 58 75 81 29 64 28 67 89 62
"MDH1B" 0 9 0 0 4 8 8 20 7 5 0 0
"TUBA1D" 0 29 0 0 39 28 1 0 0 0 55 21
"A2M" 170 145 169 87 111 114 33 70 49 110 166 132
"HPX" 77 66 68 49 51 63 20 49 19 67 81 82
"SeRPINA5" 56 49 52 15 20 27 20 25 13 22 34 31
"ACTB" 59 53 49 27 48 48 6 9 19 32 52 31
"F2" 139 119 131 58 81 98 25 42 18 56 85 59
"KNG1" 84 86 87 18 52 54 12 29 15 46 64 46
"eNO1" 32 31 43 7 17 18 9 5 6 16 25 15
"DSG1" 4 7 6 0 11 9 0 0 4 1 5 5
"SeRPINC1" 69 63 76 57 58 62 19 48 22 72 82 69
"PROS1" 108 144 118 50 122 120 11 33 21 54 70 73
"TUBA4A" 32 32 32 14 39 26 1 9 6 23 62 21
"TBA1B " 32 33 31 13 41 27 1 7 6 23 57 22
"H2BC12" 5 6 3 0 11 2 0 0 0 0 2 1
"A1BG" 53 38 48 29 36 35 10 20 12 35 52 41
"GSN" 88 64 64 22 24 27 10 22 13 35 47 39
"FeTUB" 47 54 59 54 44 53 10 68 7 50 64 43
"CFL1" 6 10 9 1 3 3 2 3 5 4 5 1
"GAPDH" 32 30 27 7 20 23 3 3 6 13 27 13
"ORM1" 40 25 33 24 29 28 10 28 15 29 39 28
"ITIH4" 85 60 92 8 37 29 1 7 29 23 35 16
"SeRPINF2" 60 41 56 37 32 44 13 38 13 41 68 43
"FGB" 40 38 30 8 33 32 1 7 1 30 137 41
"CFB" 53 51 54 18 42 40 8 15 10 41 58 43
"RBP4" 10 7 16 7 5 11 4 2 3 10 16 14
"SeRPINF1" 29 31 39 17 34 36 9 22 20 29 39 31
"SeRPINA3-4" 63 60 64 72 55 61 29 116 23 62 62 57
"AMBP" 19 21 24 15 19 17 2 6 3 16 24 21
"AFM" 53 37 50 21 25 41 10 21 11 47 54 54
"C4" 51 49 57 25 39 44 9 23 31 33 43 46
"SPP2" 15 12 21 6 12 18 4 2 4 14 12 12
"APOA4" 20 11 10 0 16 17 0 0 2 8 17 8
"GALK1" 6 6 5 0 3 3 0 2 0 0 4 1
"SeRPINA7" 24 22 26 17 15 22 6 17 7 23 29 28
"LUM" 15 15 12 2 13 13 5 7 6 14 17 13
"F5" 152 165 138 50 124 118 21 44 11 51 85 50
"eeF1A1" 21 15 13 2 14 6 4 2 2 2 9 5
"F12AI" 37 33 30 29 24 24 9 26 10 27 41 28
"ADIPOQ" 15 14 15 7 14 18 5 14 2 18 15 9
"SeRPINA3-8" 21 14 19 7 13 17 9 40 7 16 22 15
"MBL" 0 2 3 0 2 1 0 0 1 1 2 4
"ARF3" 17 19 17 3 16 12 0 1 2 4 8 7
"ITIH3" 46 38 51 9 28 20 0 1 22 27 26 20
"PGLYRP1" 9 10 7 0 8 6 0 0 1 3 5 0
"CSN1S1" 4 4 3 2 5 2 0 0 1 4 1 1
"ANXA2" 8 7 4 1 13 11 0 0 4 6 4 5
"VASP" 12 17 6 0 2 2 0 0 0 1 20 2
"FGA" 35 25 28 13 29 25 0 0 2 24 74 26
"HRG" 7 8 13 1 4 6 0 0 2 3 6 3
"PFN1" 16 14 11 4 9 7 1 2 3 7 12 5
"APOe" 51 39 46 20 47 48 4 10 6 29 42 28
"CPN1" 64 71 68 5 13 10 18 29 3 3 9 4
"APOH" 35 37 36 18 25 35 9 12 12 32 45 28
"KNG2" 68 72 74 14 41 42 11 26 9 38 51 37
"CLeC3B" 11 10 11 6 7 10 1 4 2 6 15 15
"DDBX" 20 16 16 1 4 2 2 4 1 2 3 4
"FGG" 21 22 23 8 15 17 1 0 0 30 53 24
"HSP90AA1" 62 65 47 12 66 59 7 14 3 38 47 44
"SeRPINA3-5" 49 44 52 58 40 50 0 70 0 52 49 55
"F9" 40 46 44 34 45 39 5 8 7 21 28 31
"SeRPINA3-6" 54 50 57 59 46 50 18 65 12 53 51 53
"RAP1B" 12 14 14 8 14 14 4 5 2 6 10 7
"F13A1" 9 12 9 9 5 8 4 8 5 7 25 9
"CLU" 32 24 22 4 16 17 1 4 4 19 23 13
"LDHB" 15 6 17 5 8 8 1 2 2 4 12 5
"VNN1" 27 21 25 9 13 15 2 5 6 18 21 17
"F10" 51 62 52 26 68 63 6 22 4 33 40 42
"TGFBI" 18 8 8 2 1 3 9 11 2 3 18 7
"C9" 18 13 14 6 10 9 2 7 5 5 12 14
"THBS1" 26 30 29 1 10 10 2 6 5 10 11 12
"COL10A1" 12 16 14 7 19 14 4 7 2 15 13 7
"P02070" 30 33 34 37 24 22 0 46 11 24 22 20
"PLG" 83 73 82 22 57 76 0 3 10 70 87 45
"KLKB1" 14 16 13 2 6 6 0 2 5 6 13 10
"ITIH1" 19 12 27 5 9 10 0 0 6 9 9 7
"TUBB5" 22 22 15 3 28 11 0 0 1 5 45 18
"APOD" 15 14 12 2 15 16 0 0 1 10 13 6
"TAGLN2" 14 14 14 1 2 2 5 7 2 0 5 1
"ANXA5" 10 6 13 6 13 12 0 0 1 9 5 5
"ARF1" 17 19 17 3 16 12 2 1 2 4 8 0
"RAB1B" 10 7 9 2 9 7 2 1 0 0 7 0
"HP20" 11 4 5 2 4 5 0 0 0 3 7 2
"PROZ" 11 15 16 4 12 13 2 4 2 7 14 11
"LDHA" 20 9 17 2 11 13 0 0 0 0 7 0
"COL1A2" 7 2 5 6 6 4 2 3 2 7 9 6
"ACTG1" 59 53 49 27 48 48 6 9 19 32 52 31
"TUBB3" 17 17 11 3 25 17 0 0 1 7 43 16
"YWHAQ" 7 9 7 3 9 5 0 0 0 6 0 5
"LTF" 20 22 16 10 39 50 0 0 1 20 24 20
"C4BPA" 15 14 12 1 22 18 0 0 0 0 15 10
"YWHAZ" 12 11 12 8 12 11 2 3 2 12 10 11
"PTGeS3" 3 1 3 0 4 5 0 0 0 0 3 3
"APCS" 9 6 5 4 12 7 0 0 0 10 13 8
"SLC2A3" 2 3 2 1 2 3 0 0 0 3 3 1
"MFAP4" 1 2 3 1 4 3 0 0 0 4 7 5
"KRT80" 5 15 6 3 19 5 0 0 0 4 3 2
"ANP32A" 0 0 0 0 1 2 0 0 0 0 5 0
"LYSM" 3 5 4 2 5 4 0 0 1 2 2 2
"GFAP" 8 15 8 4 12 9 0 0 10 6 5 5
"YWHAB" 6 7 6 2 9 5 0 0 0 7 7 5
"KRT73" 16 30 15 5 25 19 0 5 0 11 11 3
"CAT" 29 41 28 5 29 28 1 3 0 28 38 20
"PGK1" 14 17 16 1 9 14 1 0 0 6 9 6
"BLVRB" 25 27 26 7 23 22 2 2 1 4 8 4
"HMGB2" 9 5 7 1 6 10 0 0 0 5 7 6
"PROC" 35 46 39 18 58 45 4 21 3 22 37 30
"F7" 17 15 14 3 17 14 0 0 0 5 7 5
"H2A1" 5 2 6 1 11 4 1 1 3 0 0 1
"ILK" 6 10 6 0 4 3 0 0 0 0 11 0
"JUP" 7 8 7 0 47 15 1 0 5 6 6 0
"OLFML3" 7 10 10 0 0 1 0 0 0 0 2 0
"RPS27A" 4 4 6 0 0 5 0 0 1 3 3 2
"H2AC20" 5 2 6 1 0 4 1 1 3 3 0 1
"eeF1A2" 0 13 8 0 0 6 4 2 0 0 0 0
"IGFBP3" 22 20 19 0 0 3 0 1 0 0 0 0
"RPLP0" 3 0 3 0 7 3 0 0 2 3 8 4
"KRT79" 19 0 18 0 34 25 4 5 0 14 18 13
"TUBB4B" 22 19 0 0 26 11 0 0 1 5 43 16
"CTSL" 19 22 20 0 0 1 1 2 0 0 1 0
"RNASe4" 15 13 12 0 0 3 1 2 1 0 0 0
"C1QA" 11 12 11 0 2 1 2 2 0 1 2 0
"F11R" 4 1 1 0 4 1 0 0 0 0 1 0
"APOC3" 2 3 2 0 3 1 0 0 0 4 2 4
"CDH1" 13 7 12 0 3 5 0 0 1 0 0 0
"IGF2" 6 6 6 0 1 1 0 0 1 0 0 0
"KRT8" 11 16 12 0 21 13 0 0 0 10 10 11
"VCP" 4 3 1 0 7 3 2 0 0 14 45 10
"HSPA1L" 16 11 11 0 7 5 0 0 0 3 5 4
"YWHAe" 5 7 8 0 8 8 0 0 0 8 7 8
"MAPRe2" 1 0 0 0 0 1 0 0 0 0 1 0
"P62808" 5 6 3 0 11 2 0 0 0 0 2 1
"FN1" 10 11 7 0 6 5 0 0 1 3 55 3
"BPT2" 3 6 5 0 2 1 0 0 1 0 0 0
"IGFBP2" 41 32 30 0 3 7 6 5 4 0 7 4
"CHI3L1" 3 3 2 0 2 4 0 0 0 0 0 0
"HSPA1A" 27 21 19 0 13 7 0 0 0 9 13 5
"SULT1e1" 10 4 5 0 4 2 0 0 0 0 7 3
"ANXA1" 7 4 5 0 10 7 0 0 0 6 5 4
"CLIC1" 7 3 6 0 4 6 0 0 0 0 4 4
"CPB2" 29 28 32 0 9 6 2 2 1 7 17 7
"APOC4" 3 3 3 0 4 8 0 0 0 2 5 3
"HP" 10 11 6 0 12 11 0 0 0 12 4 4
"AHCY" 16 14 16 0 15 11 0 0 0 7 15 8
"NAP1L4" 4 5 2 0 3 2 0 0 0 2 5 3
"THBS4" 13 14 16 0 5 4 3 7 6 1 5 1
"HSP90B1" 10 6 4 0 6 3 0 0 0 0 4 4
"CHIA" 12 12 12 0 14 8 0 0 3 6 13 10
"H1-3" 3 4 4 0 6 0 0 0 0 0 0 0
"ARG1" 7 2 3 0 4 3 0 0 2 2 1 1
"COL1A1" 7 6 12 0 5 12 1 0 2 13 18 13
"ANXA11" 4 2 1 0 3 5 0 0 0 0 3 2
"CDH5" 6 2 3 0 3 2 0 0 1 4 6 7
"CFH" 39 24 34 0 5 4 1 4 12 0 5 2
"HSPA1B" 27 21 19 0 13 7 0 0 0 9 13 5
"HABP2" 15 16 16 0 3 2 0 0 1 0 8 1
"KRT17" 22 23 23 0 42 33 0 0 0 16 30 0
"NAP1L1" 14 14 7 0 9 7 0 0 0 7 15 13
"PRDX6" 5 1 3 0 5 4 0 0 0 2 4 3
"PPIA" 12 10 11 0 12 4 0 0 0 3 7 2
"CATHL1" 3 1 3 0 1 2 0 0 0 2 5 2
"FeRMT3" 20 18 14 0 4 5 4 3 0 5 7 2
"RAC1" 6 7 8 0 5 7 0 0 0 2 4 1
"KRT10" 31 40 36 0 54 44 0 0 11 33 31 0
"MYL6" 10 5 6 0 1 2 0 0 0 2 6 4
"HA1B" 4 1 3 0 2 1 0 0 0 1 0 0
"RAB8A" 7 7 5 0 7 7 0 0 0 0 3 0
"F12" 7 3 6 0 2 2 0 0 0 3 4 0
"CSRP1" 6 2 2 0 2 4 0 0 0 0 1 0
"NACA" 5 6 3 0 4 5 0 0 0 2 4 3
"GGH" 5 8 5 0 4 3 0 1 0 0 4 0
"KRT71" 8 9 6 0 14 11 0 0 0 8 9 0
"B4GALT1" 9 6 9 0 4 5 0 0 0 0 0 0
"CD9" 3 9 9 0 6 7 0 0 0 2 5 0
"RAB11B" 8 5 5 0 5 6 0 0 0 2 4 2
"RGN" 7 5 7 0 2 3 0 2 2 2 6 3
"CAPNS1" 13 15 13 0 5 4 0 0 2 1 2 5
"C7" 23 15 12 0 8 8 0 0 1 18 19 10
"HSP90AB1" 38 31 24 0 36 36 0 0 3 14 23 18
"HMGB1" 12 4 9 0 7 5 0 0 0 7 11 7
"TRAP1" 3 4 2 0 3 2 0 0 0 3 0 0
"YWHAH" 0 0 4 0 7 6 0 0 0 5 5 0
"FTL" 3 4 4 0 3 4 0 0 0 2 5 3
"PRDX2" 5 5 3 0 6 2 0 2 0 4 0 0
"CAP1" 8 5 7 0 3 4 1 5 0 0 12 5
"ARF4" 13 14 16 0 11 8 0 1 2 3 7 5
"KRT25" 9 0 8 0 7 9 0 0 0 10 6 7
"MSN" 10 5 0 0 6 5 0 0 0 5 8 0
"KRT27" 9 11 8 0 7 9 0 0 0 0 6 7
"KRT19" 15 13 14 0 36 23 0 3 0 11 18 8
"CATHL4" 2 1 2 0 6 7 0 0 0 3 2 1
"GDI1" 0 0 7 0 4 3 0 0 0 0 0 2
"CTSD" 5 2 3 0 5 1 0 0 1 0 3 4
"GDI2" 27 30 27 0 4 3 0 0 0 0 5 2
"TIMP3" 6 0 1 0 2 2 0 0 0 0 0 0
"HP252" 1 2 2 0 1 1 0 0 0 2 1 0
"KRT72" 11 13 0 0 13 18 0 0 0 0 0 0
"PPIe" 5 0 3 0 3 2 0 0 0 2 3 0
"PeBP1" 11 6 8 0 2 2 0 0 0 0 2 0
"DSC1" 0 3 0 0 2 1 0 0 0 0 0 0
"KRT20" 2 4 0 0 6 4 0 0 0 0 0 0
"CHAD" 5 4 4 0 0 0 0 2 3 0 0 0
"CL43" 5 0 5 0 1 4 0 0 0 5 7 2
"MYH10" 16 15 12 0 0 4 0 0 0 0 10 4
"LBP" 4 4 4 0 0 2 0 0 1 1 1 4
"eZR" 9 7 5 0 0 6 0 2 0 6 0 0
"COMP" 7 4 9 0 0 2 0 0 1 0 4 0
"GSTP1" 5 3 5 0 0 5 0 0 0 0 5 0
"LGALS3BP" 0 0 0 0 0 3 0 3 0 0 9 2
"AKR1A1" 5 8 6 0 0 1 0 0 0 0 1 0
"RAN" 5 13 11 0 4 0 0 0 0 0 7 0
"CRYZ" 0 0 0 12 1 0 0 0 2 0 0 0
"IGFBP1" 7 6 7 0 0 0 0 0 0 0 0 0
"SeRPINA6" 5 3 4 0 0 4 0 2 0 3 6 2
"MST1" 16 13 13 1 0 2 2 3 0 0 2 1
"H2AJ" 5 2 6 1 0 4 1 1 3 0 0 1
"GPX3" 3 0 0 0 0 2 0 0 0 0 7 0
"TUBB2B" 19 0 0 0 30 0 0 0 1 0 40 0
"PHGDH" 2 3 3 0 0 1 0 0 0 0 1 0
"CTSV" 19 22 20 0 0 1 1 2 0 0 1 0
"C1QB" 10 18 12 0 0 2 2 1 0 0 3 0
"YWHAG" 0 7 4 0 0 5 0 0 0 0 0 5
"GNAO1" 2 0 0 0 0 2 0 0 0 0 0 0
"CCN2" 0 0 3 0 0 2 0 0 0 0 0 0
"RPS10" 1 0 1 0 1 0 0 0 0 0 0 0
"PGM1" 4 5 6 0 0 0 0 0 0 0 0 0
"GSTM1" 3 4 3 0 0 0 0 0 0 0 0 0
"APRT" 4 4 5 0 0 0 0 0 0 0 0 0
"TUBB4A" 19 13 0 0 21 0 0 0 1 0 0 0
"PABPC1" 1 3 0 0 5 0 0 0 0 0 0 0
"PCBP1" 3 0 0 0 5 0 0 0 0 0 0 0
"PNP" 3 4 3 0 0 0 0 0 0 0 0 0
"WDR1" 2 0 0 0 1 0 0 0 0 0 1 0
"SePTIN7" 10 5 4 0 0 0 2 0 0 0 0 0
"PSMB4" 5 3 0 0 0 0 0 0 0 0 0 0
"PRDX1" 0 3 0 0 1 0 0 0 0 0 0 0
"eIF5A" 3 0 1 0 2 0 0 0 2 0 0 0
"SePTIN2" 6 5 5 0 3 0 0 0 0 0 0 0
"LOX" 4 3 5 0 0 0 0 0 0 0 0 0
"GAPDHS" 0 0 4 0 5 0 0 0 0 3 0 3
"ARPC1B" 5 8 5 0 0 0 0 0 0 0 0 0
"CNN2" 2 2 2 0 0 0 0 0 0 0 0 0
"HNRNPF" 0 0 0 0 1 0 0 0 0 0 0 0
"CAH2" 3 2 0 0 3 0 0 0 0 1 3 3
"RAC2" 5 5 6 0 0 0 0 0 0 0 2 1
"TUBB6" 0 0 0 0 15 0 0 0 0 0 32 12
"GPI" 4 3 1 0 1 0 0 0 0 2 2 1
"CFD" 7 10 10 0 4 0 0 0 0 2 5 7
"HSPA5" 0 0 0 0 11 0 0 0 0 0 0 0
"HeBP1" 5 0 2 0 0 0 0 0 0 0 0 0
"SPP1" 1 0 2 0 0 0 0 0 0 2 0 0
"P31098" 1 0 2 0 0 0 0 0 0 2 0 0
"GSTT1" 4 3 2 1 0 0 0 1 0 0 0 0
"FBP1" 3 0 2 0 0 0 0 0 0 0 0 0
"eNO3" 10 9 0 4 0 0 0 0 0 0 7 0
"MYL9" 4 0 3 0 0 0 0 0 0 0 2 0
"eSD" 5 12 6 0 0 0 0 0 0 0 2 0
"TPI1" 9 6 4 0 3 0 0 0 0 1 4 2
"GSTA2" 8 6 7 0 0 0 3 0 0 0 0 0
"CDC42" 0 3 2 0 0 0 0 1 0 0 0 0
"GARIN1B" 0 0 3 0 0 0 0 0 0 0 0 0
"eXT1" 17 19 7 0 0 0 0 0 0 0 0 0
"PTGR1" 6 4 5 0 0 0 1 3 0 0 3 0
"SePTIN8" 3 2 5 0 0 0 0 0 0 0 0 0
"H1-2" 3 4 4 0 6 0 0 0 0 0 0 0
"CBR1" 2 5 3 0 0 0 0 0 0 0 1 0
"RHOA" 3 2 2 0 3 0 0 0 0 0 0 0
"CSN2" 5 1 1 0 2 0 0 0 1 3 0 1
"ANXA3" 4 2 1 0 2 0 0 0 0 0 0 0
"GSTA1" 3 0 0 0 0 0 3 0 2 0 0 0
"SLC2A1" 4 7 6 2 6 0 0 0 0 8 8 3
"UGDH" 0 2 1 0 0 0 0 2 0 0 0 0
"MAPRe1" 0 2 0 0 0 0 0 0 0 0 0 0
"PGFS2" 6 0 0 0 0 0 0 0 0 0 0 0
"PGFS1" 6 0 0 0 0 0 0 0 0 0 0 0
"ATP6V1e1" 3 0 3 0 0 0 0 0 0 0 0 0
"S100A12" 8 4 3 0 0 0 0 0 0 0 0 0
"SePTIN11" 3 2 0 0 0 0 0 0 0 0 0 0
"TUBA8" 0 0 0 0 21 0 0 0 0 0 24 11
"PSMA2" 1 1 0 0 0 0 0 0 0 0 0 0
"HNRNPA2B1" 6 6 2 0 2 0 0 0 0 0 0 0
"eHD1" 5 4 4 0 0 0 0 0 0 0 1 0
"CORO1A" 5 5 7 0 0 0 1 2 0 0 3 0
"CRIP2" 2 0 0 0 0 0 0 0 0 0 0 0
"IGFBP4" 10 5 10 0 0 0 0 0 0 0 0 0
"eIF4H" 1 2 1 0 0 0 0 0 0 0 0 0
"CKM" 18 12 15 9 0 0 0 0 0 5 7 10
"MAP10" 0 2 3 0 0 0 0 0 0 2 0 0
"CTSC" 5 4 6 0 0 0 0 0 0 0 5 1
"COLeC11" 0 2 2 0 0 0 0 0 0 1 6 1
"MGP" 4 0 2 0 0 0 0 0 1 0 2 0
"OSTF1" 4 1 3 0 0 0 1 0 0 0 0 2
"IGFBP6" 7 5 7 0 0 0 1 2 5 0 0 0
"SeRPINH1" 4 2 0 0 0 0 0 0 0 0 0 0
"ANG1" 3 3 4 0 0 0 0 0 0 0 0 0
"FABP1" 8 0 5 0 0 0 0 0 0 5 6 0
"HNRNPK" 6 4 6 0 0 0 0 0 0 0 0 0
"CST3" 10 5 7 0 0 0 2 3 5 1 0 0
"SBDS" 0 0 1 0 0 0 0 0 0 0 0 0
"CD44" 2 0 0 0 0 0 0 0 0 0 2 1
"KRT222" 0 3 2 0 0 0 0 0 0 0 2 0
"ATP6V1D" 6 4 3 0 0 0 0 0 0 0 0 0
"OGN" 1 2 4 0 0 0 0 1 0 3 1 0
"ARPC2" 2 0 3 0 0 0 0 1 0 0 0 0
"ATIC" 6 6 0 0 0 0 0 0 0 0 4 0
"BCL2L14" 5 0 0 0 0 0 0 0 0 0 0 6
"TCN2" 2 4 1 0 0 0 0 0 0 0 0 0
"IGFBP5" 7 4 8 0 0 0 0 0 0 0 0 0
"PLA1A" 7 0 0 0 0 0 0 0 0 0 0 0
"COLGALT1" 1 0 0 0 0 0 0 0 0 0 0 0
"MTAP" 7 7 5 0 0 0 0 0 0 0 0 0
"ASS1" 0 0 1 0 0 0 0 0 0 0 0 0
"GPR39" 2 0 0 0 0 0 0 0 0 0 0 0
"LeCT2" 3 0 3 0 0 0 0 0 1 0 0 0
"RPS18" 0 0 3 0 0 0 0 0 0 0 0 0
"MYL12B" 4 0 3 0 0 0 0 0 0 0 2 0
"FKBP4" 0 0 0 0 3 0 0 0 0 0 0 0
"HSPB1" 0 0 0 0 5 0 0 0 0 0 0 0
"XPNPeP1" 0 0 0 6 0 0 0 1 0 0 0 0
"MAeA" 0 0 0 1 0 0 0 3 0 0 0 0
"AHSA2" 0 0 1 0 0 0 0 0 0 0 2 0
"NOSTRIN" 0 0 0 0 0 0 2 2 0 0 0 0
"TNFAIP8L2" 2 0 4 0 0 0 0 0 0 0 0 0
"OMD" 3 1 0 0 4 2 0 0 0 0 0 0
"DNM1L" 2 0 3 0 0 0 0 0 0 0 0 0
"NMe2" 0 3 0 0 5 4 0 0 0 0 0 0
"ARHGDIB" 0 0 2 0 0 0 0 0 0 0 3 0
"MAML2" 2 0 0 1 0 2 0 0 0 0 0 0
"ITGB1" 0 0 2 0 0 0 0 0 0 0 0 0
"FMOD" 5 3 1 0 0 0 0 0 1 1 0 0
"HBe2" 0 0 6 0 0 0 0 0 0 4 0 0
"SPON1" 2 0 2 0 0 2 0 0 0 0 0 0
"VDAC1" 0 0 0 0 1 0 0 0 1 0 0 0
"MYH7" 0 0 0 0 0 18 0 0 4 0 0 0
"eBD" 0 0 0 1 0 0 0 0 0 0 0 0
"HSPA2" 0 0 0 0 0 5 0 0 1 0 0 3
"UBC" 0 4 0 0 0 0 0 0 1 0 3 0
"CFAP210" 0 6 2 0 8 8 1 0 1 0 0 0
"RHOC" 3 2 2 0 0 0 0 0 0 0 0 0
"CA3" 5 4 0 0 0 0 0 0 0 0 0 0
"SNRPD1" 0 0 0 0 0 0 0 2 0 0 0 0
"PNPO" 2 0 0 0 0 0 0 0 0 0 0 0
"RPS20" 2 0 0 0 0 0 0 0 0 0 0 0
"RAB5C" 2 0 1 0 0 1 0 0 0 0 0 0
"UBe2M" 2 0 0 0 1 0 0 0 0 0 0 0
"CTNNB1" 5 5 0 0 16 7 0 0 0 4 0 0
"ANKRD54" 1 0 0 0 1 0 0 0 0 0 2 0
"SeRPINA3-3" 0 0 0 0 0 0 29 116 23 0 0 0
"COQ6" 0 0 0 0 0 0 0 0 0 0 1 0
"RAB6B" 2 3 2 0 0 2 0 0 0 0 0 0
"RDX" 0 6 4 0 0 5 0 0 0 0 0 0
"RHOB" 5 2 3 0 2 0 0 0 0 0 0 0
"BPIFB1" 2 3 2 0 1 2 0 0 0 0 0 0
"ACTC1" 36 33 33 0 30 28 0 0 4 15 36 19
"APP" 0 0 0 0 0 0 0 0 0 0 1 0
"eeF1D" 5 3 0 0 2 0 0 0 0 0 0 0
"COL2A1" 3 0 2 0 0 2 0 0 0 0 4 0
"RAB27B" 3 2 0 0 0 2 0 0 0 0 0 0
"CRYAB" 0 0 0 0 0 0 0 0 0 0 1 0
"GNAI1" 2 0 0 0 0 2 0 0 0 0 0 0
"ANP32B" 0 0 0 0 1 0 0 0 0 0 4 3
"UTP15" 9 11 15 14 6 0 2 6 0 10 6 14
"DRC7" 7 0 0 0 0 0 0 0 0 0 0 0
"K2C4" 9 0 0 0 0 14 0 0 0 0 0 0
"CD47" 0 0 0 0 2 1 0 0 0 0 0 0
"CATHL2" 0 0 0 0 1 1 0 0 0 0 0 0
"GDF6" 8 0 0 2 5 0 0 0 0 0 8 0
"KRT78" 8 5 0 4 9 0 0 0 0 4 5 0
"PLeKHA2" 0 0 0 0 0 0 1 0 0 0 0 0
"SeLeNOK" 0 0 0 0 0 0 0 0 0 0 0 0
"IMP4" 0 0 0 0 0 0 0 0 0 0 1 1
"SLC15A4" 0 0 0 1 0 0 0 0 0 0 0 0
"PReLID1" 0 0 0 0 0 0 0 0 0 1 0 0
"RPL12" 0 1 0 0 1 0 0 0 0 0 0 0
"GTF2I" 0 0 0 0 0 0 0 0 0 0 1 0
"TMSB10" 0 0 0 0 0 0 0 0 0 0 1 0
"IDH1" 2 3 0 0 0 0 0 0 0 0 0 0
"PPP1CB" 1 0 0 0 0 0 0 0 0 0 0 0
"UBA52" 0 4 0 0 9 0 0 0 1 3 3 0
"POLR3A" 10 0 0 0 0 0 0 0 0 0 0 0
"GNB1" 2 1 0 0 0 0 0 0 0 0 0 0
"PSMA7" 4 0 3 0 3 0 0 0 0 0 0 0
"RAB8B" 0 7 5 0 5 0 0 0 0 0 0 0
"MeD30" 0 0 0 0 0 0 0 0 0 0 0 1
"TALDO1" 0 6 0 0 0 0 0 23 0 0 0 0
"KRT35" 0 4 0 0 105 0 0 0 0 0 0 0
"GMFG" 0 0 0 0 0 0 0 0 0 0 1 0
"HNRNPA1" 0 0 0 0 3 0 0 0 0 0 0 0
"KRT81" 0 0 0 0 215 0 0 0 0 0 0 0
"GPLD1" 5 3 4 0 3 1 0 0 0 0 0 0
"eIF4A1" 0 0 0 0 7 0 0 0 0 0 1 0
"ATP5F1B" 0 0 0 0 4 0 0 0 0 0 0 0
"PKP1" 0 0 0 0 10 0 0 0 0 0 0 0
"KRT83" 0 0 0 0 243 0 0 0 0 0 0 0
"SFN" 0 0 0 0 18 0 0 0 0 0 0 0
"MRPS24" 4 0 0 0 3 0 0 0 0 0 8 0
"GIMD1" 0 0 0 0 0 0 0 0 0 5 0 0
"PDIA4" 3 6 0 0 3 0 0 0 0 0 3 7
"RAP1A" 0 0 0 8 0 0 4 5 2 0 0 0
"HP251" 0 0 1 0 0 0 0 0 0 0 3 3
"HP1BP3" 0 0 0 0 2 0 0 0 0 0 0 0
"ACCS" 1 0 0 0 1 0 0 0 0 0 0 0
"ANXA6" 3 0 3 0 3 0 0 0 0 0 0 0
"H3-3A" 0 0 0 0 12 0 0 0 0 0 0 0
"UMOD" 0 0 0 0 0 0 0 0 0 0 0 0
"CHCT1" 0 0 0 0 0 0 0 0 0 0 1 2
"RPL30" 2 0 0 0 8 0 0 0 0 0 0 0
"eXT2" 0 1 0 0 0 0 0 0 0 0 0 0
"ACO1" 5 9 3 0 0 0 0 0 0 0 0 0
"MX2" 0 0 0 0 0 0 0 0 0 2 0 0
"SNRPN" 0 0 0 0 2 0 0 0 0 0 0 0
"RPL7" 0 0 0 0 3 0 0 0 0 0 4 0
"PSMB2" 0 2 0 0 1 0 0 0 0 0 0 0
"LAP3" 0 0 0 0 4 0 0 0 0 0 0 0
"TYROBP" 1 0 0 0 1 0 0 0 0 0 0 0
"TUBA3" 0 0 0 0 0 0 1 0 0 0 0 0
"CNP" 1 0 0 0 0 0 0 0 0 0 0 0
"TAF7" 1 0 0 0 1 0 0 0 0 0 0 0
"HBe4" 5 0 6 0 0 0 0 0 0 4 0 0
"CSNK1D" 1 0 0 0 2 0 0 0 0 0 0 0
"CLTC" 0 0 0 0 9 0 0 0 0 0 0 0
"ACTN3" 3 0 3 0 0 0 0 0 0 0 0 0
"DAW1" 0 0 0 0 0 0 0 0 0 0 1 0
"VAMP2" 0 0 0 0 1 0 0 0 0 0 1 0
"CRYBB1" 0 0 0 1 3 0 0 0 0 0 0 0
"KRT40" 0 0 0 3 37 0 0 0 0 0 0 0
"TUBA1C" 0 0 0 0 0 0 1 0 0 0 0 0
"PDLIM1" 0 2 0 0 0 0 0 0 0 0 0 0
"PSMB1" 4 0 1 0 0 0 0 0 0 0 0 0
"PRIMPOL" 0 1 0 0 0 0 0 0 0 0 0 0
"AOC3" 0 7 5 0 0 0 0 0 0 4 2 1
"SAR1A" 2 2 2 0 2 2 0 0 0 0 0 0
"KRT74" 0 0 0 0 9 7 0 0 0 4 0 0
"ARPC4" 3 3 3 0 3 2 0 0 0 0 0 0
"NMe1-1" 3 3 0 0 5 3 0 0 0 0 0 0
"USO1" 11 23 6 0 12 8 0 0 0 0 15 0
"NMe1-2" 3 3 0 0 5 3 0 0 0 0 0 0
"PDe12" 5 0 0 2 0 0 0 0 0 0 0 0
"GATC" 0 0 0 0 0 0 0 0 0 0 1 0
"MPV17L" 0 0 0 0 0 0 0 0 0 0 1 0
"S100A8" 4 0 0 0 0 0 0 0 0 0 0 0
"eMC10" 1 0 0 0 0 0 0 0 0 0 0 0
"RACK1" 0 0 0 0 3 0 0 0 0 0 0 0
"PLCD1" 0 0 0 0 6 0 0 0 0 0 0 0
"63258" 0 0 0 0 0 0 0 0 0 0 0 0
"PSMC4" 0 0 0 0 1 0 0 0 0 0 0 0
"PTPDC1" 0 0 4 0 0 0 0 0 0 4 0 0
"ACTN1" 4 3 5 0 0 0 0 0 0 0 7 0
"CAPZA2" 0 1 0 0 0 0 0 0 0 0 0 0
"COTL1" 4 0 0 0 0 0 0 0 0 0 0 0
"PReP" 0 0 0 0 3 0 0 0 0 0 0 0
"LUC7L3" 0 0 0 0 0 0 0 0 0 0 0 0
"GPATCH1" 0 0 0 2 0 0 0 0 0 0 0 0
"CNOT10" 0 0 0 0 0 0 0 0 0 0 2 0
"LDHAL6B" 3 0 3 0 0 0 0 0 0 0 0 0
"PGAM2" 5 0 0 0 0 0 0 0 0 0 0 0
"PTGDS" 0 0 1 0 0 0 0 0 0 1 0 0
"SLC20A2" 0 0 0 0 1 0 0 0 0 0 0 0
"UBB" 0 4 0 0 0 0 0 0 1 3 3 0
"SWAP70" 0 0 0 0 0 0 0 0 0 0 0 0
"HeXA" 0 0 0 2 0 0 0 0 0 0 0 0
"ANPeP" 0 0 0 0 0 0 0 0 0 0 0 2
"eIF3J" 1 0 0 0 0 0 0 0 0 0 0 0
"CYP19A1" 0 0 0 0 0 0 0 0 0 0 2 0
"ADH5" 0 0 0 0 0 0 0 0 0 0 4 0
"FeN1" 0 0 0 0 0 0 0 0 0 0 0 0
"RPS16" 2 0 0 0 1 0 0 0 0 0 0 0
"DPP6" 0 0 0 0 0 0 0 0 0 0 5 0
"DHX36" 0 0 0 0 0 0 0 0 0 1 0 0
"RPL6" 0 0 0 0 0 0 0 0 0 0 0 0
"ACTG2" 0 0 0 0 0 0 0 0 4 0 0 0
"PPP1CA" 1 0 0 0 0 0 0 0 0 0 0 0
"ADGRL3" 2 0 0 0 0 0 0 0 0 0 0 0
"RAB13" 5 4 3 0 0 4 0 0 0 0 4 0
"RAB7A" 3 0 0 0 0 2 0 0 0 0 0 0
"RPS3" 0 0 0 0 4 0 0 0 0 0 0 0
"PSMB3" 0 0 0 0 0 0 0 0 1 1 0 0
"eIF4A2" 0 0 0 0 0 0 0 0 0 0 1 0
"VAMP3" 0 0 0 0 1 0 0 0 0 0 1 0
"ZDHHC9" 0 0 0 0 2 0 0 0 0 0 0 0
"HGS" 0 0 0 0 1 0 0 0 0 2 0 4
"PLS1" 7 0 0 0 0 0 0 0 0 0 0 0
"BRCA1" 0 4 0 0 0 0 0 0 0 0 0 0
"RPL7A" 0 0 0 0 1 0 0 0 0 0 0 0
"ACTR2" 0 2 0 0 0 0 0 0 0 0 0 0
"ARHGeF9" 0 0 0 0 4 0 0 0 0 0 0 0
"PRND" 1 0 0 0 0 0 0 0 0 0 0 0
"ARF2" 0 0 0 0 0 0 0 1 2 0 0 0
"HPSe" 0 0 0 0 0 0 0 1 0 0 0 0
"PLA2G7" 0 0 0 0 0 0 0 0 0 0 2 0
"eNPP2" 0 3 0 0 0 0 0 0 0 0 0 0
"GOT1L1" 3 0 0 0 0 0 0 0 0 0 0 0
"SNRPB" 0 0 0 0 2 0 0 0 0 0 0 0
"MYLK" 0 0 0 0 0 0 0 0 0 0 2 4
"POLA2" 0 0 0 0 0 0 0 0 0 0 1 0
"CAPN2" 11 7 5 0 0 0 0 1 0 0 0 0
"ASL" 0 0 0 0 0 0 0 0 0 0 1 0
"SAT2" 0 0 0 0 0 0 0 0 0 0 0 2
"PPIC" 3 3 0 0 0 0 0 0 0 0 0 0
"CD14" 2 0 0 0 0 0 0 0 0 0 3 1
"GALM" 0 1 0 0 0 0 0 0 0 0 0 0
"GNAT2" 2 0 0 0 0 0 0 0 0 0 0 0
"SAA1" 2 1 1 0 0 0 0 0 0 0 0 0
"RPL27" 0 0 0 0 2 0 0 0 0 0 0 0
"ACTN2" 2 0 4 0 0 0 0 0 0 0 0 0
"AOCX" 7 6 0 0 0 0 0 0 0 4 2 0
"SeLeNOP" 3 4 2 0 0 0 0 0 0 0 0 0
"DNAJC12" 0 0 0 0 0 0 1 0 0 0 0 0
"ALDOB" 3 0 0 0 0 0 0 0 0 0 0 0
"QDPR" 0 2 0 0 0 0 0 0 0 0 0 0
"eeF2" 0 0 0 0 11 0 0 0 0 0 0 0
"ZFYVe27" 0 0 0 0 0 0 0 0 0 0 5 0
"C1S" 1 0 0 0 0 0 0 0 0 1 4 0
"MIF" 1 0 0 0 1 0 0 0 0 0 0 0
"ADSL" 0 4 0 0 0 0 0 0 0 0 0 0
"ARFIP2" 0 0 0 0 0 0 0 0 0 2 0 2
"DDX39B" 0 0 0 0 3 0 0 0 0 0 0 0
"VIM" 0 0 0 0 0 0 0 0 2 0 0 0
"GUF1" 0 0 0 0 0 0 0 0 0 0 7 0
"CATHL7" 0 0 1 0 0 0 0 0 0 0 0 0
"TIe1" 0 0 0 0 0 0 0 0 0 0 0 1
"CS" 0 0 0 0 0 0 0 0 0 0 0 0
"P68432" 0 0 0 0 12 0 0 0 0 0 0 0
"ascc3" 0 0 0 0 0 0 0 0 5 0 0 0
"PPP1CC" 1 0 0 0 0 0 0 0 0 0 0 0
"PPP2CB" 0 0 0 0 1 0 0 0 0 0 0 0
"eeF1G" 0 0 0 0 4 0 0 0 0 0 0 0
"PARK7" 0 0 0 0 3 0 0 0 0 0 0 0
"ATP5F1A" 0 0 0 0 1 0 0 0 0 0 0 0
"RPS8" 0 0 0 0 1 0 0 0 0 0 0 0
"MeA1" 0 0 0 0 1 0 0 0 0 0 0 0
"ACAP1" 0 0 0 0 0 0 0 0 0 0 1 2
"B4GAT1" 0 0 0 0 0 1 0 0 0 0 0 0
"TXN" 2 2 0 0 1 0 0 0 0 0 0 0
"SeC13" 0 0 0 0 0 0 0 0 0 0 2 0
"ADGRL2" 2 0 0 0 0 0 0 0 0 0 0 0
"CDC23" 0 0 0 1 0 0 0 0 0 0 0 0
"SeLeNBP1" 0 0 0 0 14 0 0 0 0 0 0 0
"APOBeC2" 0 0 0 0 0 0 0 0 0 0 1 0
"BHMT" 0 4 0 0 0 0 0 0 0 0 0 0
"COMT" 0 2 3 0 0 0 0 0 0 0 0 0
" K2CB" 0 0 10 0 0 0 0 0 0 0 0 0
"AMH" 0 0 0 0 5 0 0 0 0 0 0 0
"TNFAIP8" 0 0 0 0 0 0 2 2 0 0 0 0
"PSMA1" 6 0 7 0 0 0 0 0 0 0 0 0
"AP5B1" 0 0 0 0 0 0 0 0 0 0 4 0
"FAM174B" 0 0 0 0 1 0 0 0 0 0 0 0
"HPD" 4 0 0 0 0 0 0 0 0 0 2 0
"PYY2" 7 0 0 0 0 0 0 0 0 0 0 0
"TRIM2" 0 0 0 0 0 0 0 0 0 0 0 1
"ASPN" 0 0 0 0 0 0 0 0 0 0 10 0
"PGAM1" 0 2 0 0 0 0 0 0 0 0 1 0
"P4HB" 0 6 0 0 0 0 0 0 0 0 0 0
"HPCAL1" 0 3 0 0 0 0 0 0 0 0 0 0
"WDR18" 0 0 0 0 0 0 0 0 0 0 1 0
"KRT28" 10 12 0 6 0 0 0 0 0 0 0 9
"ZRANB3" 0 0 0 0 0 0 0 0 0 0 4 0
"SePTIN6" 0 2 0 0 0 0 0 0 0 0 0 0
"KRTAP10-8" 0 0 0 0 4 0 0 0 0 0 0 0
"CAPZA1" 0 2 0 0 0 0 0 0 0 0 0 0
"ST14" 0 0 0 0 0 0 0 0 0 0 0 1
"CDCA2" 0 0 0 0 3 0 0 0 0 0 0 0
"UBe2D1" 0 0 0 0 0 0 0 0 0 0 0 0
"CFL2" 0 0 0 0 0 3 0 0 0 0 0 0
"CMPK1" 0 0 0 0 0 0 0 5 0 0 0 0
"ACTA2" 0 0 0 0 0 0 0 0 4 0 0 0
"SPZ1" 0 0 0 0 0 0 6 0 0 0 0 0
"LYRM7" 0 0 0 0 0 0 0 3 0 0 0 0
"ANXA4" 0 0 0 0 1 0 0 0 0 0 0 0
"PAFAH1B1" 0 2 0 0 0 0 0 0 0 0 0 0
"ALYReF" 1 0 0 0 0 0 0 0 0 0 0 0
"GNB2" 0 1 0 0 0 0 0 0 0 0 0 0
"GeT4" 0 0 1 0 0 0 0 0 0 0 0 0
"GRB14" 0 0 0 0 0 8 0 0 0 0 0 0
"PROCR" 0 0 0 0 5 0 0 0 0 0 0 0
"PDIA3" 0 0 0 0 0 0 0 0 0 0 0 0
"ABAT" 0 0 0 0 1 0 0 0 0 0 0 0
"PFKL" 2 1 0 0 0 0 0 0 0 0 0 0
"DUSP14" 0 0 0 0 0 0 0 0 0 0 0 0
"TRMT5" 0 1 0 0 0 0 0 0 0 0 0 0
"BCL2L2" 0 0 0 0 0 0 0 0 0 0 1 0
"SMC3" 0 0 0 0 0 0 1 0 0 0 0 0
"PSMD2" 0 0 0 0 0 0 1 0 0 0 0 0
"PYGL" 0 5 0 0 0 0 0 0 0 0 0 0
"TMeM169" 0 0 0 0 0 0 0 0 0 0 2 0
"F11" 4 0 0 0 0 0 0 0 0 0 0 0
"TBX6" 0 0 0 0 0 0 0 0 0 0 4 0
"PSMA4" 0 0 0 0 0 2 0 0 0 0 0 0
"RPSA" 0 0 0 0 5 0 0 0 0 0 0 0
"ACTN4" 6 4 6 0 0 0 0 0 0 4 5 0
"DCXR" 4 3 0 0 0 0 0 0 0 0 0 0
"CCT6A" 0 0 0 0 0 0 0 3 0 0 0 0
"MMP2" 5 0 0 0 0 0 0 0 0 0 0 4
"PSMA6" 2 0 0 0 0 0 0 0 0 0 0 0
"H2AZ2" 0 0 0 0 0 3 0 0 0 0 0 0
"VTA1" 0 1 0 0 0 0 0 0 0 0 0 0
"CHRNA5" 6 0 0 0 0 0 0 0 0 0 0 0
"ALDH9A1" 5 2 0 0 0 0 0 0 0 0 0 0
"NNAT" 0 0 0 0 0 0 0 0 0 0 0 2
"ANXA8" 0 0 0 0 0 4 0 0 0 0 0 0
"NUDT11" 0 0 3 0 0 0 0 0 0 0 0 0
"COL11A2" 8 2 0 0 0 0 0 0 0 0 0 0
"Q5e9F8" 0 0 0 0 12 0 0 0 0 0 0 0
"C5" 0 0 0 0 0 0 0 0 0 0 2 0
"PCMTD1" 0 0 0 0 1 0 0 0 0 0 0 0
"RAB5A" 0 0 0 0 0 1 0 0 0 0 0 0
"FeM1C" 0 0 0 0 2 0 0 0 0 0 0 0
"VPS28" 0 3 0 0 0 0 0 0 0 0 0 0
"SLC25A5" 0 0 0 0 3 0 0 0 0 0 0 0
"CRYZL1" 0 0 0 0 0 4 0 0 0 0 0 0
"eXOC3" 0 0 0 0 0 0 0 0 0 0 4 0
"GNAT1" 3 0 0 0 0 0 0 0 0 0 0 0
"RPS4" 0 0 0 0 5 0 0 0 0 0 0 0
"TMeM134" 0 0 0 0 1 0 0 0 0 0 0 0
"NPB" 0 0 0 0 0 0 0 0 0 0 1 0
"RASA1" 0 0 0 0 0 0 0 0 0 0 3 0
"CUeDC2" 0 0 0 0 1 0 0 0 0 0 0 0
"RIBC1" 0 0 0 0 6 0 0 0 0 0 0 0
"RNPC3" 0 0 0 0 0 0 0 1 0 0 0 0
"TKTL2" 0 0 0 0 0 1 0 0 0 0 0 0
"RPL18A" 0 0 0 0 1 0 0 0 0 0 0 0
"UBe2D2" 0 0 0 0 0 0 0 0 0 0 0 0
"PRXL2B" 1 0 0 0 0 0 0 0 0 0 0 0
"CIMAP1C" 0 0 0 0 1 0 0 0 0 0 0 0
"IMP3" 0 0 0 0 0 1 0 0 0 0 0 0
"B2M" 2 0 0 0 0 0 0 0 1 1 1 0
"RPS3A" 0 0 9 0 0 0 0 0 0 0 0 0
"IDe" 0 0 0 0 0 5 0 0 0 0 0 0
"GNPTG" 0 0 0 0 0 0 0 0 0 0 3 0
"CFAP95" 1 0 0 0 1 0 0 0 0 0 0 0
"SNX11" 0 0 0 1 0 0 0 0 0 0 0 0
"ACP3" 0 0 0 0 3 0 0 0 0 0 0 0
"IGF1" 0 1 0 0 0 0 0 0 0 0 0 0
"SCARB1" 0 0 0 1 0 0 0 0 0 0 0 0
"GOT2" 0 0 0 0 2 0 0 0 0 0 0 0
"TPPP" 0 0 0 0 0 0 0 0 0 0 1 0
"ACAN" 0 0 0 0 0 0 0 0 2 0 0 0
"SAMD5" 0 0 0 0 0 0 0 0 0 0 2 0
"H3CL" 0 0 0 0 9 0 0 0 0 0 0 0
"RAB15" 0 0 0 0 0 5 0 0 0 0 0 0
"FND11" 0 0 0 0 2 0 0 0 0 0 0 0
"OXR1" 0 0 0 0 0 0 0 0 0 0 3 0
"PPP2CA" 0 0 0 0 1 0 0 0 0 0 0 0
"MDH2" 0 0 0 0 2 0 0 0 0 0 0 0
"SORD" 2 0 4 0 0 0 0 0 0 0 0 0
"eeF1B" 1 0 0 0 0 0 0 0 0 0 0 0
"BL3" 0 0 1 0 0 0 0 0 0 0 0 0
"MIA3" 0 0 0 0 0 0 0 0 2 0 0 0
"KLC3" 1 0 0 0 0 0 0 0 0 0 0 0
"RPS9" 0 0 0 0 3 0 0 0 0 0 0 0
"MRTO4" 2 0 0 0 0 0 0 0 0 0 0 0
"BTBD19" 0 0 0 0 1 0 0 0 0 0 0 0
"FAM124B" 0 0 0 0 0 0 0 0 0 0 2 0
"TNS4" 0 0 0 0 0 0 0 0 0 1 0 0
"CA141" 4 0 0 0 0 0 0 0 0 0 0 0
"RPL11" 0 0 0 0 1 0 0 0 0 0 0 0
"STK38" 0 0 0 0 0 0 0 0 0 0 1 0
"BTBD16" 0 0 3 0 0 0 0 0 0 0 0 0
"VWF" 0 1 0 0 0 0 0 0 0 0 3 0
"CTSB" 0 0 1 0 0 0 0 0 0 0 0 0
"RABeP2" 0 3 0 0 0 0 0 0 0 0 0 0
"QPCT" 2 0 0 0 0 0 0 0 0 0 0 0
"H2AZ1" 0 0 0 0 0 3 0 0 0 0 0 0
"DNTTIP1" 0 0 0 0 0 0 0 0 0 0 1 0
"AMDHD1" 0 0 0 0 0 0 1 0 0 0 0 0
"PSMA3" 2 0 0 0 0 0 0 0 0 0 0 0
"OCC1" 0 0 0 0 1 0 0 0 0 0 0 0
"TIMM10B" 0 0 0 0 0 0 0 0 0 0 0 0
"ACO2" 0 0 0 0 0 0 0 0 0 0 3 0
"SLC25A6" 0 0 0 0 3 0 0 0 0 0 0 0
"GTF2B" 0 0 0 0 0 0 0 0 0 0 0 0
"RUNDC3A" 0 0 0 0 0 2 0 0 0 0 0 0
"SLC25A4" 0 0 0 0 3 0 0 0 0 0 0 0
"TGM2" 0 0 0 0 0 0 0 0 0 0 12 0
"JAKMIP1" 0 0 0 0 0 0 0 0 0 0 0 0
"LYPLA1" 0 0 0 0 1 0 0 0 0 0 0 0
"A5PK26" 0 0 0 0 0 0 0 0 0 0 2 0
"PKP3" 0 0 0 0 7 0 0 0 0 0 0 0
"eNTPD1" 0 0 0 0 0 0 0 0 0 0 0 0
"MAPK1" 1 0 0 0 0 0 0 0 0 0 0 0
"NMI" 3 0 0 0 0 0 0 0 0 0 2 0
"eTV1" 0 0 0 0 0 3 0 0 0 0 0 0
"K2CA" 0 0 0 0 0 6 0 0 0 0 0 0
"FANCD2OS" 0 0 0 0 0 0 0 0 0 0 5 0
"ST6GAL2" 0 0 0 0 0 0 0 0 0 0 0 0
"CALM" 0 0 0 0 0 0 0 0 0 0 0 0
"TRPC4" 0 0 0 0 0 0 0 0 0 0 0 0
"ARPC1A" 0 0 0 0 0 0 0 0 0 0 0 0
"KRT14" 0 0 0 0 0 0 0 0 0 0 0 0
"H1-1" 0 0 0 0 0 0 0 0 0 0 0 0
"CALD1" 0 0 0 0 0 0 0 0 0 0 0 0
"LASP1" 0 0 0 0 0 0 0 0 0 0 0 0
"RPLP2" 0 0 0 0 0 0 0 0 0 0 0 0
"IBPS" 0 0 0 0 0 0 0 0 0 0 0 0
"ARPC3" 0 0 0 0 0 0 0 0 0 0 0 0
"FRZB" 0 0 0 0 0 0 0 0 0 0 0 0
"YBX1" 0 0 0 0 0 0 0 0 0 0 0 0
"MCTS1" 0 0 0 0 0 0 0 0 0 0 0 0
"RGS10" 0 0 0 0 0 0 0 0 0 0 0 0
"TAGLN" 0 0 0 0 0 0 0 0 0 0 0 0
"PIN1" 0 0 0 0 0 0 0 0 0 0 0 0
"eIF2S2" 0 0 0 0 0 0 0 0 0 0 0 0
"LTA4H" 0 0 0 0 0 0 0 0 0 0 0 0
"WARS1" 0 0 0 0 0 0 0 0 0 0 0 0
"DNAJB1" 0 0 0 0 0 0 0 0 0 0 0 0
"STIP1" 0 0 0 0 0 0 0 0 0 0 0 0
