"logFC" "AveExpr" "t" "P.Value" "adj.P.Val" "B"
"P13645" 6.18050421593061 3.13597377247352 17.9005530825329 2.41634743058737e-23 9.39959150498485e-21 41.3711085286015
"KRT1" 6.91585477999352 3.40895010581031 16.9606426292231 2.44733360095282e-22 4.76006385385324e-20 39.3109753325299
"P63261" 4.38987514829062 2.61637983050475 15.982424158237 3.00725210249075e-21 2.92455266967225e-19 37.0537554858724
"P60709" 4.38987514829062 2.61637983050475 15.982424158237 3.00725210249075e-21 2.92455266967225e-19 37.0537554858724
"KRT9" 5.69528060190768 2.91951637462526 15.7958615890063 4.91062010075458e-21 3.82046243838706e-19 36.6096525287962
"P02768" 5.87717331873826 3.38571285078241 14.4343379910716 1.98628131135133e-19 1.28777238352611e-17 33.2307943260276
"TLN1" 4.94712498896873 2.87545084798534 11.9223020143698 3.32177081440837e-16 1.84595549543551e-14 26.3245496144781
"KRT2" 6.06480684579876 3.01917522849957 9.04423309283833 4.36341767613243e-12 2.12171184501939e-10 17.3169516916555
"eeF1A1P5" 3.84451263652742 1.9684402153512 8.85469119229051 8.4263995985901e-12 3.64207715983506e-10 16.68650677898
"KRT14" 5.14084899479375 2.59721950884683 8.36476286500366 4.69033760199203e-11 1.8245413271749e-09 15.0397135672214
"P68104" 3.84451263652742 1.89863603467514 7.97261877384645 1.88003606382265e-10 6.64849117115464e-09 13.7058922856909
"P13647" 5.36050940975711 2.60010411438863 7.50976154909909 9.80552123830489e-10 3.1786231347505e-08 12.1173975076465
"KRT16" 5.02049855186576 2.4557089568436 7.26574766176737 2.35196188599556e-09 7.03779364347902e-08 11.275438156519
"P19823" 2.96621116409769 1.84784059236717 6.88026298288176 9.40039759559265e-09 2.61196761763253e-07 9.94171441144953
"PKM" 2.82869544079405 1.51734925952507 6.80267525477707 1.2426722123643e-08 3.22266327073143e-07 9.67303241917446
"Q04695" 4.22379026395526 2.13005613425584 6.06686690256987 1.74468566016094e-07 4.24176701126628e-06 7.13077486029491
"KRT13" 3.26776435693408 1.66250528245446 5.96360125873569 2.52318159158366e-07 5.77363317132968e-06 6.77606024109916
"KRT6A" 5.02458397862834 2.57447632704768 5.74460573925873 5.50302204727073e-07 1.18926420910462e-05 6.02679638650914
"KRT3" 3.48314304064891 1.68289539879105 5.59492359034243 9.35349147547645e-07 1.91500430734755e-05 5.51751013717865
"HBA1" 3.1231149318475 1.82643888532008 5.41211559332722 1.78179616767524e-06 3.44130513693237e-05 4.89931556132274
"KRT79" -4.26609868146076 2.46167221409469 -5.40022979831496 1.85777398137737e-06 3.44130513693237e-05 4.85928353933722
"VTN" 1.97395140132127 1.40921416454494 5.31820787408218 2.47691882583006e-06 4.37964283294498e-05 4.5836143889234
"P02788" 2.3581084420033 1.35017089856469 5.13011808863097 4.77252619778374e-06 8.07179430842555e-05 3.95564805685996
"P07996" 3.37754331584568 2.00970292703318 5.07782798067947 5.7213190129918e-06 9.27330456689088e-05 3.78220100408408
"eHD3" 1.6573722320204 1.05773225180497 5.03017709117731 6.74649954017865e-06 0.00010497553284518 3.62460408998154
"KRT6C" 5.0029485721326 2.32059859033938 4.95376547257017 8.77998279993884e-06 0.000128019498150985 3.37284680725151
"KRT71" -3.43522142217602 2.1048396744389 -4.95028742019867 8.88567210816605e-06 0.000128019498150985 3.36141653732635
"LYSM" -2.13454072466813 1.09459348779693 -4.8322272221154 1.33191614596263e-05 0.000183921226976624 2.97499613992799
"P08727" 3.58904410947162 1.416951926209 4.82373106540239 1.37113511113678e-05 0.000183921226976624 2.94730901057539
"SYNCRIP" 2.28963328184554 1.12831937205131 4.71118630420521 2.01095479728493e-05 0.000260753805381279 2.58217473196121
"KRT8" 3.39902097019566 1.48481870418941 4.59711854228781 2.95609505050367e-05 0.000370942249885784 2.215345926298
"H2BC18" 1.79921517221673 0.923136078527918 4.57794570038261 3.15290269465681e-05 0.000383274733819219 2.15402632259559
"APOA4" -3.61209233002321 2.32307816207925 -4.53187826855118 3.67967062448835e-05 0.000433755113007869 2.0071037518852
"KRT6B" 5.02194098851811 2.38420675803211 4.49584483513277 4.15080336523668e-05 0.000474900737963844 1.89259729193469
"C4A" 2.54060259539793 1.81106546131638 4.46608591750669 4.58390677112144e-05 0.000509468495418926 1.79831060738783
"P61224" 1.383625762679 1.06500774225224 4.42871590021178 5.19064833954699e-05 0.000560878390023271 1.68027640346448
"P09429" 2.7150262876713 1.26815882585194 4.38056060448086 6.08905561136007e-05 0.000640173684545694 1.52879307024264
"P62826" 1.34592686074237 0.922613212676283 4.34597166022669 6.82617869194634e-05 0.000698533284303478 1.4204241908895
"F10" -2.52657047343323 1.80970480432474 -4.33820446247033 7.00328999687292e-05 0.000698533284303478 1.39614044913549
"LIMS1" 1.24213204747836 0.815161218650176 4.30273420375605 7.87064291974497e-05 0.000765420023945198 1.28548708323893
"P62979" 1.55004118674828 0.826696115854738 4.22111556225718 0.000102824012898447 0.000974873995202966 1.03241591133949
"Q5XKe5" 2.86020451064743 1.49693522987368 4.21394797158429 0.000105256318248135 0.000974873995202966 1.01029709682065
"KRT222" -2.26830549645253 0.969104467853743 -4.18461549162737 0.000115805916291652 0.00104763956831285 0.919959744937609
"O95678" 3.7207251825822 1.53894183147187 4.14781177459663 0.00013050235110258 0.00115375942224781 0.807030014153514
"P68366" 1.82532643050455 1.95366699123422 4.11626597814659 0.000144526683189909 0.00124935288357499 0.710610008307161
"TUBB1" 1.49201396261298 1.42581639624191 4.10292104443918 0.000150889883899244 0.00127600358340882 0.669927121821666
"P35900" 1.44355093631834 1.05611255282155 4.07253583877778 0.000166407937013585 0.00137729122336776 0.57753413949572
"Q14CN4" 2.53473593016004 1.17514041604347 4.04882106846053 0.000179583005327433 0.00142640346212191 0.505656857682983
"FN1" -3.59085767738178 3.71655401057699 -4.04866061222156 0.000179675500370112 0.00142640346212191 0.505171231135251
"HP" -3.6260456277262 0.825622886483792 -4.00516815243535 0.000206523197484333 0.00160675047642811 0.373891430793014
"Q7RTS7" 2.78020137634297 1.27703309365531 3.96355985376122 0.000235815606730634 0.00179867198074934 0.248964317093391
"LUM" -2.13585016279924 3.21823144904628 -3.91285450842701 0.000276964557491653 0.00206574285960675 0.0976235782303316
"P04406" 2.01444032956716 1.55420244363732 3.90777347293638 0.000281450826630226 0.00206574285960675 0.08251353719871
"UBB" 1.34983225561873 0.754972106198902 3.86325108881579 0.000323877869043717 0.00229069983741829 -0.0494490658646614
"P0CG48" 1.34983225561873 0.754972106198902 3.86325108881579 0.000323877869043717 0.00229069983741829 -0.0494490658646614
"P26583" 2.3654295868026 1.24120552866906 3.77788195615056 0.000423096773880951 0.00293901151856589 -0.300229282930159
"Q86Y46" 2.78020137634297 1.1857206287167 3.72320626297989 0.000501367678894612 0.00342161451035095 -0.459244321793838
"DSP" 3.06735061176268 1.47603450015398 3.71707885130808 0.000510960192664576 0.00342695715425035 -0.476985216682984
"H2A1" -2.32136603960849 1.14609188733564 -3.65409650481053 0.000620333615117866 0.00389284971663634 -0.658391674996651
"H2AJ" -2.32136603960849 1.14609188733564 -3.65409650481053 0.000620333615117866 0.00389284971663634 -0.658391674996651
"H2AC20" -2.32136603960849 1.14609188733564 -3.65409650481053 0.000620333615117866 0.00389284971663634 -0.658391674996651
"QSOX1" 1.0992824562745 0.978259002730328 3.65403314149253 0.000620454196481884 0.00389284971663634 -0.658573299169022
"APOH" -1.69817359539948 3.65061751575342 -3.59869159138838 0.000734802588105449 0.00453711439322254 -0.816516686935144
"H4C1" 1.59900624108718 1.01386474095244 3.5628760569544 0.00081927279922884 0.00497964248281279 -0.917991559865347
"KRT77" 2.81867371167372 1.25641552382787 3.46140403562076 0.00111191952570909 0.00665441070001286 -1.20223305213588
"P01024" 2.26559937835043 2.31548225916967 3.44315823090059 0.00117415346044737 0.006920389335061 -1.25282085548453
"TPI1" -1.69174753599396 1.21743964433329 -3.43691120901051 0.00119621289235286 0.00692818723043392 -1.27010395100597
"Q02413" 2.26241874729602 1.12524440089699 3.43275781080155 0.00121109699657971 0.00692818723043392 -1.2815842482606
"MDH1B" -3.08658665657747 1.38426449232822 -3.39224182042722 0.00136583162763184 0.00770012323404038 -1.39312822504506
"P62987" 1.34983225561873 0.778036181657141 3.3866839516767 0.00138846874154159 0.00771591914942398 -1.40836608044833
"SeRPINF1" -1.14679289352976 4.44950328492584 -3.3504425376752 0.00154504992037476 0.00846513266233498 -1.50734863764138
"C9" -2.70635827052754 2.64589591784853 -3.32049455765195 0.00168693788484955 0.0091141505167566 -1.58864104885473
"Q8N1N4" 2.29193902053071 1.04438723187023 3.28873004799889 0.00185088142611737 0.00986291609259803 -1.67436176264797
"RBP4" -2.73494398952364 1.86564983922821 -3.28239268180227 0.00188534573612634 0.00991080393720466 -1.69140150399664
"KRT76" 2.84772398944927 1.62000062950684 3.20430005377357 0.00236300748401121 0.0121994679312137 -1.89964238213342
"ANXA2" 1.58617706691597 1.17048389688045 3.20130264267016 0.00238344360609831 0.0121994679312137 -1.90757063777841
"FHL1" 1.20377903968043 0.837231346343477 3.19119861572848 0.00245356660006486 0.0123952910055225 -1.93426053155823
"P01023" 2.80503154310003 2.44612252397125 3.1862360872969 0.00248871489786343 0.0124116678880625 -1.94734894528539
"APOC3" -2.31508783251108 1.26793116509266 -3.16712206873605 0.00262857699935006 0.012943246237306 -1.9976365694044
"P68032" 2.19325662407028 2.03404680916652 3.15768034371877 0.0027003646255772 0.0131305229918691 -2.02240375250789
"GARIN1B" -1.61357477158777 1.00494114708315 -3.12528272163501 0.00296096793532401 0.0142199571214943 -2.10701647333769
"IQGAP1" 2.02947189890935 0.948345697714533 3.08256262010716 0.00334084254177431 0.0158486310823196 -2.21769934263308
"PRDX6" -1.75327136504807 0.949518417498619 -3.02582429660676 0.00391631647278857 0.0183547844327079 -2.36311244350659
"APCS" -2.02030951096818 0.844120548981667 -2.95954426263875 0.00470565154352034 0.0217916482193978 -2.53063595065884
"GSN" -1.11045353279761 4.70798588107988 -2.89421730708809 0.00562677597120712 0.0257507747388185 -2.6932224162689
"P14923" 2.12258023807537 1.10005277187694 2.81550906209863 0.00695847085275342 0.0314749437409428 -2.88569514702596
"OMD" -1.23550938330644 0.719840954152191 -2.79245981358454 0.00740045554290409 0.0330893931745942 -2.94133893510347
"FABP1" -1.53893765180302 0.723699590153096 -2.78789066403268 0.00749109646263677 0.0331140514087012 -2.95233018984129
"KRT73" -2.10731130808627 2.38587391724535 -2.77508343963007 0.00775065491723289 0.0338764580090292 -2.98306890312072
"SeRPINB3" 1.85429314699033 0.93675025011604 2.77073417771539 0.00784067112203439 0.0338891229607931 -2.99348422898736
"YWHAZ" -1.5803023027482 1.68859588819734 -2.76246636746639 0.00801445449506812 0.0339449059461608 -3.01325067289528
"SeRPINA1" -1.04538580206172 6.35969402538638 -2.75996432159609 0.00806774181472886 0.0339449059461608 -3.01922401485278
"SeRPINA7" -1.78010307263726 3.67551016269991 -2.75774117990581 0.00811536311823381 0.0339449059461608 -3.02452819603649
"AMBP" -1.34107775356403 3.38053727812444 -2.7420483840861 0.00845895553929295 0.0343951511726291 -3.06188076789905
"P0DMV8" 1.66327365676924 1.01534727561345 2.73915102819522 0.0085238401025586 0.0343951511726291 -3.06876011369839
"P0DMV9" 1.66327365676924 1.01534727561345 2.73915102819522 0.0085238401025586 0.0343951511726291 -3.06876011369839
"CKM" -1.61776411169279 1.35290143801116 -2.73680635378668 0.00857668294021856 0.0343951511726291 -3.07432329943238
"CFL1" -1.30925859434451 1.04426362624368 -2.72701556602961 0.00880061782207731 0.0349330646202864 -3.09751604947141
"AGT" -1.29272257857318 5.18031301631619 -2.68873913578209 0.00972868065647027 0.0382268361148175 -3.18759868543136
"ADIPOQ" -1.23048296437917 2.9311360628011 -2.68197347762414 0.00990178238127493 0.0385179334631595 -3.20342354110329
"HSPA1L" -2.13281446943114 1.4491341242286 -2.63845921696704 0.0110843430082147 0.0426911824771834 -3.30449325409995
"OGN" -1.31908468282444 0.995878796308399 -2.63253297444217 0.0112550392325498 0.0429236300143321 -3.31816236298495
"LYZ" 1.04932322965951 0.816234948298071 2.54906706006556 0.0139283682027399 0.0526032546686003 -3.50820935953489
"CATHL1" -1.13070387167785 0.722043678629876 -2.54225169568534 0.0141703556888574 0.0530025804131303 -3.52352176945317
"KRT78" -1.98926532839167 1.30137014592659 -2.51188609833722 0.0152956269159472 0.056666655907652 -3.59136334180739
"TUBA1B" 1.33867678632041 1.83936878995559 2.46975492026633 0.0169911925091656 0.0618513698709122 -3.68444853072395
"TRAP1" -1.43837535993853 0.747289114942391 -2.4692358790924 0.0170131017382715 0.0618513698709122 -3.68558769548784
"FGA" -1.58027255819594 3.23023216956481 -2.45958707593645 0.0174250638398529 0.0627624984602108 -3.70673048061379
"CAPNS1" -1.11525841553521 0.858051979934831 -2.45578005452806 0.0175900711237986 0.0627755749280518 -3.71505482477921
"FGB" -1.94467748278897 2.98846075906545 -2.44727181780215 0.0179639537544865 0.0628069516627038 -3.73362239127057
"ORM1" -1.21268191508545 3.90623180911046 -2.44365856043227 0.0181248915441802 0.0628069516627038 -3.74149240436128
"ACTB" -0.717250096184524 4.64889836020568 -2.44098761281629 0.0182446928994487 0.0628069516627038 -3.74730413875276
"ACTG1" -0.717250096184524 4.64889836020568 -2.44098761281629 0.0182446928994487 0.0628069516627038 -3.74730413875276
"SeRPINA3-2" -1.78310080813732 4.76093658631639 -2.42172115126471 0.0191302285711149 0.0652777097733658 -3.78907875326089
"APOA1" -1.1159758157213 5.73016030923517 -2.392430490222 0.0205507693067034 0.0695152109591968 -3.85208983155608
"PeBP1" -1.16518622640168 0.80566044467276 -2.35827175477835 0.0223265683685502 0.0748709922014314 -3.92480743482428
"KRT84" 1.75176321229048 0.773961847807489 2.34178542595321 0.0232318525331867 0.0771304114761659 -3.95960646899632
"DSG1" -1.39464058221994 1.10922966829358 -2.33646526056015 0.0235309193811218 0.0771304114761659 -3.97079464618837
"ARF1" -0.996501179842035 0.8029556509391 -2.33533028496906 0.0235951644361536 0.0771304114761659 -3.97317884375534
"SeRPINB12" 0.957777915777798 0.756539404534591 2.32345357185129 0.024276906744767 0.0786976393642863 -3.99807224448552
"C1S" -1.09986226067703 0.797910518051992 -2.30204059222563 0.025550608408537 0.082142038602652 -4.04269652424952
"A1BG" -0.820210485390332 4.21514638674972 -2.28985983441906 0.0263014337531145 0.0835032285381584 -4.06793286809904
"CSN1S1" -1.48797247874853 1.13340790595161 -2.28823061720006 0.0264033344735051 0.0835032285381584 -4.07130014149817
"RAC1" -1.20048715730186 0.753457032582295 -2.22634703292119 0.0305433130164445 0.095817328737072 -4.19776386608192
"KRT15" 2.07870828877978 1.05196784790562 2.22226878792819 0.0308353172410469 0.0959595072541379 -4.20599906868802
"KRT20" -1.48824260918696 1.26862606673491 -2.19924490247685 0.032530603218966 0.100431782953792 -4.2522597403956
"APOD" -1.14690122994515 2.03025949694095 -2.17877705362671 0.0341062014735561 0.104467026560735 -4.29305308768221
"ARF3" -0.996501179842035 0.811710042282273 -2.1650098306876 0.0352034368132177 0.106985444690169 -4.32031531659088
"RGN" -1.04779499804687 1.09112540622662 -2.15259420376568 0.0362194464237061 0.109219881076137 -4.34477886818179
"FGG" -1.99086646188053 1.93986478329212 -2.13358274327601 0.0378251209851108 0.113184400486216 -4.38201324419305
"SeRPINA5" -1.04186873210041 4.45273357818194 -2.11532767990757 0.0394252762671771 0.117072003571999 -4.41750833577994
"B4GAT1" -0.888089984060597 0.751939136810005 -2.10583024547622 0.0402809600332734 0.118706768582904 -4.43587481148815
"COMP" -1.6896045146949 2.11594427770156 -2.0964600003652 0.0411410410713595 0.12032981185533 -4.45392782956866
"MYH9" 1.29057512528236 2.01663136304521 2.04644260159879 0.0460082444376361 0.133261674795409 -4.54915236124859
"APOA2" -1.15573648904235 2.08057150987048 -2.04410341249031 0.046247624928998 0.133261674795409 -4.55355850423215
"CRYZ" -1.49278527933042 0.885192587043593 -2.01958603277473 0.0488222960364203 0.138610671136202 -4.59948416128247
"KRT4" 0.987945463831245 0.990790724299546 2.01756388422708 0.0490400819032652 0.138610671136202 -4.60325112991502
"THBS1" -1.04095159953828 3.8930104496408 -2.01633412769867 0.0491729373182412 0.138610671136202 -4.60554042688962
"CSN2" -1.25848058837812 0.834847588435451 -2.01043660464877 0.0498144024938886 0.139408651583616 -4.61650275541381
"PROC" -1.39404581385614 1.6725020153346 -1.99760191061284 0.0512354404711723 0.142361331023472 -4.64026586891881
"CRYZL1" -1.70011117872912 0.862178149099808 -1.99401485454115 0.0516387929743303 0.142464471397266 -4.64688412999558
"KRT35" -1.84517723619062 1.15178337413476 -1.98018123397814 0.0532200743907011 0.145470929214186 -4.67231304384853
"P05109" 1.01703321550475 0.857391557633852 1.97797171536385 0.053476459839662 0.145470929214186 -4.67636062693023
"CFD" -1.06714094782604 1.78210932271283 -1.94815593983313 0.0570414217854217 0.154091063017563 -4.73060263328158
"KRT7" -1.27064898825363 3.17526847580436 -1.94418158273172 0.0575316762586956 0.154343600445742 -4.73777975556196
"TUBB" 1.25290556771821 1.55550919138058 1.92834303281574 0.0595214386688703 0.156918952752864 -4.76625716336095
"GFAP" -1.45154083055931 1.17734737471369 -1.92763838066481 0.0596113129732353 0.156918952752864 -4.76751947257198
"APOe" -1.0723768653517 3.52932592597854 -1.9269297445132 0.0597018123584161 0.156918952752864 -4.76878851936844
"H1-2" -1.33469800581993 1.09669133478812 -1.91012132410969 0.0618830731645217 0.159709950739483 -4.79877197623176
"C7" -1.4668763120734 3.25915321358906 -1.90934111614245 0.0619859517141727 0.159709950739483 -4.80015825175213
"P68371" 1.12647806942752 1.62509992330438 1.90926967439503 0.0619953793358918 0.159709950739483 -4.80028516527068
"KNG1" -0.90889688387283 4.61740896634327 -1.89646311464859 0.063705227190668 0.162252817482628 -4.82296942164633
"H1-3" -1.33469800581993 1.12736348218594 -1.89563869015885 0.0638166608607765 0.162252817482628 -4.82442521548688
"CORO1A" -0.788712714158067 0.712513251951128 -1.84100195432557 0.0715802802623764 0.180809928714704 -4.91968223076022
"HSPA8" -1.55122097365713 2.20683238143488 -1.81170423853149 0.0760622044154828 0.189592206994754 -4.96976347728521
"SeRPINF2" -0.928687924806549 4.39142943819755 -1.80761509282614 0.0767061333714996 0.189592206994754 -4.97669764560639
"LBP" -1.45795288286455 1.87657596517871 -1.80706438846594 0.0767932031468919 0.189592206994754 -4.97763045587732
"HBBF" -0.661318862833891 5.11778033064974 -1.80571687575294 0.0770066033551959 0.189592206994754 -4.97991189139105
"FLNA" 1.10193968548383 1.94622889739667 1.79085987601022 0.0793926272779335 0.194237308246013 -5.00496708318614
"CLU" -1.16347752560988 3.15427172728283 -1.76879592729573 0.0830501297499501 0.201915627954566 -5.04184109957911
"C4" -0.750328231401909 4.65920312784159 -1.76256856147851 0.0841075290906381 0.203216328051293 -5.05217577608069
"SeRPINA6" -1.57626073929209 1.96343800635878 -1.75181270375548 0.0859602939071371 0.206410829196767 -5.06995015280181
"COL6A1" 0.56755125431368 1.0531367631725 1.73173208002801 0.0895102304874867 0.213616439629646 -5.10287705325283
"eZR" -1.31699633515266 1.35680174757089 -1.72703474732721 0.090357972579865 0.21432470325346 -5.11053101898876
"CAP1" -1.61551361877268 1.40666138507366 -1.71616153617227 0.0923458476266039 0.217712331677266 -5.128177534067
"HSPA2" -1.33117277566396 0.839082397910449 -1.71218455914828 0.0930819117000327 0.218125684646462 -5.13460724773355
"H2AZ2" -1.0679132874948 0.75206805292264 -1.70756913033116 0.0939422161341504 0.218717501302734 -5.14205258560697
"ATIC" -0.806247086008915 0.705165706461896 -1.70401933948006 0.0946083485958627 0.218717501302734 -5.14776676918452
"GSTA1" -1.13773153459609 1.25008334825289 -1.70182946993782 0.0950212280723959 0.218717501302734 -5.15128659094899
"POTee" 0.933109933310202 1.39968024410531 1.66365327698388 0.102460958034398 0.234454780443418 -5.21200064929033
"P06396" 1.2772985042673 2.02434651694114 1.63419604503531 0.108522390092581 0.246872571614116 -5.25800754168014
"SeRPINA3-4" -1.63512566419553 4.36803406739786 -1.62545246018922 0.110376820687525 0.249631297950275 -5.271521755417
"ITIH4" -0.729978727824756 5.57714384362311 -1.62109699428197 0.111310151158871 0.250286987287866 -5.27822935727585
"P07900" 1.00655697860733 1.43066996680378 1.61300523612539 0.113061160503015 0.251559270538371 -5.29064810072935
"SeRPINA3-7" -0.906831257818185 4.07790237558185 -1.61250867525241 0.113169337645797 0.251559270538371 -5.2914083742071
"H2AZ1" -1.0679132874948 0.791597280724162 -1.59774767994664 0.116423609247639 0.256551258969143 -5.31391244103081
"H4" -1.07561863739846 1.62809441033654 -1.59635677592494 0.116734120404983 0.256551258969143 -5.31602335831664
"P02771" 0.780591805289424 1.3284525812195 1.57547436485778 0.121477024989804 0.265475071466481 -5.34751642438943
"HSPA5" -0.885073545898681 0.931138588922949 -1.56399829804862 0.124148920222355 0.26979849143294 -5.36466418094244
"FBLN1" 0.829851521489105 1.37059447289955 1.55804240970094 0.125554098292225 0.271336356864863 -5.37351888929653
"KRT28" -1.69449221825201 1.28856412177471 -1.54739677608144 0.128097516586007 0.275303502496998 -5.38926969788606
"HRG" -1.05974300718077 1.92868671409551 -1.54225730952761 0.129340108768672 0.276446715994578 -5.3968387923655
"P08238" 1.00375672199003 1.23310560991947 1.52979153978314 0.132394093326384 0.281427881442423 -5.41510268388577
"TTR" -0.770155910831309 3.64932677107665 -1.51849541422346 0.135210974002106 0.285853635254452 -5.43153657845804
"P08729" 0.899605489073176 0.884330985275087 1.511393435514 0.137006264416026 0.288083442474779 -5.44181198671646
"eNO3" -1.33117277566396 0.933274938181608 -1.50705783946895 0.138111528763685 0.288770378045243 -5.44806332779958
"CCN2" 0.947205151437721 0.848101510689783 1.50430240833189 0.138817636746685 0.288770378045243 -5.4520277826087
"BLVRB" -0.912152788279867 1.38693584183561 -1.4971366847064 0.140667342698789 0.291061682499091 -5.46230670608871
"P63000" 0.680885501055827 0.746602443699595 1.44248246628413 0.155424552294968 0.319894978003929 -5.53922846149793
"TUBA8" -1.06702641675477 0.761675413084207 -1.42239933050442 0.161142041607052 0.329917127290227 -5.56683447085696
"TBA1B" -1.23547796824764 2.90659736747237 -1.41928270970801 0.16204380742089 0.330026393124221 -5.5710866205542
"YWHAB" -0.740354431211971 0.834450549216714 -1.37033891872529 0.176725040508378 0.358052295613328 -5.63673352483222
"C4B" 1.30995283277455 0.825451840140098 1.36386298777061 0.178741795625057 0.358575518719558 -5.64525990456256
"F11" -0.727147708673058 0.873681843585717 -1.36359105745024 0.178826865376849 0.358575518719558 -5.64561711657064
"SeRPINA3-8" -1.15987293747208 2.79758284602325 -1.34404286822738 0.185023875614957 0.369098910842145 -5.67112284278633
"CHIA" -1.20434415490703 2.4685420252052 -1.33336658274977 0.188476809676449 0.374068770225198 -5.68490845319918
"KRT80" -1.03954890210256 1.43445392804139 -1.329817490673 0.18963544184669 0.374457801413006 -5.68946853688338
"AHSG" -0.421044737468875 6.33992813471078 -1.31721355864535 0.193793821256779 0.38073634580246 -5.70557141081974
"VCL" 1.16622892007266 1.09331505663949 1.31064632334714 0.195987687168121 0.383111609589945 -5.71390516403279
"APOB" 1.07078287378116 1.74147644688934 1.30549451919956 0.197721795648906 0.384568892537122 -5.72041557591951
"P01008" 0.903148837643349 1.71175059502475 1.29758731848636 0.200405840467042 0.387850109162585 -5.73036149859804
"SeRPINA3-6" -1.66956526767147 3.86773204855871 -1.28864299648641 0.203474854835853 0.391548468410465 -5.74154395465032
"CL43" -0.705684794144422 1.01997150344783 -1.28616904538273 0.204329920532968 0.391548468410465 -5.74462420621769
"KRT81" -1.24810320941997 0.813650693129048 -1.2826182176254 0.205561887302607 0.391978304709383 -5.74903558121471
"PZP" 1.23586529622618 1.74957636782378 1.26567165546955 0.211518204068571 0.401368689671581 -5.76993200350596
"P26038" 0.727028661497006 1.29594388763761 1.24579639141958 0.218666559534268 0.41291889154772 -5.79410793764946
"POSTN" 0.903148837643349 1.03572541643493 1.24088250532565 0.220461156051162 0.414296568617884 -5.80002976053405
"HABP2" -0.659787828433575 1.22761421618688 -1.23730676708829 0.221773874008856 0.414759793218486 -5.80432514215773
"IGFBP6" -0.635361637239654 0.737406371623844 -1.23064819724909 0.224233713041771 0.416375182885854 -5.81229276747851
"SPP2" -0.835876055027205 1.00746553062325 -1.2291811265876 0.224778376365114 0.416375182885854 -5.81404282860122
"GAPDH" -0.608628565806837 3.11524845379032 -1.22599874464347 0.225963210955644 0.416586204084102 -5.81783233053462
"CLIC1" -0.510330888551755 0.811425802114727 -1.21150384229007 0.231417930673143 0.424630070904965 -5.83497558224549
"AFP" -0.398961810416441 5.71185561573929 -1.20767261188569 0.232875672564112 0.425298763509106 -5.83947474057567
"KRT25" -1.42224101208061 1.02313114472002 -1.20195878255733 0.235062173227779 0.425950208817631 -5.84615976315832
"AZGP1" 0.680885501055827 0.821127098909867 1.20102127801214 0.2354223519172 0.425950208817631 -5.84725376433241
"P00747" 0.903633025882614 1.16782470389664 1.19012768745017 0.239637080315947 0.431568630754182 -5.85990678643913
"IGFBP2" -1.40308564576352 2.49221021613105 -1.17142845533155 0.246999115729495 0.441128625644233 -5.88137234931581
"MST1" -0.730587811286056 1.62360500018283 -1.1685414499151 0.248150147881826 0.441128625644233 -5.88465782607276
"P15311" 0.56755125431368 0.943878802764833 1.16542671249012 0.249396306361829 0.441128625644233 -5.88819386963729
"F2" -0.709410855339307 4.54461174228961 -1.16521422077415 0.249481484940183 0.441128625644233 -5.88843477819403
"KRT5" -0.78223480355178 4.73730482687423 -1.15964507716152 0.251721382210509 0.443075193121666 -5.89473387302378
"P11142" 0.547074257763729 1.4286386572736 1.15343270519739 0.254236993559794 0.444650318006895 -5.90172680069926
"PFN1" -0.974063051463694 1.84309090327684 -1.15179692462518 0.254902367392127 0.444650318006895 -5.90356219406054
"CSN1S2" -0.814840780132985 0.933327611109683 -1.14293836648464 0.258527369757419 0.44555251144002 -5.91345888386594
"HBA" -0.417874333618679 4.58751823349648 -1.1420108888311 0.258909020739271 0.44555251144002 -5.91449086462265
"KRT74" -1.14619952246088 1.00583262753999 -1.14048659370691 0.259537131607048 0.44555251144002 -5.91618518375398
"UBA52" -0.724742193945143 1.32474527356399 -1.13698014940537 0.260986144644564 0.44555251144002 -5.92007460091869
"ANXA5" -0.547830805766011 0.90890180110496 -1.13659306013 0.261146459147364 0.44555251144002 -5.92050327186362
"TUBA1D" -1.28262587250663 1.84952967490154 -1.12755572637742 0.264909258263798 0.449998696352042 -5.93047204645185
"LDHA" -0.931200279674808 1.66580828478678 -1.11142900343447 0.271719102317677 0.459559699137288 -5.94807311716049
"ITIH1" -0.849874578115442 3.87981031137867 -1.08158529189261 0.28464490441461 0.47933709011811 -5.98000885266474
"CALD1" -0.547830805766011 0.74005781239672 -1.07781864799679 0.286306281125467 0.480056652404339 -5.98398068250166
"TUBA4A" -0.912376613170968 3.02607971102588 -1.06137526168527 0.293638028481979 0.490236880169484 -6.00116498223683
"B4GALT1" -0.63612283714781 0.74343284348161 -1.04293686110885 0.30201245875951 0.502063446399356 -6.02013402965934
"TUBB4A" -0.9483866298607 0.896577065405481 -1.02797583277494 0.308926787040421 0.511372426207335 -6.03529192887083
"C3" -0.401178165607422 6.67762398894577 -1.01549426445711 0.314777111899859 0.518848714106123 -6.04777723471849
"PPIA" 0.678760838130867 1.38578062735525 1.00587341002026 0.319337465027435 0.520734874757029 -6.05730117204008
"P04272" 0.91819223610442 1.30785720245291 1.00546475999986 0.319532149461505 0.520734874757029 -6.05770378014325
"HSPA1B" -0.75873209578609 2.44510387229831 -1.00181177882011 0.32127601527426 0.520734874757029 -6.06129577805217
"HSPA1A" -0.75873209578609 2.44510387229831 -1.00181177882011 0.32127601527426 0.520734874757029 -6.06129577805217
"F12AI" -0.642463064897737 4.17877512795676 -0.990659573918817 0.32663942702373 0.526358197818405 -6.072184153553
"AHCY" -0.745751133921323 2.09580206176725 -0.988981478778236 0.327451629491141 0.526358197818405 -6.0738124169512
"C4BPA" -0.692244833857575 1.20731446658283 -0.980445686622783 0.331603868401817 0.530839114437477 -6.08205366891834
"COL2A1" -0.468336462788509 0.758061130802922 -0.97718823038737 0.33319766554289 0.531204474984362 -6.08518061686312
"P63267" 0.762973500204203 0.87805768071294 0.967834191823032 0.337802648437548 0.535058484565047 -6.09410424696508
"ITIH3" -0.740267073850568 4.77000855321383 -0.966695609700668 0.338366033940878 0.535058484565047 -6.09518480123573
"CLeC3B" -0.630994185112057 2.73554187031115 -0.960864815531623 0.341260924519191 0.537451415538321 -6.10069923829834
"RPS4" -0.633103308606667 0.819531956561856 -0.953736966452903 0.344821907792445 0.540869847303472 -6.10739671284595
"KRT27" -1.00511182431116 0.96613086091488 -0.947547915981748 0.347933616827296 0.543558943557502 -6.1131731002474
"TAGLN2" -0.819342218078051 1.83077279292619 -0.933110806928662 0.355263525108132 0.552790045068253 -6.12650663597665
"P36955" 0.490424522994178 0.913183336911223 0.923810521754932 0.360038192357429 0.553019776389025 -6.13499138451425
"SeRPIND1" 0.514314556145386 0.867886758831868 0.923207442186489 0.360349234002634 0.553019776389025 -6.13553874733434
"TUBB2B" -1.01056035815241 0.92920761844114 -0.915197139142373 0.364497065936567 0.553019776389025 -6.14277625194959
"AMY2B" 0.427183877664099 0.923538375654455 0.913742181581363 0.365253747264642 0.553019776389025 -6.144084302296
"P05786" -1.06683113939637 1.65283958906743 -0.91346741896765 0.365396756724593 0.553019776389025 -6.14433109634141
"CATHL4" -0.547830805766011 1.03048592688038 -0.913362301852723 0.365451477993799 0.553019776389025 -6.14442549443114
"COL1A2" -0.641639514618135 1.39275872210061 -0.912484558589684 0.365908614352871 0.553019776389025 -6.14521332242214
"AOCX" 0.780591805289424 0.823072621196081 0.910805081966464 0.366784324700176 0.553019776389025 -6.1467187143443
"P00734" 0.779477931306805 1.13249756310267 0.903062748923433 0.370838709026772 0.55663414447838 -6.1536238507157
"IGF2" -0.547830805766011 0.832300800560946 -0.900772722936689 0.372043387054958 0.55663414447838 -6.15565532630061
"GGH" -0.466676590680012 0.733620435019389 -0.889282777896894 0.378125393428812 0.559431579969772 -6.16577267673531
"P62736" 0.762973500204203 0.819421742950362 0.888197690946201 0.378703009276865 0.559431579969772 -6.16672164168097
"KRT75" -0.638148752810061 3.76148145514914 -0.888136603111325 0.378735544316705 0.559431579969772 -6.16677503281458
"CDH5" -0.586502070442718 1.06888632862755 -0.886391644175251 0.379665648102879 0.559431579969772 -6.16829863597701
"IGKC" 0.692029266374085 0.881565498792972 0.882257091724897 0.381875231428207 0.560564018964425 -6.17189711848023
"BPT2" -0.547830805766011 0.757961507238932 -0.869706469692111 0.388632166355329 0.563506943206954 -6.18272062321514
"TUBB3" -0.919873875191555 1.6240475161786 -0.867382699543651 0.389891407413069 0.563506943206954 -6.18470812184098
"eNO1" -0.710215325158788 3.04866362792199 -0.866367656635358 0.390442256077509 0.563506943206954 -6.18557466043277
"P0CG53" 0.617141689824625 1.11835979345701 0.863318607498101 0.392099857834109 0.563506943206954 -6.18817170566932
"AMY1A" 0.427183877664099 0.931305959676543 0.859796174371624 0.394020279054734 0.563506943206954 -6.19116090180027
"AMY1B" 0.427183877664099 0.931305959676543 0.859796174371624 0.394020279054734 0.563506943206954 -6.19116090180027
"AMY1C" 0.427183877664099 0.931305959676543 0.859796174371624 0.394020279054734 0.563506943206954 -6.19116090180027
"SeRPINA3-1" -1.33896487812419 3.96706252848331 -0.855738648028387 0.396239688089503 0.564605269841819 -6.19458949075287
"CD14" -0.648629461536102 1.00797114158891 -0.852592194238099 0.397966096233869 0.564995662171442 -6.1972373928763
"UBC" 0.617141689824625 1.17848232632556 0.834274977165997 0.408108900226817 0.577288589775388 -6.21246416891648
"ILK" 0.47934216765395 0.777665343783164 0.81447891554929 0.419247228338064 0.590580427296115 -6.22855879231493
"FTL" -0.375481837736779 0.818609137257954 -0.811252252118932 0.421080032951903 0.590580427296115 -6.23114649736388
"IGF2R" -0.602417616839323 1.02689686977619 -0.80953041407964 0.422060048299023 0.590580427296115 -6.23252327790602
"FAP" -0.462272775230635 0.71726928331621 -0.803906073388417 0.42527082933081 0.592940331934356 -6.23700065015602
"S100A9" 0.433497605499514 0.904075742037082 0.798744256761137 0.428230463454673 0.594934465299527 -6.24108306558053
"ACTC1" -0.924679395572275 3.26018247841033 -0.788506930772206 0.434136653243015 0.600993445236771 -6.24910382874598
"VNN1" -0.594124465831079 2.81274626416241 -0.785555572351871 0.435848337551948 0.60122341598478 -6.25139743662362
"P68133" 0.762973500204203 1.28977698708408 0.780577423541858 0.438744557367239 0.603079974614331 -6.25524713230277
"TLN2" 0.455408093419723 1.10544850568922 0.775219123809731 0.441874641525288 0.605243787159638 -6.25936412931739
"KRT31" 0.555474105986949 0.79207591293003 0.769074073283173 0.445480475121027 0.607073268435591 -6.26405155367121
"TUBB4B" -0.753224679697641 2.09910667943565 -0.767628022491521 0.446331503271411 0.607073268435591 -6.26514930442288
"Q32LP2" 0.496573698340858 0.975408792624857 0.76112021057786 0.450173257284366 0.610165146632816 -6.27006466016537
"F9" -0.57311810260994 1.31060263913142 -0.753938464646416 0.454435178916731 0.612037224357661 -6.27544159813555
"CNTN1" -0.462272775230635 0.80892075336057 -0.751721598304758 0.455755469870931 0.612037224357661 -6.27709129623842
"CFB" -0.497635632112849 4.64449267391141 -0.750851065416535 0.456274537438873 0.612037224357661 -6.27773781201026
"YWHAe" -0.458396266267137 0.998097233620771 -0.742338175582287 0.461368485475636 0.615004746853989 -6.28402146161621
"P12259" 0.433497605499514 0.921348733982136 0.741871285392495 0.461648807407107 0.615004746853989 -6.2843640628911
"CPB2" 0.521575527104583 2.51229027992346 0.726839091330957 0.470726384232427 0.624957554492881 -6.29528192776942
"P63104" 0.238169061004911 1.02876247999891 0.710366163625885 0.480789547287938 0.634178707533731 -6.30699497905509
"HPX" -0.369474974022379 4.50017515274439 -0.710133663146233 0.480932438875195 0.634178707533731 -6.30715841633515
"GDI2" -0.382850281100345 0.954614465279186 -0.706549589209299 0.483138173682919 0.634934964738701 -6.30967122609199
"TG" 0.514314556145386 0.984270444492584 0.703381493635205 0.485092607865616 0.635356984712877 -6.31188201898578
"PLG" -0.449734674096067 5.15979702787067 -0.696110052017508 0.489595081018239 0.636198120855443 -6.31691942740644
"TF" 0.223773331129232 6.50277193165561 0.69523207543396 0.490140287843236 0.636198120855443 -6.31752418789819
"Q9BUF5" 0.372485716571211 0.772245621082417 0.694425866844598 0.49064122431011 0.636198120855443 -6.31807885472127
"F13A1" -0.372751065816961 1.65008116970273 -0.688912293649565 0.494074662926091 0.6385217404593 -6.321855245037
"A2M" -0.234053274512679 6.92086440788217 -0.671413201076559 0.505058972784362 0.650556094083168 -6.33364520080833
"MYH10" -0.580036773618608 1.68204094622377 -0.659823822084112 0.512406065865276 0.657841450896345 -6.34128957967068
"TUBB5" -0.670533951865171 2.13253707445975 -0.65516736588339 0.515374120632153 0.659475437256275 -6.34432416943332
"CFH" -0.388259293241437 4.72189086334204 -0.652158840104463 0.517296653614339 0.659765240183534 -6.3462735815087
"GPI" -0.430486496390134 1.13820514753854 -0.639776522670964 0.525249401591887 0.666624963158031 -6.35420400772661
"P02787" 0.583360587018369 0.998359047154502 0.638454203629338 0.52610247735094 0.666624963158031 -6.35504207194018
"FeRMT3" -0.558658715703133 1.8407830556546 -0.634750130906185 0.528495986832146 0.667483567784756 -6.35738057344593
"KLKB1" -0.404588256666822 2.46678569176775 -0.631846294720936 0.530376384595796 0.667690658924805 -6.3592045003458
"RAN" 0.309909872729221 0.88421758480203 0.628317306675873 0.532666306681862 0.668410300965304 -6.36141001531674
"HP20" -0.287287838925753 0.816240202931749 -0.625517440681638 0.534486770127785 0.668538114404206 -6.36315120280193
"FMOD" -0.458396266267137 1.14447821963996 -0.621664401888336 0.536997281883268 0.669525457219844 -6.36553482725934
"P02774" 0.490424522994178 0.984024814349377 0.617773500279123 0.539538648127131 0.669589956462561 -6.36792716320605
"P05452" -0.264054203793425 0.807739349953079 -0.616316890443174 0.540491635807825 0.669589956462561 -6.36881896133969
"TUBB6" -0.48091795166593 0.943824000293477 -0.61153003782837 0.543629532518252 0.671339327459048 -6.37173507533667
"C5" 0.427183877664099 0.94545995618737 0.598702484842589 0.552084099392776 0.679622514758829 -6.37943909339648
"LOX" -0.264054203793425 0.816160085207953 -0.578037171168941 0.565842950202676 0.694362484633567 -6.39151175182284
"eeF1A1" -0.421143629207552 3.0991127531867 -0.571146795217485 0.570467961227703 0.697836594080429 -6.39544413047605
"KRT72" -0.595009452287323 1.86530528201292 -0.565244212182214 0.574444642022927 0.699466451827473 -6.39877576491664
"PGK1" -0.420121022462653 1.51916776793932 -0.563676412474832 0.57550316606316 0.699466451827473 -6.39965494710474
"P06733" -0.264054203793425 1.16215827316113 -0.561173987594204 0.577194681328069 0.699466451827473 -6.40105324905526
"COL10A1" -0.264054203793425 0.950811369126076 -0.553766352283108 0.582215971741299 0.703360288842749 -6.40515647366608
"CDH1" -0.286169371651104 0.741230459058091 -0.545786369025582 0.587648638512942 0.70772545009763 -6.4095164824598
"P34931" -0.264054203793425 0.857992294258848 -0.541936620197127 0.590278109625375 0.708698100753922 -6.41159750750444
"P02649" -0.264054203793425 0.800040951030369 -0.532310888504029 0.596877026779756 0.714415887437923 -6.41673710274779
"eDIL3" -0.264054203793425 1.05310899536172 -0.519476412249443 0.605729110227124 0.722787189810894 -6.42344833494729
"MSN" -0.528280108052773 1.42360330958695 -0.51210443255591 0.610840882398207 0.726657808112852 -6.42722994632704
"ACTG2" -0.623368050906956 1.27257902236426 -0.502723571367677 0.617373965301019 0.729128522635886 -6.43196473257833
"ACTA2" -0.623368050906956 1.27257902236426 -0.502723571367677 0.617373965301019 0.729128522635886 -6.43196473257833
"FeTUB" -0.186565517523033 4.59737110107439 -0.499740183775454 0.61945826611351 0.729128522635886 -6.43345237623481
"GSTA2" -0.455731048614459 1.55368427847348 -0.498371874355163 0.620415272474237 0.729128522635886 -6.43413174166623
"SeRPINA3-5" -0.412059562873051 4.180000474502 -0.494386960598295 0.623206122525387 0.730202354404745 -6.43609974601204
"Q14624" 0.372485716571211 0.847102710185448 0.490812761444784 0.625714080701284 0.730939271449848 -6.43785160631271
"HBB" -0.381058467186362 3.6927480636675 -0.480786718453643 0.632772973377961 0.73562621952692 -6.44269859443061
"ACTA1" -0.623368050906956 2.30705589697583 -0.479744937339048 0.633508440980766 0.73562621952692 -6.44319655024644
"F12" -0.290585872985558 1.484624969185 -0.476527687686878 0.635782080999515 0.736069135442891 -6.44472759249186
"NACA" -0.264054203793425 0.91529785373374 -0.471606613191827 0.63926666599496 0.737907219798336 -6.44704971296607
"K2C4" 0.51359479026096 1.19799091914634 0.464305228762939 0.64445186541189 0.741137072391095 -6.45045102126828
"DDBX" -0.272110536277016 1.17015546864944 -0.458222181234482 0.648785508946093 0.741137072391095 -6.45324460320431
"LRP1" 0.238169061004911 0.778836242934973 0.457027068359811 0.64963837136644 0.741137072391095 -6.45378915464822
"CHI3L1" -0.264054203793425 0.89653022475856 -0.451831499791174 0.65335154812699 0.741137072391095 -6.45614011735586
"RNASe4" -0.264054203793425 0.913827514006548 -0.451450960253232 0.653623862135113 0.741137072391095 -6.45631126153915
"TGFBI" -0.460876305969452 2.48367420342353 -0.449607405620652 0.654943781755249 0.741137072391095 -6.45713835881617
"KNG2" 0.29687819656127 4.18853710619748 0.448296043481269 0.655883347468914 0.741137072391095 -6.45772464883918
"AFM" -0.338983959770903 3.70682550964005 -0.446311003362199 0.657306658033233 0.741137072391095 -6.4586088985003
"SeRPINC1" -0.276082486847654 5.03021048165686 -0.442065093495405 0.660355351227389 0.742422634761428 -6.46048720083185
"LDHB" -0.336701243760449 1.6409401660241 -0.431507924066014 0.667960851917836 0.748809139469851 -6.46508026069396
"PROS1" -0.516164571616256 2.09391382770784 -0.421929362996427 0.674891907519973 0.754405034555372 -6.46915222849276
"KRT19" -0.419437392808687 2.98511971955223 -0.414212745833339 0.680496434307334 0.758490294972931 -6.4723666608158
"LASP1" -0.264054203793425 0.732436238002766 -0.407652438006434 0.685275497591868 0.761634767323533 -6.47505308448522
"RAP1A" -0.264054203793425 0.740491933861778 -0.401779823318923 0.68956463139263 0.762659338883334 -6.47742176598642
"LTF" -0.410521611349512 2.30720693197382 -0.401022537921353 0.690118476316025 0.762659338883334 -6.47772472691978
"Q9NY65" -0.264054203793425 0.950188341295903 -0.397387094826757 0.692779654820646 0.762678195630135 -6.47917122239841
"KRT10" -0.670477189792753 2.01517132558285 -0.39564432997371 0.694056764146703 0.762678195630135 -6.47986000495004
"HBD" -0.264054203793425 0.958828187301187 -0.389827631544526 0.698325743812473 0.765207646036767 -6.48213712828073
"MYH11" 0.154342751425244 0.813994716585664 0.361623721381896 0.719162583142436 0.785826530456201 -6.49270296023145
"JUP" 0.323183144017517 1.99121040639514 0.349604019502925 0.728109546881089 0.79337426817015 -6.49696608202321
"P00558" 0.154342751425244 0.941550110779888 0.340187270177376 0.735145823391881 0.798803701953748 -6.50020582667345
"ACTN1" -0.268733804661843 0.903885631692904 -0.318806435671552 0.75120619456384 0.813981085474468 -6.50723475771927
"P02751" -0.264054203793425 0.834444741245757 -0.276124333664846 0.783594884117869 0.846717805338475 -6.51990750454302
"P02765" -0.264054203793425 1.23196355966353 -0.2704422251088 0.787937377728625 0.849051634172951 -6.52145788245435
"HSP90AA1" -0.243668926347149 2.06333001962018 -0.260416381527785 0.795616034525747 0.85495756196275 -6.52411506986048
"F5" 0.204574076188099 4.70170584827196 0.252663281989277 0.801568087217791 0.858980677486834 -6.52610127381572
"Q13509" 0.15899984243568 1.07733684802175 0.243168198987242 0.808873623075952 0.864428130155345 -6.52845217894898
"PGLYRP1" -0.20438791704696 1.5938618371208 -0.212797175416359 0.832353567470098 0.885286606913585 -6.53536851243153
"H2B1" -0.120130915454915 0.994790927341528 -0.212037202433597 0.832943182854427 0.885286606913585 -6.53552978680547
"H2BC12" -0.120130915454915 1.06456876744601 -0.205305206889959 0.838170306546922 0.888414848083794 -6.53693323959667
"CPN1" -0.175051664137787 2.28334598915311 -0.195338273273188 0.845922691797677 0.890196609110235 -6.53892809457182
"Q3SWY2" 0.112702503391915 1.08367909387548 0.193438361020627 0.847402234052673 0.890196609110235 -6.53929711159263
"HMGB1" -0.191979786264002 1.48550073254135 -0.188953807083065 0.850896735556699 0.890196609110235 -6.54015385710332
"P23528" -0.0638452726638735 0.892579134525166 -0.188766090281939 0.851043076552262 0.890196609110235 -6.54018928166918
"COL1A1" 0.156894301004657 1.32880881656069 0.186956538070118 0.852454044649587 0.890196609110235 -6.54052896429493
"HMGB2" -0.177142162478481 1.53454097001781 -0.185510602772806 0.853581838555573 0.890196609110235 -6.54079804161938
"RAP1B" 0.112743552999244 1.4255291648707 0.172248255906282 0.863940235167399 0.898590244599247 -6.54316873028544
"HSPA6" 0.083365195452422 0.881838350545178 0.157506003273955 0.875482759644641 0.908167449338041 -6.54559791579022
"THBS4" -0.0966023789957142 2.68668185264539 -0.140029790680353 0.889201091020697 0.919944745763434 -6.5481965051503
"P02647" 0.0833651954524219 1.00542398438452 0.11565929337106 0.908387539988621 0.9373017322429 -6.55131093452928
"RPS27A" -0.0829026724645956 1.46532108751238 -0.111236294478718 0.91187594340789 0.938412015835103 -6.55181255694859
"IGFBP3" 0.0622720200293847 1.51430664029472 0.0776297145063796 0.938433571272515 0.963194351517172 -6.55498537264277
"KRT17" 0.0811989698009117 3.23306572574161 0.0576694190556679 0.954242655507019 0.974279707112157 -6.55633548190109
"LGALS3BP" -0.0267058724375129 0.833459978619394 -0.0567452155927567 0.954975148400772 0.974279707112157 -6.55638834694255
"GC" -0.0174952769876073 5.06743320271011 -0.0545089719381971 0.956747681534303 0.974279707112157 -6.55651272863764
"GPLD1" 0.0408818589125982 1.3278744502177 0.0511052358629727 0.959446034301232 0.974370678966441 -6.55669245091385
"TUBA1A" 0.0362784949981893 1.4003424540644 0.0480775977380324 0.961846634249648 0.974370678966441 -6.55684258077969
"Q9BQe3" 0.0362784949981894 1.17739584610662 0.0414207590966484 0.967126032126713 0.977174094798159 -6.55714044181457
"ARG1" -0.0195360130796561 0.902931337311827 -0.0306520154673362 0.975669535315105 0.983252459164704 -6.55752847867245
"Q0VCM4" 0.00298218696286723 1.13011134261554 0.00435316094833044 0.99654407698244 1 -6.55798874938916
"HSP90AB1" 0.000248438235319171 1.71077618304505 0.000313119698839117 0.999751417175801 1 -6.5579981749038
"ALB" 0 7.89886994691184 0 1 1 -6.55799822392334
