"logFC" "AveExpr" "t" "P.Value" "adj.P.Val" "B"
"P06733" -2.11002232494711 1.16215827316113 -4.48426733978339 4.31432734971958e-05 0.0143579218269104 2.00040440070421
"P26038" -2.52238497359261 1.29594388763761 -4.32222038042111 7.38196494956831e-05 0.0143579218269104 1.52108973523067
"FBLN1" 1.67142023269103 1.37059447289955 3.13808378912398 0.00285529175213731 0.251540037191731 -1.70937481846299
"P63267" -2.41945428348158 0.87805768071294 -3.06908507370105 0.00346987635584174 0.251540037191731 -1.87887493953629
"ANXA2" -1.50710688415151 1.17048389688045 -3.04171920755442 0.00374637901742378 0.251540037191731 -1.94541496281687
"ATIC" -1.43324174243595 0.705165706461896 -3.0291850843774 0.00387979491812439 0.251540037191731 -1.9757596330706
"P15311" -1.44759935526675 0.943878802764833 -2.97254379192848 0.00454000408486448 0.25229451271604 -2.11183875614771
"P00558" -1.31796483734401 0.941550110779888 -2.90492981410268 0.00546504696484287 0.254876202048986 -2.27199345420018
"KRT6C" -2.90551204303071 2.32059859033938 -2.8769484697635 0.00589687871064491 0.254876202048986 -2.33752979076494
"P62736" -2.41945428348158 0.819421742950362 -2.81655091213926 0.00693908165833076 0.269930276509067 -2.47747978156552
"TUBB" -1.76595882981462 1.55550919138058 -2.71798170065947 0.00901200123109812 0.318697134445197 -2.70134508105189
"Q32LP2" -1.51957724859135 0.975408792624857 -2.32912246319432 0.0239493387725185 0.776357731875809 -3.52606030368759
"O95678" -1.97101037705697 1.53894183147187 -2.1972544728862 0.0326809545745858 0.869634718883392 -3.78310669211964
"COL6A1" 0.712448678196041 1.0531367631725 2.17384812742171 0.0344955229416628 0.869634718883392 -3.82746795322405
"MYH9" -1.36358537209885 2.01663136304521 -2.16221368420494 0.03543004213643 0.869634718883392 -3.84937429277785
"KLKB1" 1.36785285962721 2.46678569176775 2.1361785638544 0.0376022674911378 0.869634718883392 -3.8980470376261
"KRT17" -2.90174943971465 3.23306572574161 -2.06089073351242 0.0445533965647004 0.869634718883392 -4.03605970698369
"SeRPINA5" 1.00156168430824 4.45273357818194 2.0334914453963 0.0473472143246614 0.869634718883392 -4.08526470123401
"P19823" 0.866694514873709 1.84784059236717 2.01033771982521 0.0498252193928781 0.869634718883392 -4.12641561375683
"HPX" 1.04490032730224 4.50017515274439 2.00830624323935 0.050047889772513 0.869634718883392 -4.13000727183168
"P02771" 0.990072485160716 1.3284525812195 1.9982708108797 0.0511605262335373 0.869634718883392 -4.14770516191911
"Q8N1N4" -1.3690112814503 1.04438723187023 -1.96441026441993 0.0550734759147652 0.869634718883392 -4.20686768962091
"eDIL3" -0.995682764577952 1.05310899536172 -1.95881642045814 0.055744052816165 0.869634718883392 -4.21655918825275
"ACTG2" -2.41945428348158 1.27257902236426 -1.9512015355664 0.0566681612621744 0.869634718883392 -4.22971454716666
"ACTA2" -2.41945428348158 1.27257902236426 -1.9512015355664 0.0566681612621744 0.869634718883392 -4.22971454716666
"HABP2" 1.03418246514283 1.22761421618688 1.93941280420892 0.0581246855808951 0.869634718883392 -4.24999477343001
"TUBA1A" -1.41819363385436 1.4003424540644 -1.87944243680703 0.0660396935667262 0.951460770276166 -4.35153731328258
"CFD" 1.00341985533824 1.78210932271283 1.8318277030846 0.0729591461289404 0.981629436680124 -4.4302062565069
"AMY2B" 0.850479505380795 0.923538375654455 1.81916743414167 0.0748986665085154 0.981629436680124 -4.45082982347122
"HSP90AB1" -1.43927306931046 1.71077618304505 -1.81399110902061 0.0757040696668476 0.981629436680124 -4.45922633618045
"COL1A1" 1.4834635639857 1.32880881656069 1.76770737050349 0.0832341610490299 1 -4.53337723525661
"TUBB5" -1.76595882981462 2.13253707445975 -1.72548845822024 0.090638488113239 1 -4.59955300122494
"F12" 1.04691450641643 1.484624969185 1.71682038022979 0.0922243741463378 1 -4.61296577518751
"VTN" 0.632025448936279 1.40921416454494 1.70279912509669 0.0948382255304928 1 -4.63453586794912
"P02649" 0.826661360416244 0.800040951030369 1.66647921878712 0.101894340047856 1 -4.68968229450806
"APOe" 0.874347721057327 3.52932592597854 1.57109565227346 0.122490973641569 1 -4.8294573514569
"LDHA" 1.3059361276239 1.66580828478678 1.55869292627466 0.125400002829577 1 -4.84708944300351
"PKM" -0.624251186285371 1.51734925952507 -1.50124967024257 0.139603274453446 1 -4.92710518519166
"F12AI" 0.96522953738413 4.17877512795676 1.48835619428336 0.142960433191685 1 -4.94469082978577
"HSP90AA1" 1.37735756447917 2.06333001962018 1.47202385789879 0.147304258079947 1 -4.96676866626448
"IQGAP1" -0.963675440219171 0.948345697714533 -1.46372555911286 0.149550800941873 1 -4.97790115568747
"ANXA5" -0.694991923353862 0.90890180110496 -1.44191051072033 0.155585159055461 1 -5.00689277126333
"eHD3" -0.473485575601765 1.05773225180497 -1.43704368239083 0.15695703356883 1 -5.01330635316796
"KRT77" -1.16621198509552 1.25641552382787 -1.43213840427167 0.158349288497568 1 -5.01975052072018
"P08729" -0.834402437447706 0.884330985275087 -1.40184823442397 0.167160853823115 1 -5.05909559811695
"Q9BUF5" -0.748931890675766 0.772245621082417 -1.39623522259452 0.168834639714438 1 -5.06630170709611
"THBS4" 0.961910363304537 2.68668185264539 1.39433529719565 0.169404118344441 1 -5.06873484992189
"C1S" 0.660103974196371 0.797910518051992 1.38161495127046 0.173255181499 1 -5.0849466096654
"POSTN" 0.987145262586508 1.03572541643493 1.35628950124654 0.181122677716633 1 -5.11681521311452
"HSPA1L" -1.08501602297876 1.4491341242286 -1.34225014290568 0.185600288275131 1 -5.13424706491919
"KRT10" 2.27138458910211 2.01517132558285 1.34032961530831 0.186219309830609 1 -5.13661862105239
"ADIPOQ" 0.613404470672543 2.9311360628011 1.33698276938753 0.187301815256344 1 -5.14074394642458
"C4" 0.56834112151816 4.65920312784159 1.3350693084168 0.187922853165156 1 -5.14309818801758
"TUBB6" -1.03312857488515 0.943824000293477 -1.31371506156618 0.194960214255872 1 -5.16915935545173
"SeRPINA7" 0.841519104464735 3.67551016269991 1.30368399657987 0.198333960588378 1 -5.18126677022542
"VNN1" 0.970499767518384 2.81274626416241 1.28320165922442 0.205359080112021 1 -5.20572060086994
"LUM" 0.69908666181405 3.21823144904628 1.28071923962833 0.206223019786086 1 -5.20865985068007
"P02751" -1.21839302646306 0.834444741245757 -1.27408675090514 0.20854461586745 1 -5.21648686034478
"TUBA8" 0.944253539223493 0.761675413084207 1.2587369730759 0.213992311286911 1 -5.23445567454835
"POTee" 0.705673311160679 1.39968024410531 1.25815370159847 0.214201383380907 1 -5.23513445426949
"C4BPA" 0.885219120706955 1.20731446658283 1.25376055719574 0.21578097282876 1 -5.24023750984853
"Q14CN4" -0.784178218302388 1.17514041604347 -1.25259489713001 0.216201542463305 1 -5.24158873391719
"KRT31" -0.903991457787205 0.79207591293003 -1.2516090042007 0.216557726538833 1 -5.24273065602664
"TUBA1D" -1.41819363385436 1.84952967490154 -1.24673327370155 0.218325632107059 1 -5.2483656647027
"C4A" 0.700512599323876 1.81106546131638 1.23142023886123 0.223947476216128 1 -5.26592944792911
"Q02413" -0.80227534247457 1.12524440089699 -1.21728877626416 0.229229497452922 1 -5.28195745758873
"P05452" -0.520722063399104 0.807739349953079 -1.21539365133667 0.229944743444987 1 -5.28409372308138
"SeRPINA3-8" 1.04268925448553 2.79758284602325 1.2082522240091 0.232654706535323 1 -5.29211576512951
"DSP" -0.986395796195285 1.47603450015398 -1.19533480750337 0.237615655288862 1 -5.30651317188228
"P00734" 1.03113852739899 1.13249756310267 1.19462367781555 0.237890984795908 1 -5.30730155188608
"P61224" -0.371810130045374 1.06500774225224 -1.19009162680196 0.239651122631445 1 -5.3123155501808
"F11" 0.624615894462785 0.873681843585717 1.17131724114899 0.24704338470212 1 -5.33289523016312
"IGFBP2" 1.38128196360749 2.49221021613105 1.15322468153791 0.254321540564767 1 -5.35243543694548
"HBA" 0.417436854660516 4.58751823349648 1.14081530036428 0.259401590759525 1 -5.36567158190026
"GSN" 0.433370511366883 4.70798588107988 1.12951005812888 0.264092304330467 1 -5.37761209859736
"TLN1" -0.459804462275833 2.87545084798534 -1.10810373278038 0.273138494767739 1 -5.39991263008322
"ITIH4" 0.494683107613723 5.57714384362311 1.09856529828522 0.277238933416676 1 -5.40971913699166
"FMOD" 0.800608227900345 1.14447821963996 1.08576284706146 0.282810158160947 1 -5.42275479748132
"SeRPINA3-7" 0.608318917919201 4.07790237558185 1.08170017741221 0.284594336978518 1 -5.42686110841047
"HSPA1B" -0.807594451909775 2.44510387229831 -1.06632846946425 0.291415965896796 1 -5.44226535302667
"HSPA1A" -0.807594451909775 2.44510387229831 -1.06632846946425 0.291415965896796 1 -5.44226535302667
"P68032" 0.707152125383891 2.03404680916652 1.01810264327377 0.313548358219626 1 -5.4892278690792
"SeRPIND1" 0.5667734263397 0.867886758831868 1.01737242117339 0.313892022612155 1 -5.48992300221656
"P01008" -0.708014376020386 1.71175059502475 -1.01723042464113 0.313958880074085 1 -5.49005812005363
"P06396" 0.794742841386 2.02434651694114 1.01680664611608 0.314158468784536 1 -5.49046126232313
"P02774" -0.806346656275364 0.984024814349377 -1.01573141825029 0.314665259026106 1 -5.49148340982712
"P68371" -0.570232521567533 1.62509992330438 -0.966488110448522 0.338468774242687 1 -5.5371845603924
"TTR" 0.488083096899787 3.64932677107665 0.962340136560544 0.34052691312617 1 -5.54093461970927
"CPB2" 0.679217062402527 2.51229027992346 0.946519701937903 0.348452355323349 1 -5.55509500133509
"TUBB4A" 0.86571667342727 0.896577065405481 0.938368161563244 0.35258275174982 1 -5.56230300895133
"eZR" -0.709099479367108 1.35680174757089 -0.929873081261592 0.356921047811924 1 -5.56975089124798
"AGT" 0.443756602318707 5.18031301631619 0.922971226148854 0.360471111090241 1 -5.57575388300188
"CATHL1" 0.410003482019801 0.722043678629876 0.921843529070983 0.36105332051511 1 -5.57673061626593
"P14923" -0.692772194800432 1.10005277187694 -0.918931759300264 0.362559422619866 1 -5.57924726435207
"HSPA5" -0.514096061761859 0.931138588922949 -0.908450342183302 0.368014394784247 1 -5.588242775306
"Q13509" -0.59215360634545 1.07733684802175 -0.905616784098844 0.369498094216239 1 -5.59065752842182
"IGF2R" 0.673687464087438 1.02689686977619 0.90530302653554 0.369662618336696 1 -5.59092446416132
"C5" 0.644951802273872 0.94545995618737 0.9039064131739 0.370395525377868 1 -5.59211157824513
"GPLD1" 0.716935360189475 1.3278744502177 0.89622027117993 0.374445638405544 1 -5.59861307791939
"CLU" 0.584835397423953 3.15427172728283 0.889105673579401 0.378219631787084 1 -5.60458330738405
"P62826" -0.275284075581939 0.922613212676283 -0.888886926835624 0.378336048920445 1 -5.60476614032895
"P09429" -0.550888930750769 1.26815882585194 -0.888832037630556 0.378365264552338 1 -5.60481201100865
"P07996" 0.584351158125473 2.00970292703318 0.878518610657412 0.383880128849682 1 -5.6133822809544
"P26583" -0.537062601150044 1.24120552866906 -0.857755023243208 0.395135789040979 1 -5.63034272427648
"AMY1A" 0.418468024563206 0.931305959676543 0.842253711876292 0.403671460641902 1 -5.64274842561454
"AMY1B" 0.418468024563206 0.931305959676543 0.842253711876292 0.403671460641902 1 -5.64274842561454
"AMY1C" 0.418468024563206 0.931305959676543 0.842253711876292 0.403671460641902 1 -5.64274842561454
"LRP1" 0.436404309447549 0.778836242934973 0.837424396455462 0.406353758586072 1 -5.64656849171393
"AFP" 0.27336100263368 5.71185561573929 0.827474177775846 0.411914761645537 1 -5.65437204642941
"AMBP" 0.402668517744116 3.38053727812444 0.823320314924515 0.414249980064559 1 -5.6576029526195
"ITIH3" 0.629875094989576 4.77000855321383 0.822537582036409 0.414690918657346 1 -5.65820999967252
"KRT9" 0.293192938855489 2.91951637462526 0.813170659139081 0.419989758894244 1 -5.66543096408646
"PeBP1" 0.397361081122631 0.80566044467276 0.804236604266765 0.425081732798098 1 -5.67224330905599
"LGALS3BP" 0.370856364442375 0.833459978619394 0.788003627421968 0.434428268160898 1 -5.68443376143504
"THBS1" 0.403948501396404 3.8930104496408 0.782452469028894 0.437652345780386 1 -5.68854696986161
"C9" 0.636126038590568 2.64589591784853 0.780477984797239 0.438802525336089 1 -5.69000316196949
"KNG2" 0.504388506205232 4.18853710619748 0.761643577495146 0.44986358615901 1 -5.70371334007397
"P63261" 0.20727685358188 2.61637983050475 0.754642553654486 0.454016312376549 1 -5.70872633138607
"P60709" 0.20727685358188 2.61637983050475 0.754642553654486 0.454016312376549 1 -5.70872633138607
"JUP" -0.692772194800431 1.99121040639514 -0.749407722480002 0.4571359053615 1 -5.71244514147877
"RBP4" 0.622260627099308 1.86564983922821 0.746817388724736 0.45868413980593 1 -5.7142759607907
"K2C4" -0.815865195121923 1.19799091914634 -0.737566819687422 0.464237830721921 1 -5.7207636242531
"MST1" 0.459957547361927 1.62360500018283 0.735680846286738 0.465374812836234 1 -5.72207661165713
"P08238" -0.478174250747929 1.23310560991947 -0.728769140281374 0.46955522251886 1 -5.7268603585587
"KRT14" 0.444724283537493 2.59721950884683 0.72361844821101 0.472684377935376 1 -5.73039656197079
"P68366" -0.319079371739615 1.95366699123422 -0.71955105687979 0.475163741880616 1 -5.73317169409297
"PFN1" 0.607988216827705 1.84309090327684 0.718925697159144 0.475545594249375 1 -5.73359701249079
"P34931" -0.349950461960183 0.857992294258848 -0.718227424015914 0.475972173312582 1 -5.73407149316476
"B4GAT1" 0.30257818196822 0.751939136810005 0.717470412509921 0.476434880050472 1 -5.73458537736265
"P13647" 0.508513208326629 2.60010411438863 0.712397394947092 0.479542194474511 1 -5.73801542583652
"FLNA" -0.434146751440921 1.94622889739667 -0.705570375309927 0.483741791067626 1 -5.74259382040302
"ACTB" 0.207276853581879 4.64889836020568 0.705416750319594 0.483836528452971 1 -5.74269634924276
"ACTG1" 0.207276853581879 4.64889836020568 0.705416750319594 0.483836528452971 1 -5.74269634924276
"H4C1" 0.315965510836483 1.01386474095244 0.704028492482472 0.484693108756071 1 -5.74362187698206
"LIMS1" -0.201975737145567 0.815161218650176 -0.699642130890443 0.487405129188789 1 -5.74653445774657
"SeRPINB3" -0.459755778140418 0.93675025011604 -0.686979321453768 0.495281501085799 1 -5.75484262412259
"P00747" 0.512502724648165 1.16782470389664 0.674990471825304 0.502802762678074 1 -5.76257152569547
"Q86Y46" 0.49229974329396 1.1857206287167 0.659280835946665 0.512751695125482 1 -5.7724970698442
"APCS" 0.447101473410193 0.844120548981667 0.654957368296679 0.515508190839091 1 -5.77518843584479
"KRT27" -0.694069663317744 0.96613086091488 -0.654319496712324 0.515915545945402 1 -5.77558404028418
"KRT4" 0.314581405352389 0.990790724299546 0.64243230555163 0.523538266040379 1 -5.78288713939689
"KRT7" 0.419173377301808 3.17526847580436 0.641364505583628 0.524225901104593 1 -5.78353672206851
"KRT76" 0.566436266172731 1.62000062950684 0.637362246088885 0.526807488193986 1 -5.78596199744047
"LDHB" 0.495523633314158 1.6409401660241 0.635050740974298 0.528301524835492 1 -5.78735591812131
"KNG1" 0.300387385418384 4.61740896634327 0.626774727320336 0.533668886544538 1 -5.79230582618171
"ARF1" 0.265697525590193 0.8029556509391 0.622670088810612 0.536341421123587 1 -5.79473713563526
"MYH10" -0.547060570002133 1.68204094622377 -0.622311571658498 0.536575181161269 1 -5.79494875079283
"GGH" 0.321647361058899 0.733620435019389 0.612920091682487 0.542717357285539 1 -5.80044937200173
"KRT3" 0.381066291833842 1.68289539879105 0.612101415527362 0.543254490341956 1 -5.8009249733858
"FeTUB" -0.227745423858106 4.59737110107439 -0.610045958566899 0.544604275576714 1 -5.80211631247038
"S100A9" -0.328985216284429 0.904075742037082 -0.606174171974297 0.547151469421262 1 -5.80434968021975
"CDH5" 0.3991128403808 1.06888632862755 0.603186765444067 0.549120985615443 1 -5.80606334230504
"ACTC1" 0.707152125383893 3.26018247841033 0.603013709016849 0.549235187363648 1 -5.80616235701864
"TUBB1" 0.216401029321593 1.42581639624191 0.59508580984518 0.554479797746876 1 -5.81066832584987
"F10" -0.341351954214415 1.80970480432474 -0.586112513629467 0.560446275836928 1 -5.81569759039575
"PGK1" -0.435501927011058 1.51916776793932 -0.584312973448719 0.56164666402661 1 -5.81669711490206
"TUBB4B" -0.570232521567533 2.09910667943565 -0.581136644469683 0.563768563610607 1 -5.81845396150073
"P13645" -0.199348559570702 3.13597377247352 -0.577371901684647 0.566288687348231 1 -5.82052403863965
"ARF3" 0.265697525590193 0.811710042282273 0.57725747498194 0.566365371865897 1 -5.82058674948418
"FGA" 0.369989476384845 3.23023216956481 0.575863530394751 0.567299953574214 1 -5.82134970824461
"HSPA6" 0.301279236495093 0.881838350545178 0.569221821555656 0.571763366148204 1 -5.82495998733914
"RAP1B" -0.371810130045373 1.4255291648707 -0.568047083180296 0.57255461003246 1 -5.82559424916198
"APOB" 0.463840072083451 1.74147644688934 0.56551210027462 0.574263868283269 1 -5.8269585271363
"HMGB2" -0.537062601150044 1.53454097001781 -0.562434179825363 0.576342552172561 1 -5.82860691215187
"TUBB3" -0.59215360634545 1.6240475161786 -0.558363279432702 0.579097453580083 1 -5.83077345589763
"RAN" -0.275284075581939 0.88421758480203 -0.558116291737268 0.579264802425955 1 -5.83090440370446
"TGFBI" 0.564699961892093 2.48367420342353 0.550892466225446 0.584169689586811 1 -5.83470903451245
"TLN2" -0.323483464410607 1.10544850568922 -0.550650222230914 0.584334514862913 1 -5.8348357713236
"HBA1" -0.316521482188369 1.82643888532008 -0.548507143271012 0.585793657827236 1 -5.83595458701922
"F13A1" 0.295717600695843 1.65008116970273 0.546540330130022 0.587134319418387 1 -5.836977590999
"AOCX" 0.464998428954148 0.823072621196081 0.542566459611791 0.589847532384834 1 -5.83903345939558
"HMGB1" -0.550888930750769 1.48550073254135 -0.542205837244415 0.590094046475438 1 -5.83921929294327
"TG" 0.394843221601333 0.984270444492584 0.539991356735341 0.59160889110138 1 -5.84035776920792
"P12259" 0.303128425223344 0.921348733982136 0.518762437454103 0.606223320642474 1 -5.85103806274672
"PZP" 0.50513855574865 1.74957636782378 0.5173213893522 0.607221373830088 1 -5.85174771265626
"PROC" 0.359685957156836 1.6725020153346 0.515413014475899 0.608544254138582 1 -5.8526844958284
"OMD" 0.226622783278858 0.719840954152191 0.512205753917717 0.610770492152735 1 -5.85425116498113
"TAGLN2" 0.440691010174599 1.83077279292619 0.501882528493186 0.61796122750717 1 -5.8592281421599
"SeRPINF1" -0.171025772554276 4.44950328492584 -0.499664783970637 0.619510984055845 1 -5.860284268713
"C7" -0.381254574309549 3.25915321358906 -0.496255225103246 0.621896978447334 1 -5.86189893034411
"MYH11" 0.208130876863125 0.813994716585664 0.487648830480875 0.627937891116205 1 -5.8659259855708
"KRT8" 0.359330898081912 1.48481870418941 0.485988980025093 0.629105934018619 1 -5.86669463175288
"GDI2" 0.259233576156482 0.954614465279186 0.478415155439348 0.634447771203102 1 -5.87016899745344
"KRT16" -0.325865202812571 2.4557089568436 -0.47159745410282 0.639273159180406 1 -5.87325028429745
"UBB" -0.164470573211601 0.754972106198902 -0.470718578840469 0.639896355769812 1 -5.87364430796237
"P0CG48" -0.164470573211601 0.754972106198902 -0.470718578840469 0.639896355769812 1 -5.87364430796237
"H4" 0.315965510836483 1.62809441033654 0.468933566828439 0.641162885329069 1 -5.87444233626857
"FAP" 0.268869102714955 0.71726928331621 0.46757134791511 0.642130152962883 1 -5.87504932500632
"KRT79" -0.364288555420685 2.46167221409469 -0.461133709990574 0.646709756393822 1 -5.87789418889595
"CHIA" 0.415790125766807 2.4685420252052 0.460334080483482 0.647279565057163 1 -5.87824482536924
"P62979" -0.164470573211601 0.826696115854738 -0.447890870289235 0.656173759829891 1 -5.883623428905
"AZGP1" -0.25330995898934 0.821127098909867 -0.446816168367251 0.65694432359344 1 -5.88408111649212
"COMP" 0.351315378916106 2.11594427770156 0.435911855706515 0.664783881099836 1 -5.88866331952119
"CNTN1" 0.262124930038313 0.80892075336057 0.42625259786414 0.671760046794613 1 -5.89262852649001
"KRT80" 0.330376874359111 1.43445392804139 0.422626530746196 0.674386467235065 1 -5.89409429820696
"P62987" -0.164470573211601 0.778036181657141 -0.41265116350585 0.681632829075139 1 -5.89806253064133
"Q7RTS7" -0.289399929907403 1.27703309365531 -0.412579446087143 0.681685037181687 1 -5.89809071940636
"A1BG" 0.146830657747669 4.21514638674972 0.409921150273658 0.683621301979372 1 -5.89913213954016
"ILK" -0.241240851233805 0.777665343783164 -0.409906743361967 0.683631801626329 1 -5.89913776541644
"GAPDH" 0.203040491815283 3.11524845379032 0.408997214495403 0.684294786836437 1 -5.89949253758541
"Q0VCM4" -0.280093811178753 1.13011134261554 -0.408858819341124 0.684395689565632 1 -5.89954645161519
"LTF" 0.409711226228195 2.30720693197382 0.400230904328724 0.690697624840388 1 -5.90287181685319
"LBP" 0.322680106743286 1.87657596517871 0.399946895825954 0.690905447153181 1 -5.9029800818177
"RGN" 0.192165090178266 1.09112540622662 0.394784724163516 0.694687018912646 1 -5.90493461492043
"P23528" 0.133305786554923 0.892579134525166 0.394134304546094 0.695164044951193 1 -5.90517909162155
"FGG" 0.367089283997867 1.93986478329212 0.393404267225229 0.695699611758067 1 -5.90545301767198
"YWHAe" -0.236818648151652 0.998097233620771 -0.383509937034067 0.702973574914686 1 -5.90911582491738
"KRT75" 0.275220291964615 3.76148145514914 0.383034855331784 0.703323550831184 1 -5.90928936413554
"TRAP1" 0.22120657964113 0.747289114942391 0.379741782537579 0.705751218346405 1 -5.91048639072045
"F9" 0.286903063306831 1.31060263913142 0.377421781072449 0.707463389996132 1 -5.9113235397292
"KRT20" 0.253088829791099 1.26862606673491 0.374001063641085 0.709990675812619 1 -5.91254856878004
"TUBA4A" -0.319079371739614 3.02607971102588 -0.371187672710594 0.712071725831627 1 -5.9135477924658
"FN1" 0.324494530912301 3.71655401057699 0.365864744364879 0.716015106816606 1 -5.91541779917387
"KRT84" -0.272895898342557 0.773961847807489 -0.364811655512171 0.716796195587307 1 -5.91578457942989
"BLVRB" -0.221287434480783 1.38693584183561 -0.363203994202005 0.717989206102239 1 -5.91634248422315
"HRG" -0.249495557159799 1.92868671409551 -0.363094018188438 0.718070842848841 1 -5.91638055953101
"P05109" -0.185299689303486 0.857391557633852 -0.360379128941335 0.720087192801438 1 -5.91731685856197
"LYSM" 0.158004954772958 1.09459348779693 0.357695608642794 0.722082218536922 1 -5.91823547149309
"P08727" -0.264377999690505 1.416951926209 -0.35532814064628 0.723843898525595 1 -5.9190402249303
"CFL1" -0.169213841234257 1.04426362624368 -0.352450448694218 0.725987276707174 1 -5.92001125720537
"HBBF" 0.128884495752191 5.11778033064974 0.351916332773794 0.726385343812624 1 -5.92019062211505
"TUBA1B" -0.18827468011555 1.83936878995559 -0.347352193097383 0.729790011017043 1 -5.92171229916662
"MSN" -0.357083019360029 1.42360330958695 -0.346149314004554 0.730688228987726 1 -5.92211004677373
"VCL" 0.307798527001201 1.09331505663949 0.345914083249332 0.730863925834139 1 -5.92218766840781
"KRT25" -0.408989578536758 1.02313114472002 -0.345643679039693 0.7310659121559 1 -5.92227683174678
"CLIC1" 0.1446117045811 0.811425802114727 0.34330204122526 0.732815869068714 1 -5.92304606396392
"P04272" 0.311613974315664 1.30785720245291 0.341232323230263 0.734363807051564 1 -5.92372163834492
"KRT28" 0.373070500457615 1.28856412177471 0.34068500488879 0.734773331670201 1 -5.92389960832173
"PPIA" -0.225601421172388 1.38578062735525 -0.334324637003196 0.739538074427152 1 -5.92594694279287
"CAP1" 0.31342295752084 1.40666138507366 0.332949483062394 0.740569606788454 1 -5.92638454174489
"GC" 0.104383028249263 5.06743320271011 0.325219861434229 0.746376657760538 1 -5.92881084075415
"APOA1" 0.15107792660276 5.73016030923517 0.323881067055516 0.747383977408962 1 -5.92922531932599
"H1-2" -0.224619787052782 1.09669133478812 -0.321459268835067 0.749207286570253 1 -5.92997076153891
"IGFBP3" 0.257357050296271 1.51430664029472 0.320827144057252 0.749683435231758 1 -5.93016441616131
"H1-3" -0.224619787052782 1.12736348218594 -0.319021948827233 0.751043741121021 1 -5.93071535738883
"DDBX" 0.184654981843793 1.17015546864944 0.310950872075524 0.757135405091515 1 -5.93314077025506
"KRT15" 0.290647859507608 1.05196784790562 0.310720686470656 0.757309368513331 1 -5.93320903488155
"P01024" 0.203866564408238 2.31548225916967 0.309827432844166 0.757984567354894 1 -5.93347346446174
"CLeC3B" 0.202934751397292 2.73554187031115 0.309024816816159 0.758591416718928 1 -5.93371041595281
"Q14624" -0.233951539312728 0.847102710185448 -0.308270615344214 0.759161800037514 1 -5.9339325164508
"PROS1" 0.374329300013613 2.09391382770784 0.305988693898704 0.760888380097385 1 -5.93460121466732
"KRT13" 0.166935619979114 1.66250528245446 0.304653997257413 0.761898827036824 1 -5.93499004282684
"QSOX1" 0.0914892657276924 0.978259002730328 0.304111838728669 0.762309393778178 1 -5.93514750267918
"CPN1" 0.269313316857231 2.28334598915311 0.300523839881683 0.765028252035879 1 -5.93618252781822
"CRYZ" 0.220478690131335 0.885192587043593 0.298285151440828 0.766726165925943 1 -5.93682211983534
"COL1A2" 0.206574481245649 1.39275872210061 0.2937724688722 0.77015227329169 1 -5.93809690905349
"P68133" 0.281089199147896 1.28977698708408 0.28757470973446 0.774865250375176 1 -5.93981615854835
"CD14" 0.216742443669067 1.00797114158891 0.284897505572296 0.776903741219316 1 -5.94054751365847
"P02765" -0.277922754616761 1.23196355966353 -0.284646285070033 0.777095108359364 1 -5.94061579190309
"CL43" 0.15473582202332 1.01997150344783 0.282018864724915 0.779097377985609 1 -5.9413262913716
"APOD" 0.147894601395318 2.03025949694095 0.280956507380151 0.779907395053955 1 -5.94161170674993
"UBA52" -0.164470573211601 1.32474527356399 -0.258022478151821 0.797452544274176 1 -5.94751140081451
"eNO3" -0.224619787052783 0.933274938181608 -0.254298327885271 0.800311862089289 1 -5.94842217874604
"TF" -0.0799285422913254 6.50277193165561 -0.248326670846748 0.804902509712042 1 -5.94985504273323
"ARG1" 0.15303155686693 0.902931337311827 0.240106598462526 0.81123292339349 1 -5.95177185407745
"B4GALT1" 0.146341089212132 0.74343284348161 0.239929314467746 0.811369594581681 1 -5.95181248537785
"APOA4" 0.189399448148239 2.32307816207925 0.237628267695216 0.813144045808397 1 -5.95233714076145
"P01023" 0.209140613524323 2.44612252397125 0.237562879380016 0.813194484471881 1 -5.95235197607261
"PRDX6" 0.13748595884607 0.949518417498619 0.237275508521928 0.813416163538209 1 -5.95241712653362
"ITIH1" 0.184759376742356 3.87981031137867 0.235132370786874 0.815069873388383 1 -5.95290052078224
"SeRPINA3-4" 0.234744383610349 4.36803406739786 0.233355664466787 0.816441477926721 1 -5.95329794740059
"CFB" 0.152976534508479 4.64449267391141 0.230816658830759 0.818402576964724 1 -5.95386067084961
"P0CG53" -0.164470573211601 1.11835979345701 -0.230077644373375 0.818973603962585 1 -5.95402330562391
"SeRPINA3-2" 0.168796697205056 4.76093658631639 0.229251498299824 0.819612073560343 1 -5.95420449941541
"CSN1S2" 0.1620298800027 0.933327611109683 0.227271598190955 0.821142698431876 1 -5.95463609246495
"YWHAB" 0.122214328162329 0.834450549216714 0.226209290099804 0.821964239296905 1 -5.95486612236928
"OGN" -0.112785805601904 0.995878796308399 -0.225089682385125 0.822830310844722 1 -5.95510739586456
"SeRPINA3-6" 0.291077167250776 3.86773204855871 0.224666001550187 0.823158106848463 1 -5.95519838679143
"UBC" -0.164470573211601 1.17848232632556 -0.222337408042518 0.824960273565204 1 -5.95569542849194
"RPS27A" -0.164470573211601 1.46532108751238 -0.220681632702038 0.826242305725046 1 -5.95604571251056
"P11142" -0.104454030276037 1.4286386572736 -0.220227314665742 0.82659415828705 1 -5.9561413679637
"ACTA1" 0.281089199147896 2.30705589697583 0.216326646891338 0.829616550676749 1 -5.95695454769897
"TBA1B" -0.188274680115551 2.90659736747237 -0.216284713310442 0.829649056688237 1 -5.95696321088193
"COL10A1" 0.101283225969471 0.950811369126076 0.212408065415454 0.832655441402733 1 -5.95775685886642
"KRT6A" -0.184380147874785 2.57447632704768 -0.210801781837472 0.833901874749765 1 -5.95808150797512
"F2" -0.124675161986398 4.54461174228961 -0.204780164597832 0.838578293494964 1 -5.95927665347411
"P02647" 0.146862641399849 1.00542398438452 0.203754447341375 0.839375461521649 1 -5.95947678753281
"C3" 0.0799285422913254 6.67762398894577 0.202321520016833 0.84048938965857 1 -5.95975469522584
"RNASe4" 0.116822074015756 0.913827514006548 0.199729588605401 0.842505138423341 1 -5.96025241099796
"KRT72" 0.209739473217606 1.86530528201292 0.19924729404996 0.842880337385599 1 -5.96034431669664
"P05786" 0.232272971525696 1.65283958906743 0.198882263518831 0.843164335746383 1 -5.96041372917068
"KRT6B" -0.221333591964258 2.38420675803211 -0.198146789966069 0.843736607244363 1 -5.96055319739952
"P63000" -0.0888841939151382 0.746602443699595 -0.188304628389895 0.851402847271544 1 -5.96236992699862
"P02768" -0.0764854795139263 3.38571285078241 -0.187848341853939 0.851758614449544 1 -5.9624519103084
"HP20" 0.0860619021668119 0.816240202931749 0.187384265845971 0.85212048697386 1 -5.96253508947926
"CSN2" 0.116822074015756 0.834847588435451 0.186624550272124 0.852712959554365 1 -5.96267081449139
"GSTA2" -0.167527125297061 1.55368427847348 -0.183201929500881 0.855383185218283 1 -5.96327544628621
"Q04695" -0.126581604827925 2.13005613425584 -0.18181625999715 0.856464730106694 1 -5.96351705720835
"eeF1A1P5" 0.0785032385657982 1.9684402153512 0.180808856886143 0.857251204446023 1 -5.96369156209767
"F5" 0.143608279774688 4.70170584827196 0.177366262455194 0.859939917440731 1 -5.96428058896694
"ORM1" -0.0846315919208434 3.90623180911046 -0.170539950755188 0.865276280205014 1 -5.96541512641154
"SeRPINC1" 0.106139306723599 5.03021048165686 0.169950955911943 0.865737018233728 1 -5.96551093390291
"Q9BQe3" -0.147581187472344 1.17739584610662 -0.168499956070238 0.866872255280477 1 -5.96574554508862
"COL2A1" -0.0804478131371156 0.758061130802922 -0.167855083693305 0.867376883193532 1 -5.96584916916017
"P63104" 0.0553445890875948 1.02876247999891 0.165071496951466 0.869555742154651 1 -5.96629190783769
"RAC1" -0.0888841939151382 0.753457032582295 -0.164838965742307 0.869737802932933 1 -5.9663285580267
"P68104" 0.0785032385657982 1.89863603467514 0.162797330317207 0.871336609883181 1 -5.96664813283167
"GFAP" -0.11997823180877 1.17734737471369 -0.159330443629181 0.874052770465209 1 -5.96718168687973
"RAP1A" 0.102408325074746 0.740491933861778 0.155822547658083 0.876802617351652 1 -5.96770987548711
"Q3SWY2" -0.0905676123819292 1.08367909387548 -0.155446862078918 0.87709720952341 1 -5.96776574662517
"P07900" -0.0955432374555603 1.43066996680378 -0.153107817607522 0.87893175378829 1 -5.96811057345594
"IGKC" 0.116822074015756 0.881565498792972 0.148934601870866 0.88220652098849 1 -5.96871282564833
"P04406" -0.0745974241004967 1.55420244363732 -0.144710086851737 0.885523657458953 1 -5.9693055464952
"APOA2" 0.0785478934150091 2.08057150987048 0.138924416158727 0.890069975126142 1 -5.97008965706508
"FHL1" -0.0520905741712265 0.837231346343477 -0.138091263187179 0.89072496836866 1 -5.97019993847355
"FeRMT3" 0.116877041580381 1.8407830556546 0.132796133592404 0.894889575503283 1 -5.97088534196098
"SYNCRIP" 0.0641013204021741 1.12831937205131 0.131895908901522 0.89559790044932 1 -5.97099920439623
"CDH1" 0.0681750227742001 0.741230459058091 0.130024390533072 0.897070743477764 1 -5.97123344128375
"PGLYRP1" 0.122708881130859 1.5938618371208 0.127757568453271 0.898855170668108 1 -5.97151267442776
"P35900" 0.044726819536869 1.05611255282155 0.126182991493884 0.900094977879091 1 -5.97170374664149
"HSPA8" -0.104454030276037 2.20683238143488 -0.121994101805267 0.903394485391963 1 -5.97220053207577
"SeRPINA3-5" 0.0976755521418564 4.180000474502 0.117190628974797 0.907180201586801 1 -5.972749576091
"SeRPINA3-1" 0.179858907723012 3.96706252848331 0.114948660002475 0.908947893100701 1 -5.97299829244981
"CORO1A" 0.0488253780540847 0.712513251951128 0.113967500212302 0.90972164007652 1 -5.97310562853416
"CSN1S1" 0.0709742821909123 1.13340790595161 0.109145517045876 0.913525545695904 1 -5.97361977419645
"eeF1A1" 0.0785032385657991 3.0991127531867 0.106464564608083 0.915641350916095 1 -5.97389602363884
"FTL" 0.0483767031064959 0.818609137257954 0.104520925916917 0.917175654842575 1 -5.97409200552763
"HBB" 0.0805074813387927 3.6927480636675 0.101577398475483 0.919499872054344 1 -5.97438193680714
"Q5XKe5" 0.0678464623527111 1.49693522987368 0.0999583985502005 0.920778542222836 1 -5.97453787621088
"TPI1" -0.0481808026559142 1.21743964433329 -0.0978828916159427 0.922418065376131 1 -5.97473412246716
"ACTN1" -0.0823426696722218 0.903885631692904 -0.0976854142146874 0.922574078220805 1 -5.97475258019398
"YWHAZ" 0.0553445890875945 1.68859588819734 0.0967457718120454 0.923316464774159 1 -5.97483989580436
"GPI" 0.0608045458281086 1.13820514753854 0.0903659492660131 0.928358779883901 1 -5.97541042691356
"DSG1" -0.0470895217724392 1.10922966829358 -0.0788898825692885 0.937436255651072 1 -5.97633879663747
"KRT1" 0.0310932061353197 3.40895010581031 0.0762538795614242 0.939522540952827 1 -5.97653426450495
"HBD" 0.0480131871601885 0.958828187301187 0.0708826701664744 0.943774934962873 1 -5.97691200484007
"AHCY" -0.0492381062557854 2.09580206176725 -0.065297353127758 0.9481985882534 1 -5.97727555900798
"KRT19" 0.0658074018069481 2.98511971955223 0.0649876836590169 0.948443900477339 1 -5.97729484333701
"P02787" -0.0529823330859703 0.998359047154502 -0.0579860793299743 0.953991690243867 1 -5.97770639636973
"SeRPINB12" -0.0237153009968665 0.756539404534591 -0.0575304565922788 0.954352790000819 1 -5.97773155398999
"P02788" 0.0258339495703708 1.35017089856469 0.0562023398207885 0.955405431972159 1 -5.97780375494356
"SeRPINF2" 0.0270614979446817 4.39142943819755 0.0526729925227357 0.958203114924394 1 -5.97798742879155
"PLG" -0.0278987682064882 5.15979702787067 -0.0431823786468696 0.965728774664848 1 -5.97842227950453
"FABP1" 0.0233277771213588 0.723699590153096 0.0422598615175058 0.966460471026398 1 -5.97845995691732
"H2BC18" -0.0165168257254862 0.923136078527918 -0.0420256189929741 0.96664626562458 1 -5.97846939433055
"LYZ" -0.0169286534206091 0.816234948298071 -0.0411239088071491 0.967361494166096 1 -5.97850523380777
"eNO1" -0.0319277311299695 3.04866362792199 -0.0389475594525802 0.969087865517574 1 -5.97858853332053
"Q9NY65" -0.0254576148361185 0.950188341295903 -0.0383123141219068 0.969591797202836 1 -5.97861199356682
"GSTA1" 0.0237225983066579 1.25008334825289 0.0354844844096723 0.971835225872731 1 -5.97871174727792
"KRT2" 0.0232157889812541 3.01917522849957 0.0346208893900818 0.972520396426902 1 -5.97874068744087
"RPS4" 0.0217301931729221 0.819531956561856 0.0327353975811461 0.974016405011504 1 -5.97880139505867
"BPT2" -0.0200682522290186 0.757961507238932 -0.0318592686195988 0.974711585704986 1 -5.97882844746788
"H2B1" -0.0165168257254861 0.994790927341528 -0.0291530411356076 0.976859014450925 1 -5.97890737418641
"H2BC12" -0.0165168257254862 1.06456876744601 -0.0282274576023603 0.977593518190576 1 -5.97893276187891
"AFM" -0.0201942780674198 3.70682550964005 -0.0265880678027852 0.978894515871595 1 -5.97897571846538
"CCN2" -0.0155388480462859 0.848101510689783 -0.0246779976895723 0.980410394521256 1 -5.97902252690031
"FGB" 0.0146278439478014 2.98846075906545 0.0184083533467574 0.985386620706475 1 -5.9791516574944
"KRT73" 0.0118458545953963 2.38587391724535 0.0155996101714101 0.987616126339479 1 -5.97919731801707
"CFH" 0.00692093524653803 4.72189086334204 0.0116250896794726 0.990771161033186 1 -5.9792490426011
"APOH" -0.00519151815910757 3.65061751575342 -0.0110016271577497 0.991266089835298 1 -5.9792557860431
"SeRPINA6" -0.00963112825526813 1.96343800635878 -0.0107037702637029 0.991502541458716 1 -5.97925887651804
"KRT5" 0.000540779203580755 4.73730482687423 0.000801692712234628 0.999363543651735 1 -5.97931333691569
"A2M" 8.88178419700125e-16 6.92086440788217 2.54785888870646e-15 0.999999999999998 1 -5.97931364414793
"SeRPINA1" 0 6.35969402538638 0 1 1 -5.97931364414793
"AHSG" 0 6.33992813471078 0 1 1 -5.97931364414793
"ALB" 0 7.89886994691184 0 1 1 -5.97931364414793
"KRT71" 0 2.1048396744389 0 1 1 -5.97931364414793
"APOC3" 0 1.26793116509266 0 1 1 -5.97931364414793
"SPP2" 0 1.00746553062325 0 1 1 -5.97931364414793
"CRYZL1" 0 0.862178149099808 0 1 1 -5.97931364414793
"MDH1B" 0 1.38426449232822 0 1 1 -5.97931364414793
"CKM" 0 1.35290143801116 0 1 1 -5.97931364414793
"CATHL4" 0 1.03048592688038 0 1 1 -5.97931364414793
"GARIN1B" 0 1.00494114708315 0 1 1 -5.97931364414793
"CAPNS1" 0 0.858051979934831 0 1 1 -5.97931364414793
"KRT222" 0 0.969104467853743 0 1 1 -5.97931364414793
"P0DMV8" 0 1.01534727561345 0 1 1 -5.97931364414793
"LOX" 0 0.816160085207953 0 1 1 -5.97931364414793
"KRT81" 0 0.813650693129048 0 1 1 -5.97931364414793
"H2A1" 0 1.14609188733564 0 1 1 -5.97931364414793
"H2AJ" 0 1.14609188733564 0 1 1 -5.97931364414793
"H2AC20" 0 1.14609188733564 0 1 1 -5.97931364414793
"IGFBP6" 0 0.737406371623844 0 1 1 -5.97931364414793
"TUBB2B" 0 0.92920761844114 0 1 1 -5.97931364414793
"NACA" 0 0.91529785373374 0 1 1 -5.97931364414793
"P36955" 0 0.913183336911223 0 1 1 -5.97931364414793
"H2AZ2" 0 0.75206805292264 0 1 1 -5.97931364414793
"HSPA2" 0 0.839082397910449 0 1 1 -5.97931364414793
"H2AZ1" 0 0.791597280724162 0 1 1 -5.97931364414793
"IGF2" 0 0.832300800560946 0 1 1 -5.97931364414793
"KRT35" 0 1.15178337413476 0 1 1 -5.97931364414793
"KRT78" 0 1.30137014592659 0 1 1 -5.97931364414793
"KRT74" 0 1.00583262753999 0 1 1 -5.97931364414793
"P0DMV9" 0 1.01534727561345 0 1 1 -5.97931364414793
"CHI3L1" 0 0.89653022475856 0 1 1 -5.97931364414793
"CALD1" 0 0.74005781239672 0 1 1 -5.97931364414793
"LASP1" 0 0.732436238002766 0 1 1 -5.97931364414793
"HP" 0 0.825622886483792 0 1 1 -5.97931364414793
"C4B" 0 0.825451840140098 0 1 1 -5.97931364414793
