"logFC" "AveExpr" "t" "P.Value" "adj.P.Val" "B"
"ALB" -8.27037775754122 7.89886994691184 -32.7583754404234 2.29211028008484e-35 8.91630898953002e-33 61.9248975923505
"AHSG" -6.88278332635306 6.33992813471078 -19.2591466571141 9.92121707275477e-25 1.9296767206508e-22 43.4998282722323
"P02768" 8.61413200243354 3.38571285078241 18.922777733279 2.1518143111613e-24 2.16536361989635e-22 42.8484047739241
"P13645" 7.29892612456214 3.13597377247352 18.9080396477702 2.22659498189856e-24 2.16536361989635e-22 42.819582206883
"TF" -6.75017193775566 6.50277193165561 -18.7577741450462 3.15800754803758e-24 2.33629275517195e-22 42.5243582565526
"A2M" -7.27669368544839 6.92086440788217 -18.6704266108612 3.87311399540715e-24 2.33629275517195e-22 42.351606376076
"P63261" 5.70526423806364 2.61637983050475 18.5785253976264 4.80471517773151e-24 2.33629275517195e-22 42.1689361172151
"P60709" 5.70526423806364 2.61637983050475 18.5785253976264 4.80471517773151e-24 2.33629275517195e-22 42.1689361172151
"KRT9" 6.85539839053595 2.91951637462526 17.0061452854884 2.18323704030876e-22 9.4364356520012e-21 38.8933693137417
"KRT1" 7.72126242651151 3.40895010581031 16.9367370459456 2.59887416728042e-22 1.01096205107209e-20 38.7420106461676
"AFP" -5.81608635259384 5.71185561573929 -15.7468514591016 5.58939342275628e-21 1.97661276495654e-19 36.0532922229773
"SeRPINA1" -6.56880150954906 6.35969402538638 -15.5116502153116 1.04436570657717e-20 3.385485498821e-19 35.5002318326668
"C3" -6.83268977313991 6.67762398894577 -15.4695215879104 1.16888084745318e-20 3.49765115122528e-19 35.4003971112447
"TLN1" 6.85539839053595 2.87545084798534 14.7769542208527 7.66950324911757e-20 2.13102625993338e-18 33.7250169193923
"GC" -5.21230258423349 5.06743320271011 -14.5251886409254 1.54119697067719e-19 3.99683747728952e-18 33.0997629195299
"ACTB" -4.63311229401437 4.64889836020568 -14.1030413841501 5.052597151886e-19 1.15615311299039e-17 32.0315781970387
"ACTG1" -4.63311229401437 4.64889836020568 -14.1030413841501 5.052597151886e-19 1.15615311299039e-17 32.0315781970387
"HBBF" -4.8000442341749 5.11778033064974 -11.7227358654656 6.20068717500448e-16 1.34003739504263e-14 25.5284612992163
"APOA1" -6.09811111831907 5.73016030923517 -11.6929710034725 6.80864331883904e-16 1.3939801321202e-14 25.441878062898
"GSN" -4.90254558321536 4.70798588107988 -11.4287144005165 1.56989651890305e-15 3.05344872926643e-14 24.6674594191852
"SeRPINF1" -4.29098076908607 4.44950328492584 -11.2129204873665 3.12633445838729e-15 5.79116240148884e-14 24.0274589166047
"ITIH4" -5.61167288021957 5.57714384362311 -11.1464388118068 3.87011206672227e-15 6.84306179070437e-14 23.8289161004771
"COL6A1" 4.00800719464088 1.0531367631725 10.9382816130688 7.57732712991599e-15 1.25613392726702e-13 23.2031115480011
"FeTUB" -4.56262988184147 4.59737110107439 -10.9313331155059 7.74992654354973e-15 1.25613392726702e-13 23.182113227259
"P68366" 5.37286126246111 1.95366699123422 10.8371106347123 1.05244261104098e-14 1.63760070277977e-13 22.8966854323271
"TUBB1" 4.38863314028003 1.42581639624191 10.794301491733 1.20987783131177e-14 1.81016337069338e-13 22.766581413965
"A1BG" -4.22843822474885 4.21514638674972 -10.5586541833266 2.61694580639435e-14 3.77034043958297e-13 22.0457149152169
"KNG1" -5.46221485070524 4.61740896634327 -10.1939748550101 8.75383436193817e-14 1.21615770242641e-12 20.9146670515421
"HBA" -4.12771584843923 4.58751823349648 -10.0897251079799 1.23993856819098e-13 1.66322794146998e-12 20.5879451173194
"SeRPINA5" -5.49382486874397 4.45273357818194 -9.97664346956398 1.81154938710646e-13 2.34897570528138e-12 20.2318673395
"KRT2" 7.29892612456214 3.01917522849957 9.73551060808591 4.08629689573794e-13 5.11220593226956e-12 19.4668420225798
"eeF1A1P5" 4.72175137191547 1.9684402153512 9.72702956048956 4.20541362037599e-13 5.11220593226956e-12 19.4397947075238
"AGT" -5.07226737905476 5.18031301631619 -9.4360550671175 1.13262128904894e-12 1.33512024678799e-11 18.5062052918757
"P19823" 4.53326814384433 1.84784059236717 9.40501246076014 1.25959386419391e-12 1.44112356815127e-11 18.4059701764757
"C4" -4.42214394945218 4.65920312784159 -9.29121695672806 1.86114558959221e-12 2.06853038386105e-11 18.0375073432258
"APOH" -4.82517428208193 3.65061751575342 -9.14577563825653 3.07153353066119e-12 3.31896262063112e-11 17.5642795340844
"VTN" 3.75765831872086 1.40921416454494 9.05505585442828 4.20294777906599e-12 4.41877482718019e-11 17.2678255201773
"KRT14" 6.17678296091774 2.59721950884683 8.98930510845633 5.27830273096626e-12 5.40331516406809e-11 17.0523659301223
"P35900" 3.48046976438035 1.05611255282155 8.78244949283585 1.08387405403402e-11 1.08109488979291e-10 16.371326390778
"P68104" 4.72175137191547 1.89863603467514 8.75805793828684 1.18016801920395e-11 1.14771339867584e-10 16.2907099406656
"P63104" 3.27978931003222 1.02876247999891 8.74959320635119 1.2155636532499e-11 1.15330307588832e-10 16.2627181794234
"TUBA1B" 5.26422131509941 1.83936878995559 8.68674873480015 1.51408646114157e-11 1.40233246043826e-10 16.0546602584373
"P11142" 4.55950529489821 1.4286386572736 8.59822290082129 2.06426279889124e-11 1.86743774132254e-10 15.7608750835495
"LIMS1" 2.70965192413812 0.815161218650176 8.39528127802661 4.21207015729436e-11 3.72385293451706e-10 15.0843947437784
"P61224" 2.91854347938987 1.06500774225224 8.35545958180406 4.8467364108033e-11 4.18973436400552e-10 14.9511845581607
"HBA1" 5.27751134366614 1.82643888532008 8.17999929100574 9.00898385722306e-11 7.61846678360820e-10 14.3625071203285
"CFH" -5.42203440302385 4.72189086334204 -8.14589463484851 1.01654173173652e-10 8.41350497118098e-10 14.2477684880899
"P06733" 4.20643901036641 1.16215827316113 7.99583890612068 1.73112487350086e-10 1.40293244956632e-09 13.7417839570472
"FLNA" 5.45915340518476 1.94622889739667 7.93549594430366 2.14532756604177e-10 1.70312739426582e-09 13.5378036041795
"QSOX1" 2.62980035244632 0.978259002730328 7.81863533229224 3.25242176803473e-10 2.53038413553102e-09 13.1420030092284
"KRT16" 6.00377290017479 2.4557089568436 7.77146175946045 3.8482067929282e-10 2.93520086754719e-09 12.9819549301455
"P02788" 3.986422114168 1.35017089856469 7.75696560800675 4.05245302128492e-10 3.0315465870766e-09 12.9327428587772
"eDIL3" 4.40293576347576 1.05310899536172 7.74747332066105 4.19206173132223e-10 3.07681511978179e-09 12.90051052017
"HPX" -4.47499892357957 4.50017515274439 -7.69295163064862 5.09283100242908e-10 3.66872455545354e-09 12.7152611628424
"ORM1" -4.23803282542439 3.90623180911046 -7.63840941956814 6.18859857473855e-10 4.37702699195145e-09 12.5297547179347
"P01024" 5.58887237690711 2.31548225916967 7.5970161634098 7.17573693870192e-10 4.93089211431573e-09 12.388850249669
"P62826" 2.62980035244632 0.922613212676283 7.59509485755685 7.22521466622099e-10 4.93089211431573e-09 12.3823076080365
"P23528" 2.86398874534244 0.892579134525166 7.57375993598367 7.79819728518438e-10 5.23017024816677e-09 12.3096413931103
"SeRPINF2" -4.34147528692543 4.39142943819755 -7.55820186430581 8.24459686525219e-10 5.43584437386967e-09 12.2566347729448
"P13647" 5.9018867255148 2.60010411438863 7.3953025830432 1.47766095606658e-09 9.58016853183165e-09 11.7008693047713
"C4A" 4.69559281149033 1.81106546131638 7.3828791381413 1.54497018379317e-09 9.85235084418922e-09 11.6584309169896
"eHD3" 2.70965192413812 1.05773225180497 7.3556611764546 1.70338027573866e-09 1.06873375364894e-08 11.5654304676087
"PLG" -5.25028691569836 5.15979702787067 -7.26857980837356 2.3281716139818e-09 1.4375535838713e-08 11.2676749230909
"KRT5" -5.41078654048305 4.73730482687423 -7.17452822298986 3.26358438983617e-09 1.97102686265237e-08 10.9457665735152
"SeRPINC1" -5.00780327454952 5.03021048165686 -7.17198905925119 3.29348961625718e-09 1.97102686265237e-08 10.9370717271424
"PKM" 3.27098581797059 1.51734925952507 7.03586022823783 5.37190657434557e-09 3.16616917790973e-08 10.4706607093606
"POTee" 4.37993539593385 1.39968024410531 6.98461874760671 6.45870458062131e-09 3.74990459979356e-08 10.2949810908902
"THBS1" -4.02892776247594 3.8930104496408 -6.98017704501496 6.56269466933126e-09 3.75424739172039e-08 10.2797505131778
"P36955" 4.13422928776934 0.913183336911223 6.96546763768075 6.91918950282351e-09 3.90081842985268e-08 10.2293095836172
"P68371" 4.58848070147515 1.62509992330438 6.95598178898789 7.15930299116564e-09 3.92753638335982e-08 10.1967791728461
"FBLN1" 4.14202053357451 1.37059447289955 6.95562438520997 7.16851113672357e-09 3.92753638335982e-08 10.1955534777053
"MYH9" 4.84283811262264 2.01663136304521 6.86848925229111 9.80706156197541e-09 5.29853742723394e-08 9.89667701917725
"P34931" 3.69048916418446 0.857992294258848 6.77461065118378 1.37467887280833e-08 7.32534358249919e-08 9.57459468409725
"P04406" 3.89165795744707 1.55420244363732 6.7523450820427 1.48931276476912e-08 7.82895493912416e-08 9.49820051304401
"KNG2" -4.98902864237791 4.18853710619748 -6.73825734765835 1.56673058872263e-08 8.12610932017473e-08 9.44986484701747
"P07996" 5.0042650667237 2.00970292703318 6.72918326016645 1.61871367119914e-08 8.28525813284824e-08 9.41873135865111
"SeRPINA3-7" -4.18368336216306 4.07790237558185 -6.65394765011562 2.12175695910345e-08 1.05280088318946e-07 9.16060789248837
"Q04695" 5.17916125558516 2.13005613425584 6.65375107301304 2.12325756868689e-08 1.05280088318946e-07 9.15993350867354
"P0DMV8" 4.51189135607386 1.01534727561345 6.64593204724561 2.18381347475477e-08 1.05280088318946e-07 9.13310957320356
"P0DMV9" 4.51189135607386 1.01534727561345 6.64593204724561 2.18381347475477e-08 1.05280088318946e-07 9.13310957320356
"AMBP" -3.63345708522797 3.38053727812444 -6.6448653368029 2.19220749455903e-08 1.05280088318946e-07 9.12945016024046
"P12259" 4.27692014907455 0.921348733982136 6.5466329844767 3.12092798139702e-08 1.48053778629688e-07 8.7925164168182
"P68032" 5.06001248395302 2.03404680916652 6.51591328206308 3.48531214707521e-08 1.63347762073766e-07 8.68717993562506
"KRT6A" 6.29971028013433 2.57447632704768 6.44207370001605 4.54441770637743e-08 2.10449819973907e-07 8.43407113383168
"TUBB" 4.67635201051238 1.55550919138058 6.43751334634064 4.61948227644651e-08 2.11409247710317e-07 8.41844353367365
"P01023" 6.32291444941001 2.44612252397125 6.42395517742515 4.85003930115749e-08 2.18314148316572e-07 8.37198528323954
"P02771" 3.5574940931862 1.3284525812195 6.42209217238275 4.88260434538349e-08 2.18314148316572e-07 8.36560194235667
"KRT13" 3.92736917557594 1.66250528245446 6.41068720550929 5.08677163397495e-08 2.24832937105776e-07 8.32652654414385
"P05452" 3.06928744454277 0.807739349953079 6.40757266989605 5.1439926484355e-08 2.24832937105776e-07 8.31585627755766
"F12AI" -4.64269451701166 4.17877512795676 -6.40311612179436 5.22698803590348e-08 2.25922038440717e-07 8.30058884581367
"TTR" -3.62552385641432 3.64932677107665 -6.39367552729809 5.40724109759372e-08 2.294580362729e-07 8.26824888420341
"F2" -4.35140446435682 4.54461174228961 -6.39267157536873 5.42677103781666e-08 2.294580362729e-07 8.26480988323372
"P07900" 4.45570425592225 1.43066996680378 6.38643893012616 5.54959929590199e-08 2.32128400656546e-07 8.24346090219235
"HSPA6" 3.72637984863326 0.881838350545178 6.29715603690669 7.64608245676538e-08 3.16417667625716e-07 7.93778497252619
"MYH11" 2.96971870013627 0.813994716585664 6.22344678356076 9.95948267683126e-08 4.07814606451301e-07 7.68567095263854
"F5" -5.60634239205 4.70170584827196 -6.19321483694788 1.10991688549761e-07 4.49510082804191e-07 7.58233952450811
"FHL1" 2.61078780116645 0.837231346343477 6.19047004070687 1.12088632473024e-07 4.49510082804191e-07 7.57296021259847
"TUBA1A" 5.20295411471608 1.4003424540644 6.16720644562576 1.21830189807584e-07 4.83591263623981e-07 7.49348140106033
"P01008" 4.77492468661124 1.71175059502475 6.136048513459 1.36210676815237e-07 5.31744799845117e-07 7.38707795249528
"ADIPOQ" -3.14698515940045 2.9311360628011 -6.13505642972767 1.36695321296945e-07 5.31744799845117e-07 7.38369090930164
"KRT3" 4.24795624372585 1.68289539879105 6.10306335160262 1.53279474818402e-07 5.90353620835233e-07 7.27449506831321
"P06396" 5.32892856003077 2.02434651694114 6.09812950401086 1.56009476968066e-07 5.94977319025272e-07 7.25766074353488
"Q9BUF5" 3.64287265881237 0.772245621082417 6.07442605188965 1.69815151558049e-07 6.41340718020206e-07 7.17680534500135
"AMY2B" 3.16599383257836 0.923538375654455 6.05708793022259 1.80677258462368e-07 6.75802437902513e-07 7.1176854194978
"P00558" 3.05993107730514 0.941550110779888 6.03237676022768 1.9736369344023e-07 7.27220408485937e-07 7.03345883945285
"CFB" -4.46909635900222 4.64449267391141 -6.031246018601 1.98162887659407e-07 7.27220408485937e-07 7.02960575509405
"H4C1" 3.0235354647821 1.01386474095244 6.02574315876865 2.0209844209344e-07 7.34731719386432e-07 7.01085560771138
"APOe" -3.74683253564365 3.52932592597854 -6.02181931923683 2.04952107889695e-07 7.38207129343437e-07 6.99748700027673
"P26038" 3.86663585713739 1.29594388763761 5.92616588138658 2.88373910260815e-07 1.02915092744456e-06 6.67193923014253
"Q13509" 4.21286601968498 1.07733684802175 5.7627890912444 5.15882015000282e-07 1.824346398501e-06 6.11764376528309
"H2BC18" 2.53093622947465 0.923136078527918 5.75988388638174 5.21234368828249e-07 1.82666819346116e-06 6.10780945425426
"GAPDH" -3.18112265364687 3.11524845379032 -5.73143143603054 5.76655489608299e-07 2.00284808444311e-06 6.01154060908433
"AMY1A" 3.16599383257836 0.931305959676543 5.69948628312743 6.45872579176574e-07 2.18473420260598e-06 5.90355305754396
"AMY1B" 3.16599383257836 0.931305959676543 5.69948628312743 6.45872579176574e-07 2.18473420260598e-06 5.90355305754396
"AMY1C" 3.16599383257836 0.931305959676543 5.69948628312743 6.45872579176574e-07 2.18473420260598e-06 5.90355305754396
"SeRPINA3-2" -4.63194284022036 4.76093658631639 -5.62673449636246 8.35792571658666e-07 2.80278715840708e-06 5.65803324212809
"APOB" 5.11597168612847 1.74147644688934 5.57887668890162 9.89943554050374e-07 3.29135079081706e-06 5.49685386950507
"KRT75" -4.44510661566311 3.76148145514914 -5.53331022786028 1.16278469105472e-06 3.83324783746006e-06 5.34364901637005
"LRP1" 3.22111455760683 0.778836242934973 5.52850545520174 1.18266756966645e-06 3.86603096302731e-06 5.32750941638425
"SYNCRIP" 3.00125632487975 1.12831937205131 5.52347549085486 1.20384317692227e-06 3.90245829852301e-06 5.3106165338421
"ITIH3" -4.71906999309012 4.77000855321383 -5.51191771574789 1.25393357201209e-06 4.03124098770828e-06 5.27181263656119
"P63000" 2.90168758047324 0.746602443699595 5.49834644754843 1.31539025642718e-06 4.19415417828012e-06 5.22627078606411
"TLN2" 3.5574940931862 1.10544850568922 5.41642725008216 1.75500143562984e-06 5.55037039398381e-06 4.95189549768221
"Q9NY65" 4.0014641968069 0.950188341295903 5.38622637510958 1.95140881729973e-06 6.12175830588382e-06 4.85097926090377
"F12" -3.66154027974121 1.484624969185 -5.3705956049844 2.06144543370408e-06 6.41521818968708e-06 4.79880115643385
"KRT6C" 6.00479428579009 2.32059859033938 5.31805139972333 2.47827613251129e-06 7.65118583767376e-06 4.62366842022449
"Q14CN4" 3.70846055439826 1.17514041604347 5.29827529956509 2.65587178094995e-06 8.13491435267346e-06 4.55786365510275
"LUM" -3.2219458139024 3.21823144904628 -5.27941915017557 2.83689550782223e-06 8.621502754241e-06 4.49517759632292
"Q9BQe3" 5.14093116306933 1.17739584610662 5.24995491380814 3.14444502383485e-06 9.48208615714541e-06 4.39734040660163
"ANXA2" 2.90168758047324 1.17048389688045 5.23806292143384 3.27770205879384e-06 9.80789308362155e-06 4.35789289913825
"KRT7" -3.80616887593303 3.17526847580436 -5.20887909299172 3.62881961223773e-06 1.07756551844311e-05 4.26118608927118
"LYZ" 2.39051419874255 0.816234948298071 5.19407593720739 3.82086081917257e-06 1.12599610504404e-05 4.21218802277826
"ILK" 3.40805408841593 0.777665343783164 5.17947430529321 4.02010520996757e-06 1.17580520802811e-05 4.16389407549243
"Q5XKe5" 3.91331937944236 1.49693522987368 5.15682470890481 4.34962628587205e-06 1.26269001880912e-05 4.08905592069663
"SeRPIND1" 3.18958283431659 0.867886758831868 5.12093613625979 4.92709218210352e-06 1.41973248802835e-05 3.97066163282529
"SeRPINA7" -3.61422170189422 3.67551016269991 -5.00804401597216 7.28228220546738e-06 2.08294689553442e-05 3.59980788267416
"PZP" 5.42434322770239 1.74957636782378 4.96869195418776 8.34027670272956e-06 2.3681515601181e-05 3.47112332358706
"KRT6B" 6.13077191270177 2.38420675803211 4.90907719571458 1.0237323138021e-05 2.88573818890591e-05 3.27678850932885
"P08238" 3.58019577601455 1.23310560991947 4.88040156201907 1.1295169136495e-05 3.1610221540263e-05 3.18358063214705
"KRT8" 4.02416051238081 1.48481870418941 4.86801768615638 1.17845752059938e-05 3.27442839652257e-05 3.14338341263271
"P02649" 2.69783147210934 0.800040951030369 4.8644312982447 1.19301590580307e-05 3.29137012310208e-05 3.13174856914028
"FGA" -3.49150476009563 3.23023216956481 -4.86057709252047 1.20885851251081e-05 3.31159127723031e-05 3.11924806295609
"P26583" 3.39906678072634 1.24120552866906 4.85560164411514 1.22961597006456e-05 3.34489938709869e-05 3.10311587419276
"HABP2" -2.88610707757658 1.22761421618688 -4.84094916319423 1.29280149614073e-05 3.49235959721349e-05 3.05563946686809
"APOD" -2.82316243185565 2.03025949694095 -4.79697697539391 1.50219073844321e-05 4.03001515347869e-05 2.91345532801941
"P02774" 4.25008802181375 0.984024814349377 4.78850576774558 1.54619498405382e-05 4.11965649860916e-05 2.88611492130606
"HBD" 3.61446940310655 0.958828187301187 4.77275432214376 1.63140609096468e-05 4.31712224071605e-05 2.83532261474748
"P02765" 5.19636865123044 1.23196355966353 4.76021273814062 1.70253351503511e-05 4.47490227938283e-05 2.79492279703137
"SeRPINA3-5" -4.42374382176936 4.180000474502 -4.74724857588228 1.77925489682309e-05 4.64516882459182e-05 2.75320117823698
"CLU" -3.48597529542526 3.15427172728283 -4.74011665077366 1.82289714768544e-05 4.72737993633092e-05 2.73026624276605
"P00734" 4.56163996607358 1.13249756310267 4.72694014110361 1.9063071604018e-05 4.91095023441258e-05 2.68792544478402
"P68133" 5.06001248395302 1.28977698708408 4.63023585588772 2.64409625548979e-05 6.74011061607527e-05 2.37850018356221
"P02751" 4.94964486258841 0.834444741245757 4.62946311050245 2.65099466390621e-05 6.74011061607527e-05 2.37603721003738
"CFD" -2.82126107882061 1.78210932271283 -4.60670288947101 2.86227209258451e-05 7.21600256385392e-05 2.30356342141378
"P09429" 3.19126329001801 1.26815882585194 4.60535681421772 2.87527094446622e-05 7.21600256385392e-05 2.29928146641879
"KLKB1" -3.28794014529658 2.46678569176775 -4.59268930458984 3.00046432102472e-05 7.46972869126372e-05 2.25900875522435
"P08727" 3.8193016873367 1.416951926209 4.59127439814461 3.01477481883908e-05 7.46972869126372e-05 2.25451311037638
"O95678" 4.58410107867093 1.53894183147187 4.57078322817543 3.22966718364171e-05 7.95152236985206e-05 2.18946561047137
"AFM" -3.86599641409722 3.70682550964005 -4.5526565220684 3.43220373436772e-05 8.39702674634618e-05 2.13201825860994
"CLeC3B" -3.28282849432683 2.73554187031115 -4.47126203071832 4.50552800006041e-05 0.000109540649501469 1.87518131254248
"POSTN" 3.6314362255924 1.03572541643493 4.46266975417239 4.63636341824159e-05 0.000112021451533912 1.84817796267427
"THBS4" -3.42709880962645 2.68668185264539 -4.44328568476207 4.94530008393295e-05 0.000118748255101847 1.7873370478085
"KRT79" -3.9192033985785 2.46167221409469 -4.43735464802737 5.04377862880835e-05 0.000120369931693647 1.76874308919254
"P05109" 2.53093622947466 0.857391557633852 4.40261933177237 5.6601257834056e-05 0.000133476925033554 1.66005476226986
"LOX" -2.24851411490819 0.816160085207953 -4.40253981971675 5.66161764281142e-05 0.000133476925033554 1.65980637610595
"SeRPINA3-4" -4.81549640338996 4.36803406739786 -4.28163057844709 8.43540721266034e-05 0.000197673096730414 1.28433676046754
"F10" -2.74458209187343 1.80970480432474 -4.2150217409599 0.000104888408406223 0.000244320903413298 1.07946988564681
"KRT71" -3.25365272080855 2.1048396744389 -4.19364699145596 0.00011245279348641 0.000260381765870318 1.01403798180608
"S100A9" 2.54177797721324 0.904075742037082 4.18893529042321 0.000114190163759867 0.000262840081080403 0.999635221543684
"HBB" -3.69407984169321 3.6927480636675 -4.16881014526488 0.00012190905885538 0.000278956611145546 0.938200991283752
"KRT73" -3.53708923051133 2.38587391724535 -4.16618314502446 0.000122953276095713 0.000279700727492587 0.930191931485831
"ITIH1" -3.63983903454042 3.87981031137867 -4.14317336300351 0.000132478351282568 0.000299616736330925 0.86014191373542
"COL10A1" -2.19069183791538 0.950811369126076 -4.10922348489173 0.000147851581449333 0.000332452399906304 0.75712094476201
"VCL" 4.08010092872254 1.09331505663949 4.10126287254784 0.000151699266277454 0.000339143761965114 0.733022853142899
"P02647" 3.18958283431659 1.00542398438452 3.95798952751706 0.000240029689234067 0.000533551709211726 0.303228884762339
"LTF" -4.48644063593098 2.30720693197382 -3.91994230823993 0.000270821559113872 0.000598577195996002 0.190382829087421
"C5" 3.1231042091886 0.94545995618737 3.91496312821997 0.000275123099113356 0.000604649070932742 0.17565613122492
"MST1" -2.70492576619815 1.62360500018283 -3.86965319033118 0.000317418027958152 0.000693683218402928 0.0420905655533899
"FN1" -3.80785800319809 3.71655401057699 -3.84006803378689 0.000348346953671965 0.000757022150717287 -0.044682128810666
"DSP" 3.51889522135438 1.47603450015398 3.81407898354123 0.000377894941456429 0.000816672956814172 -0.120616610480351
"CATHL4" -2.55416695516318 1.03048592688038 -3.80882402554854 0.000384156040147572 0.000825617124958042 -0.135937087048517
"P00747" 3.22111455760683 1.16782470389664 3.79448314343547 0.000401754902322638 0.000858695917601683 -0.177689388917688
"CHI3L1" -2.45957980513663 0.89653022475856 -3.76434423293775 0.00044130346707543 0.000938071304329739 -0.265159517502608
"IGFBP3" -3.36421026400723 1.51430664029472 -3.75113902269522 0.000459787220698101 0.000972050156801963 -0.303364828184995
"TPI1" -2.01977349048569 1.21743964433329 -3.6701213248797 0.000590548605816536 0.00124174814952774 -0.53614304939301
"IGFBP2" -4.86927110057308 2.49221021613105 -3.63613949670812 0.000655419906846307 0.00137074378367319 -0.632931838410554
"VNN1" -3.04725077685097 2.81274626416241 -3.60373349828075 0.00072360229185424 0.00150524754829572 -0.724755393268531
"KRT19" -4.0746358314426 2.98511971955223 -3.59906845265493 0.00073395971038962 0.00151867195394448 -0.737935221552337
"Q14624" 3.0235354647821 0.847102710185448 3.56341400758226 0.000817938016077399 0.00168348089023338 -0.838341653315023
"C7" -2.99763415495168 3.25915321358906 -3.4899053725253 0.0010209512205345 0.00209026328835747 -1.04350098873988
"JUP" -3.60012147418525 1.99121040639514 -3.48329185263879 0.00104140511785587 0.00212097691542373 -1.06183490532711
"ANXA5" -1.86492723969683 0.90890180110496 -3.46071181734108 0.00111422214163896 0.0022574604848831 -1.12427428261746
"Q02413" 2.53093622947466 1.12524440089699 3.43475978365495 0.00120390086930154 0.00242651522361814 -1.19573627327804
"YWHAZ" -2.15989203194485 1.68859588819734 -3.37702178402244 0.00142867324580172 0.0028647107866849 -1.35354928461029
"C4BPA" -2.66355867336198 1.20731446658283 -3.37420199857397 0.00144061326041684 0.00287383876052385 -1.36121445059811
"CDH1" -1.94584009140348 0.741230459058091 -3.31933951316053 0.00169265026031193 0.00335939260847623 -1.50955821628706
"CKM" -2.16058908085914 1.35290143801116 -3.2692342717042 0.00195885319709569 0.00386798930797067 -1.64370342356634
"C9" -2.97335331288522 2.64589591784853 -3.26293930759704 0.00199496981040926 0.00391941038509698 -1.66046522747185
"P62987" 1.43734523718349 0.778036181657141 3.22552903554765 0.0022229308337616 0.00434532710720233 -1.75965203533911
"SeRPINA3-6" -4.65379719782526 3.86773204855871 -3.21278500113992 0.00230605010123319 0.00448526744689856 -1.79327254786316
"APOA4" -2.83006257640108 2.32307816207925 -3.17585323820984 0.00256379454845613 0.00496177153905191 -1.89021563961099
"FGB" -2.81939792467523 2.98846075906545 -3.17348165879064 0.00258124054308189 0.00497080480821215 -1.89641589564976
"eNO1" -2.86495449471272 3.04866362792199 -3.12589879588991 0.00295579898666007 0.00566406800892004 -2.02017277998887
"SeRPINB12" 1.43734523718349 0.756539404534591 3.11871197194541 0.00301662847918221 0.00575229646275431 -2.03875739724293
"SeRPINA3-8" -2.99385841495514 2.79758284602325 -3.10297985942288 0.00315391487140459 0.00598474578037262 -2.07934027168393
"ACTC1" -4.0632760669058 3.26018247841033 -3.09910048650062 0.00318865874242437 0.00602130218836446 -2.08932656617073
"AHCY" -2.59209882161894 2.09580206176725 -3.07461530095568 0.00341637476462539 0.00642014388134916 -2.15216351013183
"eeF1A1" -2.52676477168683 3.0991127531867 -3.06497767639243 0.00351012018676319 0.00656459977236 -2.1768050082263
"CPB2" -2.44771367281419 2.51229027992346 -3.05089090641938 0.00365148829465408 0.00679631074938007 -2.21272825838069
"KRT4" 1.65805724446401 0.990790724299546 3.02857851866603 0.00388636278837422 0.00719902440322652 -2.26939866076087
"P14923" 2.53093622947465 1.10005277187694 3.00274884889392 0.00417589414328352 0.00769868635894451 -2.33464863300257
"KRT72" -3.52053875225806 1.86530528201292 -2.99134415620263 0.00431004324611764 0.00790852274877246 -2.36333703132162
"P63267" 2.63355031624985 0.87805768071294 2.98798298816662 0.00435034085041007 0.00794498868924657 -2.37177772143867
"HSPA1B" -2.5155954915066 2.44510387229831 -2.97086884137546 0.00456103767249092 0.00825229606790218 -2.41465406868615
"HSPA1A" -2.5155954915066 2.44510387229831 -2.97086884137546 0.00456103767249092 0.00825229606790218 -2.41465406868615
"KRT78" -2.60713789448063 1.30137014592659 -2.94453163624566 0.0049039573915996 0.0087937491044345 -2.48030427861802
"TAGLN2" -2.89058893392073 1.83077279292619 -2.9444163135467 0.00490551042586706 0.0087937491044345 -2.48059084930348
"KRT17" -4.55992590289371 3.23306572574161 -2.89666209525524 0.00558947950390972 0.0099738877386279 -2.59858325392036
"DSG1" -1.91307327198806 1.10922966829358 -2.86664310730818 0.00606375094037441 0.0107707722182906 -2.67205998365226
"P02787" 2.90168758047324 0.998359047154502 2.84045760180303 0.00650767717735067 0.0115067564635882 -2.73571011767768
"PROC" -2.18817205258606 1.6725020153346 -2.80451881850414 0.00716607848054474 0.012613595153538 -2.82238795217752
"ACTA1" -4.0632760669058 2.30705589697583 -2.79696598097365 0.00731205753605551 0.0127970534820136 -2.84050318406143
"TGFBI" -3.20407004497519 2.48367420342353 -2.79573542832981 0.00733610006809521 0.0127970534820136 -2.84345128894104
"TBA1B" -2.71684129712349 2.90659736747237 -2.79153559797424 0.00741870758867127 0.012883380589255 -2.85350601346315
"GFAP" -2.33398247670088 1.17734737471369 -2.77229149588859 0.00780832917357006 0.0134997335489722 -2.89943810383767
"P62736" 2.63355031624985 0.819421742950362 2.74212216627431 0.00845730918759751 0.0145331918785579 -2.97098192185692
"P08729" 1.8241046139985 0.884330985275087 2.74107027660315 0.00848080862836156 0.0145331918785579 -2.9734660859937
"IGKC" 2.39051419874255 0.881565498792972 2.72588178512014 0.00882689444461618 0.0150599207848934 -3.00925780242257
"APOA2" -1.71534609954619 2.08057150987048 -2.71356851142451 0.00911695462908706 0.0154790309393482 -3.03816700454883
"HP20" -1.3926389214214 0.816240202931749 -2.71210002635194 0.00915212626233953 0.0154790309393482 -3.04160830689143
"Q7RTS7" 2.05271605034636 1.27703309365531 2.61747799015613 0.0116995425651592 0.0197018270902464 -3.26043109719297
"Q86Y46" 2.18269615199303 1.1857206287167 2.61444264478058 0.0117910828394654 0.019770393209276 -3.26735447819017
"CHIA" -2.62137531100501 2.4685420252052 -2.59581152070066 0.0123674422700179 0.0206477898842789 -3.30971801332118
"KRT76" 2.56035822029754 1.62000062950684 2.57680176083364 0.012981905120859 0.0215077984255627 -3.35270648201874
"TUBA4A" -2.47618960831317 3.02607971102588 -2.57646179317754 0.0129931430077307 0.0215077984255627 -3.35347310286713
"HSPA8" -2.46466946726547 2.20683238143488 -2.57464473405194 0.0130533577091073 0.0215159158849269 -3.35756923717868
"MYH10" -2.49745603297381 1.68204094622377 -2.54106227001286 0.0142129772286962 0.0233284731728389 -3.43287702705379
"RGN" -1.37077499896245 1.09112540622662 -2.51881930981 0.0150317851187131 0.0245687580301655 -3.48234016636519
"SPP2" -1.90936892352584 1.00746553062325 -2.51135924548059 0.0153158468893128 0.0249283030959945 -3.4988548647099
"COMP" -2.23661957491601 2.11594427770156 -2.48221064845353 0.0164730170137838 0.0266583981516003 -3.56302041421296
"NACA" -1.5531887444956 0.91529785373374 -2.48116718485255 0.0165158713484207 0.0266583981516003 -3.56530668649401
"LASP1" -1.7303196434187 0.732436238002766 -2.38928683262722 0.020708729204744 0.0331658320463422 -3.76367656872463
"P05786" -3.11955427751959 1.65283958906743 -2.38910324395484 0.0207179876279207 0.0331658320463422 -3.76406705568032
"KRT84" 1.99574074042601 0.773961847807489 2.38627677046068 0.0208609973325494 0.0332579014850891 -3.77007588212682
"RNASe4" -1.55339588048135 0.913827514006548 -2.37544313140956 0.0214173860575734 0.03400556398529 -3.79305517315766
"CL43" -1.42518093172998 1.01997150344783 -2.32328393896543 0.0242867700726528 0.0384046892612274 -3.90252752338441
"RAP1B" -1.68406199400614 1.4255291648707 -2.30126262653909 0.0255979851981716 0.0403142357979302 -3.94816331797497
"P04272" -2.30506820881311 1.30785720245291 -2.25767805798797 0.0283804402370214 0.0445160937588763 -4.03745418563578
"IQGAP1" 1.65805724446401 0.948345697714533 2.25254450049179 0.0287252403594494 0.0447970778597773 -4.04788039706305
"RPS27A" -1.87614302752299 1.46532108751238 -2.25158796979383 0.0287898957967721 0.0447970778597773 -4.04982097793029
"HRG" -1.70076873148885 1.92868671409551 -2.21384154935298 0.0314465446992987 0.0487358800319808 -4.12586479295765
"KRT77" 1.99574074042601 1.25641552382787 2.19208104683312 0.033074611468716 0.0510556502433752 -4.16922663149219
"LYSM" -1.07555047129063 1.09459348779693 -2.17780349740056 0.034182791779549 0.0525577312341683 -4.19748658544829
"ARG1" -1.53227925606183 0.902931337311827 -2.15033445801812 0.036407113497495 0.055757350986321 -4.25142939280727
"PFN1" -2.01274166184436 1.84309090327684 -2.12873634149164 0.0382442880667881 0.0583412865018846 -4.29344586280852
"KRT15" 2.2146493616037 1.05196784790562 2.11764427183688 0.039218987294277 0.0595944767870068 -4.31488749625777
"KRT80" -1.8132894452837 1.43445392804139 -2.07471880733343 0.0431986016976063 0.0653862103516297 -4.39698565723617
"COL1A2" -1.60780181324888 1.39275872210061 -2.04508766792917 0.046146769979545 0.0695778818683837 -4.45283630792107
"SeRPINA6" -2.01610620262453 1.96343800635878 -2.00409365091354 0.0505123727412984 0.0758660733450389 -4.52898813556016
"IGFBP6" -1.14356389672973 0.737406371623844 -1.98115456898626 0.0531074677945494 0.0794569422003067 -4.57103070359684
"Q8N1N4" 1.51719680887529 1.04438723187023 1.94720681927961 0.0571581734170836 0.0851897680430863 -4.6324935656792
"KRT28" -2.34817842619057 1.28856412177471 -1.91795404078758 0.0608582913175875 0.0903583027577921 -4.68472709653487
"GPLD1" -1.70555316112639 1.3278744502177 -1.90697507237389 0.0622988312343318 0.0921454195823387 -4.70415586356826
"FMOD" -1.55828661957314 1.14447821963996 -1.89019784091092 0.0645562422591151 0.0951226448439233 -4.73365992055755
"PROS1" -2.54248767207996 2.09391382770784 -1.85889734454389 0.0689539091344503 0.101219134540759 -4.78810201145204
"RBP4" -1.72403399560905 1.86564983922821 -1.8506867594404 0.0701486146580907 0.102585756022546 -4.80225259309692
"CCN2" -1.29524829977968 0.848101510689783 -1.83987841264615 0.0717479547830727 0.104531664459233 -4.82079736761656
"SeRPINB3" 1.37129091330308 0.93675025011604 1.83269865158716 0.072827289855486 0.105708267738 -4.83306406911017
"SeRPINA3-1" -3.1482855798788 3.96706252848331 -1.79966253189131 0.0779715593617252 0.112754411121603 -4.88896753406318
"PPIA" -1.35219214175994 1.38578062735525 -1.79229689245545 0.0791591694038877 0.114047840363379 -4.9013104328061
"KRT20" -1.33945811380884 1.26862606673491 -1.7704105559617 0.0827777864317806 0.118821250634549 -4.93772435725332
"CFL1" -0.946533987551844 1.04426362624368 -1.76336976472033 0.0839708595185663 0.120090677767361 -4.94935511142414
"F13A1" -1.0470759093797 1.65008116970273 -1.73088495118009 0.0896626249224341 0.127761029651381 -5.00248816516572
"CDH5" -1.27204349994148 1.06888632862755 -1.71950348517242 0.0917310452966534 0.1302313015343 -5.02089758761626
"LBP" -1.53013061636115 1.87657596517871 -1.69630380776176 0.0960696539219066 0.135894892274988 -5.05808960633334
"FeRMT3" -1.642651330156 1.8407830556546 -1.66934693338505 0.101321976039225 0.142805248837893 -5.1007408490792
"UBA52" -1.16520917357706 1.32474527356399 -1.63500176060748 0.108352791067903 0.152163305867921 -5.15419847408257
"K2C4" -2.01516059465946 1.19799091914634 -1.62943717529856 0.109528526404834 0.153261139465757 -5.16276604543904
"HSPA5" -1.00954953468066 0.931138588922949 -1.59562026109785 0.116898814194066 0.162987952406781 -5.2142685433896
"H1-2" -1.19271641557331 1.09669133478812 -1.52672258932066 0.133154715418036 0.184989943920057 -5.31617980380947
"H1-3" -1.19271641557331 1.12736348218594 -1.51514690345897 0.13605508852246 0.188346723968815 -5.33290194935135
"YWHAB" -0.910168950660429 0.834450549216714 -1.50679899405701 0.138177739001203 0.190606881104496 -5.34488941515669
"eZR" -1.27204349994148 1.35680174757089 -1.49198159471342 0.142010075156795 0.19520112804238 -5.36601834722359
"H4" -1.11717210267954 1.62809441033654 -1.48298485919211 0.144377704068097 0.197756784797499 -5.37875433224881
"P0CG53" -1.16520917357706 1.11835979345701 -1.45792473710584 0.151137150623317 0.206288952956036 -5.41385866057872
"IGF2" -0.972412272196722 0.832300800560946 -1.43009273750088 0.158932744942918 0.216170761478305 -5.45220294816299
"OGN" -0.796445607550999 0.995878796308399 -1.42168132079979 0.161349444189594 0.218693149093212 -5.46365777821748
"UBC" -1.16520917357706 1.17848232632556 -1.40887745983326 0.165082908064082 0.222976566794888 -5.48097492257433
"HSP90AB1" -1.23927668052607 1.71077618304505 -1.39702837133413 0.168597341711752 0.225466834123258 -5.49687209545064
"H2A1" -0.990720100268481 1.14609188733564 -1.39486556834784 0.16924502715679 0.225466834123258 -5.49976042463697
"H2AJ" -0.990720100268481 1.14609188733564 -1.39486556834784 0.16924502715679 0.225466834123258 -5.49976042463697
"H2AC20" -0.990720100268481 1.14609188733564 -1.39486556834784 0.16924502715679 0.225466834123258 -5.49976042463697
"FABP1" -0.840068782936378 0.723699590153096 -1.36117684381669 0.179583480776528 0.238423119529247 -5.54421607557658
"F9" -1.14080848026933 1.31060263913142 -1.34229974854279 0.185584320255016 0.245552042786399 -5.56868608525084
"FGG" -1.36134448747011 1.93986478329212 -1.30490949163758 0.197919446310738 0.260985303779244 -5.61621637194721
"OMD" -0.639703010676975 0.719840954152191 -1.29319575984106 0.201908313410781 0.265345722691871 -5.63084941727421
"LDHB" -1.12578171704082 1.6409401660241 -1.29045611385314 0.202849897800203 0.265685556378043 -5.63425407394887
"GARIN1B" -0.740638871834236 1.00494114708315 -1.28307401984609 0.205403435383331 0.268127303235288 -5.64339450119795
"HSP90AA1" -1.33905201198531 2.06333001962018 -1.28000182915179 0.206473201158918 0.268622325253575 -5.64718401544618
"KRT35" -1.32648616306408 1.15178337413476 -1.27325259477798 0.208837975168689 0.2707932411354 -5.65547929764652
"HSPA1L" -1.1230444981659 1.4491341242286 -1.24262264934668 0.21982439870834 0.284091997001808 -5.69260940685035
"TUBA1D" -1.55889596145705 1.84952967490154 -1.22574503932388 0.226057865441736 0.291180495552434 -5.71270617337171
"KRT222" -0.740638871834237 0.969104467853743 -1.22209652376128 0.227422309591654 0.291971215944401 -5.71701664024393
"LGALS3BP" -0.631440537906166 0.833459978619394 -1.20005163616075 0.235795300592266 0.301724907665761 -5.74280382475013
"COL1A1" -1.10924349343032 1.32880881656069 -1.1822392460861 0.242723155887776 0.309571500460146 -5.76331679303619
"YWHAe" -0.811306002964668 0.998097233620771 -1.17514215737777 0.245524157065313 0.312044419382914 -5.77140921907204
"COL2A1" -0.628685121445765 0.758061130802922 -1.17327125841837 0.246266418381889 0.312044419382914 -5.77353483787108
"F11" -0.695413188473907 0.873681843585717 -1.16640512922457 0.249004372358791 0.314489288466135 -5.78130834913843
"PGLYRP1" -1.23722370392906 1.5938618371208 -1.15213631809464 0.254764212447098 0.320722584601687 -5.79732478728037
"BPT2" -0.789791390677819 0.757961507238932 -1.12145961711322 0.267469088354968 0.335630565709944 -5.83112605132874
"CALD1" -0.628118158039386 0.74005781239672 -1.10531378221017 0.274333409832657 0.343137287539883 -5.84856852608785
"BLVRB" -0.727548069141527 1.38693584183561 -1.06807204443001 0.290636557752765 0.362364169762262 -5.88788262778604
"CSN1S1" -0.770434238910391 1.13340790595161 -1.05970616808907 0.294389433292324 0.365870573644454 -5.8965372974423
"APOC3" -0.854943434293422 1.26793116509266 -1.04611566376021 0.300557127990082 0.37234625091765 -5.91045837187902
"CAPNS1" -0.518919824111315 0.858051979934831 -1.02201957597292 0.311709288143185 0.384936232024441 -5.93471799769052
"CSN1S2" -0.789791390677819 0.933327611109683 -0.990848929176157 0.326547863317058 0.401984553260556 -5.96529624355027
"PRDX6" -0.631440537906166 0.949518417498619 -0.97470236370118 0.334417363507832 0.409739517893342 -5.98077833957992
"PGK1" -0.811306002964668 1.51916776793932 -0.973610235360394 0.334954156015637 0.409739517893342 -5.98181669484736
"eNO3" -0.939449366956604 0.933274938181608 -0.951292044756224 0.346048965097906 0.421984474680519 -6.00279058919669
"PeBP1" -0.518919824111314 0.80566044467276 -0.939385306717269 0.352065626588337 0.427979777321447 -6.01378846668013
"UBB" 0.343754244892324 0.754972106198902 0.879966617737269 0.383102795597418 0.462816731327315 -6.06667099791693
"P0CG48" 0.343754244892324 0.754972106198902 0.879966617737269 0.383102795597418 0.462816731327315 -6.06667099791693
"P62979" 0.343754244892324 0.826696115854738 0.837292242032781 0.406427313559996 0.489249977963525 -6.10258577025743
"ACTG2" -1.15498236073899 1.27257902236426 -0.833115191694757 0.408756408324282 0.489249977963525 -6.10600805140897
"ACTA2" -1.15498236073899 1.27257902236426 -0.833115191694757 0.408756408324282 0.489249977963525 -6.10600805140897
"KRT10" -1.48593632733162 2.01517132558285 -0.784270956899334 0.436594620197121 0.520148293681397 -6.14479000015186
"CLIC1" -0.36883144411047 0.811425802114727 -0.783151660135547 0.437245480806727 0.520148293681397 -6.14565196603624
"KRT25" -0.994805378190154 1.02313114472002 -0.751968234910061 0.455608471557026 0.540340534864888 -6.16918315689704
"CSN2" -0.520031834837033 0.834847588435451 -0.743051279045514 0.460940525701599 0.545002627653258 -6.17574025249056
"B4GAT1" 0.343754244892324 0.751939136810005 0.729053585667082 0.469382760306606 0.553302708361423 -6.18587920775393
"ARF1" 0.343754244892324 0.8029556509391 0.720549062470007 0.474554706613415 0.557709307772261 -6.19194716457468
"KRT27" -0.83857408091495 0.96613086091488 -0.707087609443745 0.482806701016236 0.565698212937699 -6.20140937592716
"H2AZ2" -0.478029778038541 0.75206805292264 -0.683663272141504 0.497355627380291 0.580995012164965 -6.21745766579859
"ATIC" 0.343754244892324 0.705165706461896 0.649829502710079 0.518787789623096 0.60421691665684 -6.2397008530168
"H2AZ1" -0.478029778038541 0.791597280724162 -0.639693812406279 0.525302739580389 0.609978405064989 -6.24614842432844
"P15311" 0.343754244892324 0.943878802764833 0.631354010754675 0.53069551293238 0.614406412293737 -6.25137883878003
"RAN" 0.343754244892324 0.88421758480203 0.623356760535198 0.535893845496996 0.61858369702769 -6.25633099387817
"HSPA2" -0.495747612632464 0.839082397910449 -0.570324165918509 0.571021370679043 0.65533747898476 -6.28759655626447
"RAC1" 0.343754244892324 0.753457032582295 0.570201566457168 0.571103869860755 0.65533747898476 -6.28766566137386
"GDI2" 0.343754244892324 0.954614465279186 0.567422746095171 0.572975349566679 0.655551208768935 -6.28922805513227
"AZGP1" 0.343754244892324 0.821127098909867 0.542337554786448 0.590004001383827 0.673054418000905 -6.30299112650278
"CNTN1" -0.367179609053604 0.80892075336057 -0.534050418731089 0.595681934251443 0.677544656209975 -6.30740281926738
"Q3SWY2" 0.343754244892324 1.08367909387548 0.527718238659975 0.600037659812658 0.680509182702985 -6.31072853086338
"FTL" -0.267799025033378 0.818609137257954 -0.517512644802468 0.607088869028866 0.686504564105316 -6.31600604234347
"B4GALT1" 0.343754244892324 0.74343284348161 0.504092334408617 0.61641875879164 0.693587117549351 -6.32279077181069
"Q32LP2" -0.367179609053604 0.975408792624857 -0.503376677563767 0.616918104555463 0.693587117549351 -6.32314762338943
"CPN1" -0.483411791413769 2.28334598915311 -0.482484464032502 0.631575215193131 0.706935302699609 -6.33334400425667
"APCS" -0.367179609053604 0.844120548981667 -0.481094597360227 0.632555691253543 0.706935302699609 -6.3340071421477
"MDH1B" -0.486984305539291 1.38426449232822 -0.478705357649136 0.634242726586539 0.706935302699609 -6.33514267563747
"RPS4" 0.343754244892324 0.819531956561856 0.463177118074723 0.645254612520684 0.71715441220156 -6.34238626238122
"Q0VCM4" 0.343754244892324 1.13011134261554 0.448810408826877 0.655514747626493 0.726482156201441 -6.34887715220774
"LDHA" -0.412110644219975 1.66580828478678 -0.439944054984724 0.661880504384132 0.731453171038146 -6.35278176725026
"KRT31" 0.343754244892324 0.79207591293003 0.425693888743534 0.672164461097022 0.740103855793229 -6.35889537438026
"TG" 0.343754244892324 0.984270444492584 0.420489528512445 0.67593625262966 0.740103855793229 -6.36107834382975
"CRYZL1" -0.398128496638607 0.862178149099808 -0.417656576013562 0.677992933498203 0.740103855793229 -6.36225542113858
"FAP" -0.267799025033378 0.71726928331621 -0.416544090573306 0.678801258771458 0.740103855793229 -6.36271549285012
"CRYZ" 0.343754244892324 0.885192587043593 0.415966233800092 0.679221276396356 0.740103855793229 -6.36295398647256
"IGF2R" 0.343754244892324 1.02689686977619 0.413169799551698 0.681255324521469 0.740246707371094 -6.36410348864613
"TUBB2B" -0.483411791413768 0.92920761844114 -0.391574704619658 0.697042494287874 0.753675521930675 -6.37272096727501
"TUBB6" 0.343754244892324 0.943824000293477 0.390966790110105 0.697488914897282 0.753675521930675 -6.37295690448972
"AOCX" -0.367179609053604 0.823072621196081 -0.383199563792435 0.703202208583857 0.757744208141608 -6.37593937191431
"TUBB4B" -0.412110644219974 2.09910667943565 -0.375651480119949 0.708770906813341 0.761635035222071 -6.37878069736873
"ACTN1" 0.343754244892324 0.903885631692904 0.36475213474477 0.716840351986102 0.768184289042957 -6.38278436609988
"TUBB5" -0.412110644219974 2.13253707445975 -0.360155714036184 0.720253212796975 0.768817499060705 -6.3844376314023
"TUBA8" -0.298615680734728 0.761675413084207 -0.356044245187658 0.723310871365227 0.768817499060705 -6.3858987963059
"GPI" -0.267799025033378 1.13820514753854 -0.355977665984043 0.723360423280766 0.768817499060705 -6.38592232041686
"CATHL1" -0.168936077337616 0.722043678629876 -0.339732477055027 0.73548623487186 0.777553780204763 -6.39153131383907
"HP" 0.343754244892324 0.825622886483792 0.339610064912562 0.735577869191138 0.777553780204763 -6.39157258967385
"TUBB4A" 0.343754244892324 0.896577065405481 0.333265644193091 0.740332404938976 0.780458822550845 -6.39369157901843
"ARF3" -0.168936077337616 0.811710042282273 -0.328283802117994 0.744073006450245 0.781359941016961 -6.39532759643929
"KRT74" -0.367179609053604 1.00583262753999 -0.326778526375892 0.745204468167847 0.781359941016961 -6.39581709726222
"C4B" 0.343754244892324 0.825451840140098 0.320116565452366 0.750218796682354 0.783563095710358 -6.39795660704587
"C1S" -0.168936077337616 0.797910518051992 -0.316258404858438 0.75312775525392 0.783563095710358 -6.3991756019233
"KRT81" 0.343754244892324 0.813650693129048 0.315965720079686 0.753348580451604 0.783563095710358 -6.39926747567663
"HMGB1" 0.343754244892324 1.48550073254135 0.302616919528884 0.763441825485631 0.791943653637095 -6.40336760788877
"TUBB3" -0.33004234656967 1.6240475161786 -0.278353784592479 0.781892935707653 0.808926468059247 -6.41036858553377
"GSTA2" -0.267799025033378 1.55368427847348 -0.261938232227575 0.794449135311745 0.819149336524422 -6.41477458050069
"MSN" -0.298615680734728 1.42360330958695 -0.258911821348039 0.796770139210233 0.819149336524422 -6.41555773442978
"CAP1" -0.267799025033378 1.40666138507366 -0.254449455357164 0.800195775873175 0.819149336524422 -6.41669591736365
"DDBX" -0.168936077337616 1.17015546864944 -0.254447477219485 0.800197295319487 0.819149336524422 -6.41669641753677
"RAP1A" -0.168369113931236 0.740491933861778 -0.229140817073892 0.819697620585351 0.836909119180319 -6.42277775641718
"CD14" -0.168936077337616 1.00797114158891 -0.198615016401025 0.843372270704715 0.858826736398257 -6.42926805160665
"HMGB2" -0.115994799215825 1.53454097001781 -0.108650143806051 0.913916446713552 0.92823367564379 -6.443013831346
"GGH" -0.0591707800031657 0.733620435019389 -0.100850058171367 0.920074291923903 0.932054425933329 -6.44382665736861
"TRAP1" -0.0591707800031656 0.747289114942391 -0.0908537027759852 0.927973174857492 0.937614454596271 -6.44477989670674
"CORO1A" 0.0340935807850195 0.712513251951128 0.0711791861448376 0.943540138632592 0.950873352145281 -6.44636573782231
"H2B1" 0.00884264543593449 0.994790927341528 0.0139599699659669 0.988917676343075 0.99160024714453 -6.44878933067135
"H2BC12" 0.00884264543593483 1.06456876744601 0.0135167531411763 0.989269508200731 0.99160024714453 -6.44879538953811
"GSTA1" -0.00790847601347311 1.25008334825289 -0.0105806911981207 0.99160024714453 0.99160024714453 -6.44883058987309
