"logFC" "AveExpr" "t" "P.Value" "adj.P.Val" "B"
"UBB" -3.13868010150225 0.754972106198902 -7.33456832152861 1.83726329314299e-09 3.57347710516312e-07 11.3890434242612
"P0CG48" -3.13868010150225 0.754972106198902 -7.33456832152861 1.83726329314299e-09 3.57347710516312e-07 11.3890434242612
"P63104" 2.87707533789187 1.02876247999891 7.00652259928133 5.96951480352011e-09 6.41217051114481e-07 10.29010390289
"P62979" -3.13868010150225 0.826696115854738 -6.97887514195324 6.59349152816947e-09 6.41217051114481e-07 10.1973103235116
"FLNA" 5.05643943304441 1.94622889739667 6.70969782874438 1.73624070496955e-08 1.35079526846631e-06 9.29304526910871
"POTee" 3.97722142379349 1.39968024410531 5.78980780945526 4.68646345944484e-07 3.03839047620674e-05 6.21058632616889
"P34931" 3.28777519204411 0.857992294258848 5.50949631873355 1.26468636446051e-06 7.02804279678769e-05 5.28187516800442
"TUBB" 4.27363803837203 1.55550919138058 5.37054129837143 2.06183823830112e-06 0.000100256884337392 4.82482561772742
"Q9BUF5" 3.24015868667202 0.772245621082417 4.93215727215103 9.45720072292981e-06 0.000395892282177444 3.40217493806006
"MYH11" 2.56700472799591 0.813994716585664 4.91079394974624 1.01771794904227e-05 0.000395892282177444 3.33373418981236
"P26038" 3.46392188499704 1.29594388763761 4.84638594400914 1.2689928723933e-05 0.000448762024873629 3.12796465477819
"Q13509" 3.81015204754463 1.07733684802175 4.75780635071997 1.71652475282132e-05 0.000556440107372911 2.84643581849338
"TUBA1B" 3.05849173400671 1.83936878995559 4.60722909806287 2.85720622825369e-05 0.000806041893857883 2.37204260466216
"KRT31" -4.07151125653557 0.79207591293003 -4.60271794909388 2.90092198303608e-05 0.000806041893857883 2.35791608011655
"AZGP1" -3.09142388585513 0.821127098909867 -4.45235253291389 4.79837236762521e-05 0.00110911444328743 1.89010644460213
"eDIL3" 2.75932068711038 1.05310899536172 4.43230148995132 5.12918892092052e-05 0.00110911444328743 1.82818982193702
"Q9NY65" 3.59875022466655 0.950188341295903 4.42208156449476 5.30626593775191e-05 0.00110911444328743 1.79667492220699
"Q9BQe3" 4.73821719092898 1.17739584610662 4.41710909867823 5.39456566641397e-05 0.00110911444328743 1.78135222112727
"LRP1" 2.81840058546648 0.778836242934973 4.41584345812234 5.41726848906455e-05 0.00110911444328743 1.77745326525045
"TLN2" 3.15478012104585 1.10544850568922 4.38477385240455 6.00475203572559e-05 0.00116792427094863 1.68188423807971
"P68366" 2.36975652579839 1.95366699123422 4.36335939205191 6.44537082641617e-05 0.00119392821498852 1.61617761112389
"P62987" -2.04508910921109 0.778036181657141 -4.18949305081697 0.000113983145196512 0.0020154292491565 1.08786513367486
"SeRPIND1" 2.78686886217624 0.867886758831868 4.08452336318068 0.000160109402147414 0.00270793727979757 0.773621526583026
"SeRPINB12" -1.95650760374452 0.756539404534591 -3.87529787547305 0.000311825626538624 0.00505417369681353 0.158859733632012
"P68371" 2.78196184053079 1.62509992330438 3.84990552673312 0.000337753661356274 0.00525544697070363 0.0853642019661596
"KRT4" -2.24724752046768 0.990790724299546 -3.74713727856737 0.000465533967011359 0.00696510435259303 -0.209481613572768
"P07900" 2.81208917955687 1.43066996680378 3.67943277666075 0.000573876604935234 0.00826807404888171 -0.401370407280808
"POSTN" 3.22872225345205 1.03572541643493 3.62206626878395 0.000684238250948607 0.00950602427210743 -0.562439426109044
"MYH9" 2.78026715183714 2.01663136304521 3.59962431724075 0.000732718166839268 0.00982852989311984 -0.625061950299778
"SeRPINB3" -2.87552960314188 0.93675025011604 -3.50823504068731 0.000966244960639094 0.0125289763229536 -0.877762335705399
"Q8N1N4" -2.92900185482732 1.04438723187023 -3.43161995756798 0.00121520525117949 0.015248865893833 -1.0866642989577
"VCL" 3.67738695658219 1.09331505663949 3.37439103461587 0.00143980985816254 0.0170122227808278 -1.24089515110708
"KRT77" -3.36458164402014 1.25641552382787 -3.37359490673255 0.00144319627703681 0.0170122227808278 -1.24302955994668
"C4B" -3.83544047856424 0.825451840140098 -3.26050374406715 0.00200911174818857 0.0229866020601574 -1.54304369752586
"TUBA1A" 2.99722453362338 1.4003424540644 3.24315082671719 0.00211264705539587 0.0234805629871141 -1.58850896562422
"Q7RTS7" -2.74867542371671 1.27703309365531 -3.19953596800288 0.00239556660501479 0.0258854280375209 -1.70209648946494
"C5" 2.72039023704825 0.94545995618737 3.11301909813507 0.00306564597569856 0.0322307103931551 -1.92445717430825
"P68032" 2.62835971008014 2.03404680916652 3.08971119008416 0.00327424267133449 0.0335179052407662 -1.98367563234806
"P61224" -1.17296628312816 1.06500774225224 -3.06548418951594 0.00350513388285096 0.0349614636007442 -2.04491513455073
"HSPA6" 1.96557127069494 0.881838350545178 3.03218367275861 0.00384747862642457 0.037416729641979 -2.12856220568894
"P02768" 1.49698706784657 3.38571285078241 3.0019315908834 0.00418537593720655 0.0397100302334963 -2.20401625561043
"IQGAP1" -2.33805527721333 0.948345697714533 -2.89959946327191 0.00554497238584661 0.0513570061451031 -2.45539151788682
"P08729" -2.08787012860169 0.884330985275087 -2.86406774443008 0.00610613213648939 0.0540830739485637 -2.54125174843821
"Q86Y46" -2.61869532207005 1.1857206287167 -2.86338789979366 0.00611736569084011 0.0540830739485637 -2.54288728470411
"LYZ" -1.43399162352942 0.816234948298071 -2.84428400203263 0.00644098084425067 0.0556787010758558 -2.58873419325777
"TUBB1" 1.25697316095303 1.42581639624191 2.82228356900749 0.00683328628955104 0.0577858340572903 -2.64126240599005
"P09429" -2.09286444315599 1.26815882585194 -2.7570911503239 0.00812933611719321 0.0659983662313701 -2.7951974005794
"FHL1" -1.27345668349953 0.837231346343477 -2.75642135173257 0.00814375727276546 0.0659983662313701 -2.79676548502718
"KRT15" -3.08523956959894 1.05196784790562 -2.69306169061151 0.0096195458155235 0.0763674147395642 -2.94384141725269
"SYNCRIP" -1.59354419646598 1.12831937205131 -2.67721243139531 0.0100252850033841 0.0779967173263281 -2.98023956345316
"P02751" 2.88707390180291 0.834444741245757 2.46503940589508 0.0171911789454784 0.131124874701786 -3.45188252860643
"P05452" -1.28620731442295 0.807739349953079 -2.45118634993434 0.0177910532234925 0.13309076353728 -3.48163984245271
"KRT76" -2.65640100700138 1.62000062950684 -2.44052516387434 0.0182655077408384 0.134061934173323 -3.50445212928547
"P08238" 1.93658069964917 1.23310560991947 2.40987079123895 0.0196939450974112 0.141869345238758 -3.56961277665512
"P11142" 1.39131733965606 1.4286386572736 2.39511598842415 0.020416688800665 0.144401671699249 -3.60074654831094
"COL6A1" 0.945599669180531 1.0531367631725 2.35579391951007 0.0224605799641651 0.156020814393933 -3.68298350504446
"P26583" -1.76737778734011 1.24120552866906 -2.30474096976769 0.0253867658454161 0.173253542348541 -3.78814145828521
"P62826" -0.851563057434139 0.922613212676283 -2.24510477002304 0.0292315316192105 0.196052858618498 -3.90863860031685
"Q02413" -1.80573960135522 1.12524440089699 -2.23707047597345 0.0297871535290578 0.196393266488195 -3.92467726488419
"P68133" 2.62835971008014 1.28977698708408 2.19556199068008 0.0328092817812588 0.212713510215162 -4.0067948998772
"eHD3" -0.874670917401559 1.05773225180497 -2.16751580902666 0.0350014311980293 0.223205848131695 -4.06156815072982
"H2BC18" -1.01967963427245 0.923136078527918 -2.11838868604668 0.0391528991119899 0.245652867009098 -4.15611427717758
"TLN1" 1.06530297297665 2.87545084798534 2.09620979353462 0.0411642252517755 0.252820983040126 -4.19820992990368
"KRT84" -1.91623400217418 0.773961847807489 -2.09158062282498 0.0415952260014602 0.252820983040126 -4.20694966872139
"IGKC" 1.9878002266022 0.881565498792972 2.06917776434015 0.0437371145681273 0.2617498087231 -4.24901797024988
"HBD" 1.70866146514015 0.958828187301187 2.05963341394367 0.0446783939479031 0.263331746147489 -4.26682546795448
"KRT13" -1.37079681816414 1.66250528245446 -2.04260939208506 0.0464010799901754 0.269403285316093 -4.29841700208582
"P06733" 1.10404519668166 1.16215827316113 1.91578014916249 0.0611412467876625 0.346696844140023 -4.52677743017669
"eeF1A1P5" -1.01728586320978 1.9684402153512 -1.9130640334548 0.0614963553873049 0.346696844140023 -4.53153132864829
"P63000" -1.06597686210593 0.746602443699595 -1.84390526827773 0.0711485282829396 0.395382535743765 -4.65061706990815
"KRT1" -0.892869575922034 3.40895010581031 -1.78788192336 0.0798782622450065 0.437642873426867 -4.74429236023551
"P68104" -1.01728586320978 1.89863603467514 -1.72249149038328 0.0911842293305227 0.48687563590363 -4.85042370645114
"FBLN1" 1.12297728912459 1.37059447289955 1.72148888939245 0.0913674072518381 0.48687563590363 -4.85202384477195
"P05109" -1.05338661206502 0.857391557633852 -1.67273484940719 0.100649187831152 0.525996092883951 -4.92883807545183
"QSOX1" -0.614907777689465 0.978259002730328 -1.66888934434116 0.101413128448062 0.525996092883951 -4.93481343571153
"LIMS1" -0.584911839767862 0.815161218650176 -1.65432767442098 0.104349145182981 0.53410286152868 -4.95732912669592
"KRT8" 1.49050029050329 1.48481870418941 1.64595627605215 0.106068294593368 0.53585151424442 -4.97019355359383
"S100A9" -1.04254486432644 0.904075742037082 -1.56844816069303 0.123107333156844 0.613958366641184 -5.08651976576909
"APOB" 1.42219720207415 1.74147644688934 1.41575409620196 0.163069510703776 0.802962527389479 -5.30076994154839
"P35900" -0.602247621198855 1.05611255282155 -1.38727406045269 0.171533649057385 0.832955247870622 -5.33850613965815
"P08727" -1.24981873554741 1.416951926209 -1.37153120210224 0.176355647433414 0.832955247870622 -5.35906177398951
"P63261" 0.459897869364669 2.61637983050475 1.36711878737703 0.177725669854143 0.832955247870622 -5.36478420759987
"P60709" 0.459897869364669 2.61637983050475 1.36711878737703 0.177725669854143 0.832955247870622 -5.36478420759987
"Q14CN4" -1.02742844794063 1.17514041604347 -1.33999081082856 0.186328675726936 0.86287922449736 -5.39959098203074
"P0DMV8" 0.948067169183183 1.01534727561345 1.27481083918962 0.208290215251378 0.942149927125419 -5.4805672574105
"P0DMV9" 0.948067169183183 1.01534727561345 1.27481083918962 0.208290215251378 0.942149927125419 -5.4805672574105
"Q5XKe5" -1.02097800343621 1.49693522987368 -1.22818231047902 0.225149752772811 0.982502184043314 -5.53617969878632
"P14923" -1.12498641328441 1.10005277187694 -1.21841282268668 0.22880603845274 0.982502184043314 -5.54758509986657
"P04406" -0.719075157079912 1.55420244363732 -1.13894729692007 0.26017252669622 0.982502184043314 -5.63716470325665
"H4C1" -0.615661904431577 1.01386474095244 -1.12007526762509 0.268052826698154 0.982502184043314 -5.65759876740386
"KRT3" -0.808068508844215 1.68289539879105 -1.05980362993913 0.294345520723319 0.982502184043314 -5.72068406284241
"DSP" -1.03423215119956 1.47603450015398 -1.02331834180724 0.311101115032823 0.982502184043314 -5.75725455533147
"P02788" -0.573628027829112 1.35017089856469 -1.01893932234118 0.313154905727684 0.982502184043314 -5.76156142028304
"P13647" -0.811815432047879 2.60010411438863 -0.928606582594087 0.357570783281322 0.982502184043314 -5.84644538305735
"P12259" 0.652398118886879 0.921348733982136 0.911609682776784 0.366364623010512 0.982502184043314 -5.86156880145416
"P07996" 0.657782306412724 2.00970292703318 0.807446236681538 0.423248136812129 0.982502184043314 -5.9483352894851
"Q04695" -0.678480156097356 2.13005613425584 -0.795707850989121 0.429977204145828 0.982502184043314 -5.95747244520382
"P01023" 0.833458799130624 2.44612252397125 0.77299860331695 0.44317562301004 0.982502184043314 -5.97477915680415
"P06396" 0.726795173727288 2.02434651694114 0.759238384981259 0.45128774286974 0.982502184043314 -5.98502798810997
"C4A" 0.516398088033768 1.81106546131638 0.741189626386341 0.462058252968674 0.982502184043314 -5.9981984359694
"AMY2B" 0.416962253709718 0.923538375654455 0.728215522811304 0.469890990044986 0.982502184043314 -6.00747448418267
"ANXA2" -0.431602055129111 1.17048389688045 -0.711234706619144 0.480255963565684 0.982502184043314 -6.01937302331835
"VTN" -0.321874160869674 1.40921416454494 -0.708058820372104 0.482208663265838 0.982502184043314 -6.02156787383858
"PZP" 0.837056083006614 1.74957636782378 0.699936826932212 0.487222658981839 0.982502184043314 -6.02713720437898
"P02649" -0.416926360862798 0.800040951030369 -0.686255738959684 0.495733681903815 0.982502184043314 -6.03637608077097
"AMY1A" 0.416962253709718 0.931305959676543 0.685222739249714 0.49637961682794 0.982502184043314 -6.03706640844533
"AMY1B" 0.416962253709718 0.931305959676543 0.685222739249714 0.49637961682794 0.982502184043314 -6.03706640844533
"AMY1C" 0.416962253709718 0.931305959676543 0.685222739249714 0.49637961682794 0.982502184043314 -6.03706640844533
"P00747" -0.534097162174261 1.16782470389664 -0.574349311339912 0.568316036036042 0.982502184043314 -6.10521363172895
"ILK" 0.406344406252579 0.777665343783164 0.563745212574297 0.575456694706456 0.982502184043314 -6.11111196633528
"O95678" -0.61396424395076 1.53894183147187 -0.558841817415801 0.5787732822285 0.982502184043314 -6.11380271439615
"P02771" -0.326750391479789 1.3284525812195 -0.538465447274404 0.59265377961912 0.982502184043314 -6.12473563517411
"P01024" 0.418349598807064 2.31548225916967 0.519119797455336 0.605975934289558 0.982502184043314 -6.13474420402416
"KRT2" -0.422336301949363 3.01917522849957 -0.514242014209298 0.609356642527862 0.982502184043314 -6.13721059911161
"KRT16" -0.383820755106526 2.4557089568436 -0.45354072571868 0.652129013472127 0.982502184043314 -6.16597464917025
"P00558" 0.245105356879102 0.941550110779888 0.441101966309153 0.661047717420267 0.982502184043314 -6.17142739047828
"HBA1" -0.235911687306462 1.82643888532008 -0.333797380615869 0.739933523765826 0.982502184043314 -6.21221008324258
"P36955" -0.212253472541632 0.913183336911223 -0.326452426215237 0.74544966070419 0.982502184043314 -6.21459078901971
"P02647" 0.283587740675455 1.00542398438452 0.321245893670003 0.749368000638133 0.982502184043314 -6.21624643211983
"PKM" -0.14967974861287 1.51734925952507 -0.293907700055209 0.770049535825603 0.982502184043314 -6.22450471367972
"P13645" -0.119892813436989 3.13597377247352 -0.283524155058026 0.777950060549537 0.982502184043314 -6.22744971479364
"P19823" 0.140506038701626 1.84784059236717 0.266104570380274 0.791256971658784 0.982502184043314 -6.23215316392922
"ALB" -0.058959727248028 7.89886994691184 -0.213187556541057 0.832050732989951 0.982502184043314 -6.24461730414957
"P63267" 0.201897542376974 0.87805768071294 0.209111014804078 0.835214329702963 0.982502184043314 -6.24546355730937
"KRT6C" -0.241103136517954 2.32059859033938 -0.194924592008336 0.846244795469002 0.982502184043314 -6.24828138832768
"P62736" 0.201897542376974 0.819421742950362 0.191904689945444 0.84859697337843 0.982502184043314 -6.24885572390718
"ACTB" -0.058959727248028 4.64889836020568 -0.163834287440506 0.870524499486035 0.982502184043314 -6.25376575132003
"ACTG1" -0.058959727248028 4.64889836020568 -0.163834287440506 0.870524499486035 0.982502184043314 -6.25376575132003
"AHSG" -0.058959727248028 6.33992813471078 -0.150604443304105 0.88089592615973 0.982502184043314 -6.25581152877276
"GC" -0.058959727248028 5.06743320271011 -0.149988169430676 0.881379577081012 0.982502184043314 -6.25590263315872
"TF" -0.058959727248028 6.50277193165561 -0.149565459644959 0.881711345529948 0.982502184043314 -6.25596490698053
"AFP" -0.058959727248028 5.71185561573929 -0.145722873870089 0.884728215041331 0.982502184043314 -6.25652294550476
"SeRPINF1" -0.058959727248028 4.44950328492584 -0.14064588077556 0.888716870359104 0.982502184043314 -6.25723799845453
"KRT9" -0.0618883765381879 2.91951637462526 -0.140149532740973 0.889106975503372 0.982502184043314 -6.25730654562029
"A2M" -0.058959727248028 6.92086440788217 -0.138097237394369 0.890720271399646 0.982502184043314 -6.25758740335152
"A1BG" -0.058959727248028 4.21514638674972 -0.134398189624615 0.893629241624792 0.982502184043314 -6.25808316470934
"HBA" -0.058959727248028 4.58751823349648 -0.131563186611871 0.895859718492795 0.982502184043314 -6.25845401921465
"HBBF" -0.058959727248028 5.11778033064974 -0.131446365648199 0.895951647287236 0.982502184043314 -6.25846913140133
"FeTUB" -0.058959727248028 4.59737110107439 -0.128950411166924 0.897916106573104 0.982502184043314 -6.25878880762702
"P00734" -0.134535716387147 1.13249756310267 -0.127264146824872 0.899243659042151 0.982502184043314 -6.25900131422276
"SeRPINA1" -0.058959727248028 6.35969402538638 -0.127097411812554 0.899374941067989 0.982502184043314 -6.25902217465865
"Q14624" 0.117540371140966 0.847102710185448 0.126458390625888 0.899878112957117 0.982502184043314 -6.2591018703475
"GSN" -0.058959727248028 4.70798588107988 -0.12547019772054 0.900656307835993 0.982502184043314 -6.25922432267851
"C3" -0.058959727248028 6.67762398894577 -0.121856871169747 0.903502608725733 0.982502184043314 -6.25966389657035
"CLIC1" -0.058959727248028 0.811425802114727 -0.114283301111083 0.909472588416763 0.982502184043314 -6.26054359871434
"B4GAT1" -0.058959727248028 0.751939136810005 -0.114150080793996 0.909577649512744 0.982502184043314 -6.26055856807892
"C4" -0.058959727248028 4.65920312784159 -0.113084887008988 0.910417748187449 0.982502184043314 -6.26067763149801
"ARF1" -0.058959727248028 0.8029556509391 -0.112818502389959 0.91062785698887 0.982502184043314 -6.26070723259587
"CORO1A" -0.058959727248028 0.712513251951128 -0.112368670891255 0.910982672704109 0.982502184043314 -6.26075706021856
"LYSM" -0.0589597272480278 1.09459348779693 -0.10898148936284 0.913654978218775 0.982502184043314 -6.2611258669233
"OMD" -0.058959727248028 0.719840954152191 -0.108805467685657 0.913793877701187 0.982502184043314 -6.26114472433453
"CATHL1" -0.058959727248028 0.722043678629876 -0.108237936153232 0.914241737791812 0.982502184043314 -6.26120531718271
"ITIH4" -0.058959727248028 5.57714384362311 -0.106907612834471 0.915291654762732 0.982502184043314 -6.26134610860479
"CAPNS1" -0.058959727248028 0.858051979934831 -0.106004376269753 0.916004593500065 0.982502184043314 -6.26144070844718
"LOX" -0.0589597272480278 0.816160085207953 -0.105383475500101 0.916494720595184 0.982502184043314 -6.26150527275041
"ADIPOQ" -0.058959727248028 2.9311360628011 -0.1049273511904 0.916854797180334 0.982502184043314 -6.26155246124468
"HP20" -0.058959727248028 0.816240202931749 -0.10481707036799 0.916941858417478 0.982502184043314 -6.26156383967154
"ARF3" -0.058959727248028 0.811710042282273 -0.104590416323466 0.917120793760215 0.982502184043314 -6.2615871875704
"FTL" -0.0589597272480278 0.818609137257954 -0.104010412057317 0.917578706269068 0.982502184043314 -6.261646704443
"APOA1" -0.058959727248028 5.73016030923517 -0.103203489479916 0.918215817278223 0.982502184043314 -6.26172895615404
"LGALS3BP" -0.058959727248028 0.833459978619394 -0.102289796920359 0.918937294530609 0.982502184043314 -6.26182131819344
"APOH" -0.058959727248028 3.65061751575342 -0.102016960864575 0.919152746888527 0.982502184043314 -6.26184873907297
"ATIC" -0.058959727248028 0.705165706461896 -0.101745731308358 0.919366936692875 0.982502184043314 -6.26187592593421
"P23528" -0.0420063482986932 0.892579134525166 -0.101406205977193 0.919635068120844 0.982502184043314 -6.26190985649968
"COL10A1" -0.058959727248028 0.950811369126076 -0.10095859873612 0.919988568850016 0.982502184043314 -6.26195441501928
"C1S" -0.058959727248028 0.797910518051992 -0.100759154172493 0.920146086742381 0.982502184043314 -6.26197420592101
"KNG1" -0.058959727248028 4.61740896634327 -0.100447613297665 0.920392142834548 0.982502184043314 -6.26200504187161
"COL2A1" -0.058959727248028 0.758061130802922 -0.100445409178927 0.920393883683379 0.982502184043314 -6.26200525969266
"CFL1" -0.058959727248028 1.04426362624368 -0.100270231995879 0.920532242728345 0.982502184043314 -6.26202255622021
"AGT" -0.058959727248028 5.18031301631619 -0.100127453390935 0.920645014450532 0.982502184043314 -6.26203663147583
"ANXA5" -0.058959727248028 0.90890180110496 -0.0998776663020232 0.92084230930871 0.982502184043314 -6.26206120751607
"RGN" -0.058959727248028 1.09112540622662 -0.0988998611544637 0.921614678935644 0.982502184043314 -6.26215682152236
"P15311" -0.058959727248028 0.943878802764833 -0.0988529687722705 0.921651721212861 0.982502184043314 -6.26216138323406
"AMBP" -0.058959727248028 3.38053727812444 -0.0984307947523935 0.921985222213506 0.982502184043314 -6.26220235513337
"TPI1" -0.058959727248028 1.21743964433329 -0.0978008425260972 0.922482886151303 0.982502184043314 -6.2622631659485
"SeRPINA5" -0.058959727248028 4.45273357818194 -0.0977404837452687 0.922530571393866 0.982502184043314 -6.26226897203911
"RAN" -0.058959727248028 0.88421758480203 -0.0976008156018724 0.922640914505281 0.982502184043314 -6.26228239339529
"PeBP1" -0.058959727248028 0.80566044467276 -0.0974335089626236 0.92277309509218 0.982502184043314 -6.26229844540693
"ORM1" -0.058959727248028 3.90623180911046 -0.0970070861041171 0.923110000341431 0.982502184043314 -6.26233923347919
"GAPDH" -0.058959727248028 3.11524845379032 -0.0969722627944364 0.923137513931865 0.982502184043314 -6.26234255648965
"OGN" -0.058959727248028 0.995878796308399 -0.0960751295282613 0.92384636359841 0.982502184043314 -6.26242775419114
"TTR" -0.058959727248028 3.64932677107665 -0.0949171453040178 0.924761410825414 0.982502184043314 -6.26253655376679
"CALD1" -0.058959727248028 0.74005781239672 -0.0947128880466758 0.924922827016011 0.982502184043314 -6.26255560813475
"SeRPINF2" -0.058959727248028 4.39142943819755 -0.0937013820129662 0.925722225839242 0.982502184043314 -6.2626493628749
"THBS1" -0.058959727248028 3.8930104496408 -0.0932484883654808 0.926080175293918 0.982502184043314 -6.26269101465856
"IGFBP6" -0.058959727248028 0.737406371623844 -0.0932444018280192 0.926083405203858 0.982502184043314 -6.26269138957143
"GARIN1B" -0.0589597272480278 1.00494114708315 -0.0932416718960828 0.926085562883124 0.982502184043314 -6.26269164001555
"HPX" -0.058959727248028 4.50017515274439 -0.0925262390079254 0.926651044853008 0.982502184043314 -6.26275702120202
"CDH1" -0.0589597272480278 0.741230459058091 -0.0918140978623665 0.927213962928305 0.982502184043314 -6.26282160161938
"GGH" -0.058959727248028 0.733620435019389 -0.0917347119334102 0.927276716547527 0.982502184043314 -6.26282876982003
"APOD" -0.058959727248028 2.03025949694095 -0.0914527165578048 0.927499634256013 0.982502184043314 -6.26285418264828
"HABP2" -0.058959727248028 1.22761421618688 -0.0902782069660068 0.928428148468307 0.982502184043314 -6.26295918570606
"F11" -0.058959727248028 0.873681843585717 -0.0902757989631739 0.928430052230133 0.982502184043314 -6.2629593995917
"P02787" -0.100022101690108 0.998359047154502 -0.0893805480006416 0.929137864856224 0.982502184043314 -6.26303852311155
"RAC1" -0.0589597272480281 0.753457032582295 -0.0892781493151747 0.929218828062225 0.982502184043314 -6.26304752300962
"YWHAB" -0.058959727248028 0.834450549216714 -0.0891041944648687 0.929356370057722 0.982502184043314 -6.26306278839163
"F13A1" -0.0589597272480279 1.65008116970273 -0.0889723122095977 0.929460647694432 0.982502184043314 -6.26307434186338
"GDI2" -0.058959727248028 0.954614465279186 -0.0888430611747825 0.929562846069161 0.982502184043314 -6.26308564822988
"KRT222" -0.058959727248028 0.969104467853743 -0.0888104048023366 0.929588667546595 0.982502184043314 -6.26308850227923
"LUM" -0.058959727248028 3.21823144904628 -0.0881927234086949 0.930077084162283 0.982502184043314 -6.26314228785654
"CFD" -0.058959727248028 1.78210932271283 -0.0878843952182693 0.930320897383777 0.982502184043314 -6.26316899560446
"CL43" -0.058959727248028 1.01997150344783 -0.0877398989356154 0.930435161407261 0.982502184043314 -6.26318147986252
"P02765" 0.104450556075574 1.23196355966353 0.0873467079848519 0.930746094388186 0.982502184043314 -6.263215346988
"FABP1" -0.058959727248028 0.723699590153096 -0.087209650998248 0.930854480771052 0.982502184043314 -6.26322711651931
"APOe" -0.058959727248028 3.52932592597854 -0.0865024246072917 0.931413785220097 0.982502184043314 -6.26328755470869
"NACA" -0.058959727248028 0.91529785373374 -0.0859798408231797 0.931827088947674 0.982502184043314 -6.26333189763144
"SeRPINA3-7" -0.058959727248028 4.07790237558185 -0.0856022962310766 0.932125695131172 0.982502184043314 -6.26336376637664
"APOA2" -0.058959727248028 2.08057150987048 -0.0851439657442707 0.932488209421556 0.982502184043314 -6.26340226588943
"HSPA5" -0.058959727248028 0.931138588922949 -0.0850681037608481 0.932548213485697 0.982502184043314 -6.26340861832457
"H2B1" -0.058959727248028 0.994790927341528 -0.0849702928890462 0.932625578903467 0.982502184043314 -6.26341680033367
"YWHAZ" -0.058959727248028 1.68859588819734 -0.0841524302563442 0.93327250890871 0.982502184043314 -6.26348484731367
"FAP" -0.0589597272480281 0.71726928331621 -0.0837176114162525 0.933616469481891 0.982502184043314 -6.26352075678666
"PRDX6" -0.058959727248028 0.949518417498619 -0.0830815140253113 0.934119673111957 0.982502184043314 -6.26357295380214
"F10" -0.0589597272480279 1.80970480432474 -0.0826586744586022 0.934454187861748 0.982502184043314 -6.2636074310452
"TRAP1" -0.0589597272480278 0.747289114942391 -0.082641878481384 0.934467475658947 0.982502184043314 -6.26360879691403
"Q3SWY2" -0.058959727248028 1.08367909387548 -0.0826264087630582 0.934479714229926 0.982502184043314 -6.26361005468442
"CHI3L1" -0.0589597272480278 0.89653022475856 -0.0823745879389139 0.934678939687284 0.982502184043314 -6.26363049595296
"RNASe4" -0.058959727248028 0.913827514006548 -0.0823052107758637 0.934733827458065 0.982502184043314 -6.26363611660549
"H2BC12" -0.0589597272480278 1.06456876744601 -0.0822725604793296 0.934759658864092 0.982502184043314 -6.26363876015992
"CKM" -0.0589597272480278 1.35290143801116 -0.0814401769936778 0.935418226042157 0.982502184043314 -6.26370580054722
"DDBX" -0.058959727248028 1.17015546864944 -0.0810663438255058 0.935714011116906 0.982502184043314 -6.26373568739432
"CFH" -0.058959727248028 4.72189086334204 -0.080861419722279 0.9358761554841 0.982502184043314 -6.26375201213394
"DSG1" -0.058959727248028 1.10922966829358 -0.0806504631876856 0.936043075821283 0.982502184043314 -6.26376877428182
"CATHL4" -0.058959727248028 1.03048592688038 -0.0802613515754358 0.936350969783864 0.982502184043314 -6.26379957740595
"IGF2" -0.0589597272480278 0.832300800560946 -0.0791550472999942 0.937226413189618 0.982502184043314 -6.26388634175345
"F2" -0.058959727248028 4.54461174228961 -0.079071100417489 0.937292845447547 0.982502184043314 -6.26389287632929
"BLVRB" -0.058959727248028 1.38693584183561 -0.0790139363746721 0.937338083077993 0.982502184043314 -6.26389732211347
"F12" -0.058959727248028 1.484624969185 -0.0789447909049731 0.937392802670426 0.982502184043314 -6.26390269542628
"B4GALT1" -0.0589597272480278 0.74343284348161 -0.0789272309081736 0.937406699158902 0.982502184043314 -6.26390405926944
"CNTN1" -0.058959727248028 0.80892075336057 -0.0782831959395775 0.937916383888732 0.982502184043314 -6.26395387036489
"YWHAe" -0.058959727248028 0.998097233620771 -0.0779597719267624 0.938172349269895 0.982502184043314 -6.26397873079988
"SeRPINC1" -0.058959727248028 5.03021048165686 -0.0770827502133059 0.938866477959345 0.982502184043314 -6.26404562646783
"MST1" -0.0589597272480278 1.62360500018283 -0.0769983707704844 0.938933263550082 0.982502184043314 -6.26405202269056
"H2AZ2" -0.058959727248028 0.75206805292264 -0.0769754330721984 0.938951418614115 0.982502184043314 -6.2640537602283
"CSN2" -0.058959727248028 0.834847588435451 -0.0769048444617012 0.939007289322313 0.982502184043314 -6.26405910409024
"CCN2" -0.0589597272480278 0.848101510689783 -0.0764541273676589 0.939364038053825 0.982502184043314 -6.26409310975072
"BPT2" -0.0589597272480278 0.757961507238932 -0.076425112564636 0.939387004096781 0.982502184043314 -6.26409529201062
"H2A1" -0.058959727248028 1.14609188733564 -0.075778538061725 0.939898799670497 0.982502184043314 -6.26414370728934
"H2AJ" -0.058959727248028 1.14609188733564 -0.075778538061725 0.939898799670497 0.982502184043314 -6.26414370728934
"H2AC20" -0.058959727248028 1.14609188733564 -0.075778538061725 0.939898799670497 0.982502184043314 -6.26414370728934
"ARG1" -0.0589597272480278 0.902931337311827 -0.0755323392211077 0.94009368491783 0.982502184043314 -6.26416203446564
"UBA52" -0.058959727248028 1.32474527356399 -0.0755229894218672 0.940101086073288 0.982502184043314 -6.26416272929461
"KLKB1" -0.0589597272480279 2.46678569176775 -0.0751809841035984 0.940371815814816 0.982502184043314 -6.26418808626602
"FGA" -0.058959727248028 3.23023216956481 -0.0749272925721084 0.940572641382038 0.982502184043314 -6.2642068211424
"SeRPINA7" -0.058959727248028 3.67551016269991 -0.0745792807524325 0.9408481384667 0.982502184043314 -6.26423241848677
"PLG" -0.058959727248028 5.15979702787067 -0.0745128832943508 0.940900701609034 0.982502184043314 -6.26423728869109
"LASP1" -0.0589597272480278 0.732436238002766 -0.0743201871020363 0.94105324987434 0.982502184043314 -6.26425139825714
"F12AI" -0.058959727248028 4.17877512795676 -0.0742311368881204 0.941123747379388 0.982502184043314 -6.26425790633539
"CSN1S1" -0.058959727248028 1.13340790595161 -0.0740311899088548 0.941282039164414 0.982502184043314 -6.26427249068693
"Q32LP2" -0.058959727248028 0.975408792624857 -0.0737869191728508 0.941475423927346 0.982502184043314 -6.26429025469024
"KRT7" -0.0589597272480278 3.17526847580436 -0.0736581939422404 0.941577334816047 0.982502184043314 -6.26429959230758
"RAP1B" -0.0589597272480278 1.4255291648707 -0.0735483530910483 0.9416642958495 0.982502184043314 -6.26430754717938
"CLeC3B" -0.058959727248028 2.73554187031115 -0.0733072233510661 0.941855200845559 0.982502184043314 -6.26432496860223
"RAP1A" -0.0589597272480278 0.740491933861778 -0.0732495352877397 0.941900873613406 0.982502184043314 -6.26432912803789
"CLU" -0.058959727248028 3.15427172728283 -0.0731862621947301 0.941950968384823 0.982502184043314 -6.26433368640188
"CDH5" -0.058959727248028 1.06888632862755 -0.0727555184939965 0.94229200441462 0.982502184043314 -6.26436461367155
"KNG2" -0.058959727248028 4.18853710619748 -0.0726936438731787 0.942340993781946 0.982502184043314 -6.26436904125857
"CFB" -0.058959727248028 4.64449267391141 -0.0726360414995092 0.942386600790194 0.982502184043314 -6.26437315974957
"RPS4" -0.058959727248028 0.819531956561856 -0.072521014215687 0.942477674881177 0.982502184043314 -6.2643813742761
"H2AZ1" -0.058959727248028 0.791597280724162 -0.072024796782395 0.942870569245348 0.982502184043314 -6.26441666182137
"GSTA1" -0.058959727248028 1.25008334825289 -0.0720088840467801 0.94288316884704 0.982502184043314 -6.26441778941641
"GPI" -0.058959727248028 1.13820514753854 -0.0715448870555322 0.94325056514129 0.982502184043314 -6.26445055925749
"H4" -0.0589597272480278 1.62809441033654 -0.0714465853818647 0.943328402742696 0.982502184043314 -6.26445747463637
"KRT5" -0.058959727248028 4.73730482687423 -0.071367057356241 0.94339137533148 0.982502184043314 -6.2644630623603
"PPIA" -0.058959727248028 1.38578062735525 -0.0713405390974006 0.943412373336185 0.982502184043314 -6.26446492417824
"KRT20" -0.058959727248028 1.26862606673491 -0.0711393177434656 0.943571708153113 0.982502184043314 -6.26447902916866
"SPP2" -0.058959727248028 1.00746553062325 -0.0707919434484048 0.943846777967991 0.982502184043314 -6.26450328528967
"APCS" -0.058959727248028 0.844120548981667 -0.0705207248411253 0.944061548375309 0.982502184043314 -6.26452214116005
"Q0VCM4" -0.0589597272480279 1.13011134261554 -0.0702715759663915 0.944258846073225 0.982502184043314 -6.26453939891005
"HRG" -0.058959727248028 1.92868671409551 -0.0700593516636142 0.944426906470337 0.982502184043314 -6.26455405085037
"THBS4" -0.0589597272480279 2.68668185264539 -0.0697818460091753 0.94464666700522 0.982502184043314 -6.26457314295961
"KRT71" -0.058959727248028 2.1048396744389 -0.0693722077872933 0.944971073060921 0.982502184043314 -6.26460118720164
"PROC" -0.058959727248028 1.6725020153346 -0.0689829454993846 0.945279351454617 0.982502184043314 -6.26462768352056
"H1-2" -0.058959727248028 1.09669133478812 -0.0688950116049204 0.945348992353146 0.982502184043314 -6.26463364836768
"COL1A2" -0.058959727248028 1.39275872210061 -0.0684611607905933 0.945692594939119 0.982502184043314 -6.26466296655331
"H1-3" -0.058959727248028 1.12736348218594 -0.0683726462339259 0.945762698267705 0.982502184043314 -6.26466892532746
"C4BPA" -0.0589597272480278 1.20731446658283 -0.0681826149174923 0.945913204101396 0.982502184043314 -6.26468169214355
"CSN1S2" -0.0589597272480279 0.933327611109683 -0.0675242690786893 0.946434632924607 0.982502184043314 -6.26472564685994
"P0CG53" -0.0589597272480279 1.11835979345701 -0.067343557145414 0.946577766114303 0.982502184043314 -6.26473763757856
"CPB2" -0.058959727248028 2.51229027992346 -0.0670858470019035 0.946781888937865 0.982502184043314 -6.26475468175708
"KRT75" -0.0589597272480278 3.76148145514914 -0.0669989012642767 0.946850756304409 0.982502184043314 -6.26476041734807
"APOC3" -0.0589597272480278 1.26793116509266 -0.0658577920256731 0.94775463578916 0.982502184043314 -6.26483500413419
"TG" -0.0589597272480278 0.984270444492584 -0.0658372917935874 0.947770874783319 0.982502184043314 -6.26483633238556
"SeRPINA3-2" -0.058959727248028 4.76093658631639 -0.065381980886683 0.948131549188961 0.982502184043314 -6.26486572633155
"eeF1A1" -0.058959727248028 3.0991127531867 -0.0652870950587462 0.948206714352118 0.982502184043314 -6.26487182628764
"FMOD" -0.0589597272480279 1.14447821963996 -0.0652867070296987 0.948207021735843 0.982502184043314 -6.26487185121481
"CRYZ" -0.058959727248028 0.885192587043593 -0.0651290661336073 0.948331900274985 0.982502184043314 -6.26488196588442
"UBC" -0.058959727248028 1.17848232632556 -0.065077995669045 0.948372357094266 0.982502184043314 -6.26488523746151
"IGF2R" -0.058959727248028 1.02689686977619 -0.0646912201348154 0.9486787560085 0.982502184043314 -6.26490993102351
"RPS27A" -0.058959727248028 1.46532108751238 -0.0645933514457208 0.948756287645359 0.982502184043314 -6.26491615608751
"PGK1" -0.0589597272480279 1.51916776793932 -0.0645899999567946 0.948758942705845 0.982502184043314 -6.26491636909641
"TUBA8" -0.058959727248028 0.761675413084207 -0.0641735705897527 0.949088843964109 0.982502184043314 -6.26494274989949
"GFAP" -0.0589597272480278 1.17734737471369 -0.0639302119726513 0.949281640283372 0.982502184043314 -6.26495808768702
"AHCY" -0.058959727248028 2.09580206176725 -0.0638416454936815 0.949351806182158 0.982502184043314 -6.26496365516893
"VNN1" -0.0589597272480278 2.81274626416241 -0.0636515982619516 0.949502370547851 0.982502184043314 -6.26497557590591
"HSPA1B" -0.058959727248028 2.44510387229831 -0.0635634577262152 0.949572200261451 0.982502184043314 -6.26498109247099
"HSPA1A" -0.058959727248028 2.44510387229831 -0.0635634577262152 0.949572200261451 0.982502184043314 -6.26498109247099
"KRT6A" 0.0680735783878701 2.57447632704768 0.0635467098229466 0.949585468904044 0.982502184043314 -6.26498213982944
"KRT73" -0.058959727248028 2.38587391724535 -0.0633953179591144 0.949705410811926 0.982502184043314 -6.26499159485422
"AFM" -0.058959727248028 3.70682550964005 -0.0633823419035027 0.94971569129269 0.982502184043314 -6.2649924042114
"F9" -0.058959727248028 1.31060263913142 -0.0633288513185842 0.949758070126979 0.982502184043314 -6.26499573883764
"CD14" -0.058959727248028 1.00797114158891 -0.063278258383302 0.949798153383342 0.982502184043314 -6.26499889023282
"eZR" -0.0589597272480278 1.35680174757089 -0.0631286272129828 0.949916702411199 0.982502184043314 -6.26500819590638
"ITIH3" -0.058959727248028 4.77000855321383 -0.0628653227468111 0.950125314715486 0.982502184043314 -6.2650245175226
"C7" -0.058959727248028 3.25915321358906 -0.0626613670884236 0.950286908242908 0.982502184043314 -6.26503711336867
"HSPA2" -0.0589597272480278 0.839082397910449 -0.0619192924895062 0.950874869704651 0.982502184043314 -6.26508259690613
"LDHB" -0.0589597272480279 1.6409401660241 -0.0616955572093721 0.951052145339556 0.982502184043314 -6.26509620388473
"KRT80" -0.058959727248028 1.43445392804139 -0.0615824485895178 0.951141767392153 0.982502184043314 -6.26510306410524
"ITIH1" -0.0589597272480278 3.87981031137867 -0.0612654701279249 0.951392929891562 0.982502184043314 -6.26512222229926
"TUBB6" -0.058959727248028 0.943824000293477 -0.0612148291377 0.951433056479098 0.982502184043314 -6.26512527388546
"KRT79" -0.0589597272480278 2.46167221409469 -0.0609384186429096 0.951652079112244 0.982502184043314 -6.26514188569495
"KRT78" -0.058959727248028 1.30137014592659 -0.0607878895114567 0.951771357233441 0.982502184043314 -6.2651509006307
"HBB" -0.058959727248028 3.6927480636675 -0.0607394258033901 0.95180975973846 0.982502184043314 -6.26515379829643
"HSP90AB1" -0.0589597272480278 1.71077618304505 -0.0606738831882276 0.951861695704491 0.982502184043314 -6.26515771344153
"FGB" -0.058959727248028 2.98846075906545 -0.0605821189930646 0.951934410003521 0.982502184043314 -6.26516318781463
"APOA4" -0.058959727248028 2.32307816207925 -0.0603989277859321 0.952079572648898 0.982502184043314 -6.26517409166795
"GPLD1" -0.058959727248028 1.3278744502177 -0.0601789489241097 0.952253888384374 0.982502184043314 -6.26518714155763
"IGFBP3" -0.058959727248028 1.51430664029472 -0.0600129356018466 0.952385442284866 0.982502184043314 -6.26519695850704
"COMP" -0.058959727248028 2.11594427770156 -0.0597325913017741 0.952607598490027 0.982502184043314 -6.26521347469203
"LBP" -0.058959727248028 1.87657596517871 -0.0596677930396296 0.952658947804262 0.982502184043314 -6.26521728121083
"HSPA1L" -0.058959727248028 1.4491341242286 -0.0595534798550619 0.95274953565996 0.982502184043314 -6.26522398636966
"F5" -0.058959727248028 4.70170584827196 -0.0594567779865996 0.952826167861992 0.982502184043314 -6.2652296484805
"C9" -0.058959727248028 2.64589591784853 -0.0590646072659404 0.9531369514192 0.982502184043314 -6.26525251664207
"eNO1" -0.058959727248028 3.04866362792199 -0.0587248650811448 0.953406192868859 0.982502184043314 -6.26527220528165
"RBP4" -0.0589597272480278 1.86564983922821 -0.0577765939018039 0.954157714856822 0.982502184043314 -6.26532655838577
"SeRPINA3-5" -0.0589597272480278 4.180000474502 -0.0577586250858549 0.954171955874709 0.982502184043314 -6.26532757978329
"LDHA" -0.0589597272480279 1.66580828478678 -0.0574577300134264 0.954410429700927 0.982502184043314 -6.26534463629896
"COL1A1" -0.058959727248028 1.32880881656069 -0.0573645148666948 0.954484308045153 0.982502184043314 -6.26534990221385
"ACTN1" -0.058959727248028 0.903885631692904 -0.0571103228479438 0.95468577182878 0.982502184043314 -6.26536421860123
"PFN1" -0.058959727248028 1.84309090327684 -0.0569244287442684 0.954833106941464 0.982502184043314 -6.26537464812689
"CRYZL1" -0.0589597272480278 0.862178149099808 -0.0564626038763963 0.955199144890249 0.982502184043314 -6.26540041150206
"HSPA8" -0.058959727248028 2.20683238143488 -0.0562242238007291 0.955388086460312 0.982502184043314 -6.26541362766904
"AOCX" -0.058959727248028 0.823072621196081 -0.0561708885232216 0.95543036069582 0.982502184043314 -6.26541657700702
"TUBA4A" -0.058959727248028 3.02607971102588 -0.0560021438348049 0.955564110783662 0.982502184043314 -6.26542588982775
"SeRPINA3-8" -0.058959727248028 2.79758284602325 -0.0557843711313286 0.955736723266748 0.982502184043314 -6.26543786703946
"TBA1B" -0.058959727248028 2.90659736747237 -0.0553023699426239 0.956118777925149 0.982502184043314 -6.26546421054425
"TAGLN2" -0.058959727248028 1.83077279292619 -0.0548248841062118 0.956497263765802 0.982502184043314 -6.2654900818889
"MYH10" -0.0589597272480278 1.68204094622377 -0.0547623780689299 0.956546810802312 0.982502184043314 -6.26549345201389
"KRT14" -0.041195006137202 2.59721950884683 -0.0547290271931198 0.956573247312416 0.982502184043314 -6.26549524861344
"FeRMT3" -0.058959727248028 1.8407830556546 -0.0546973211285613 0.956598380062239 0.982502184043314 -6.26549695559288
"eNO3" -0.0589597272480278 0.933274938181608 -0.0545011077585589 0.956753915381159 0.982502184043314 -6.26550749725626
"FN1" -0.0589597272480277 3.71655401057699 -0.0542778974980055 0.956930852782201 0.982502184043314 -6.26551944328626
"CPN1" -0.058959727248028 2.28334598915311 -0.0537193732253249 0.957373601100121 0.982502184043314 -6.2655491202576
"SeRPINA6" -0.0589597272480278 1.96343800635878 -0.0535019300445835 0.957545974367089 0.982502184043314 -6.26556059101241
"CHIA" -0.058959727248028 2.4685420252052 -0.0532977399578495 0.957707843399651 0.982502184043314 -6.2655713202754
"HP" -0.0589597272480277 0.825622886483792 -0.0531737544542104 0.95780613217051 0.982502184043314 -6.26557781513466
"MDH1B" -0.0589597272480279 1.38426449232822 -0.0529076127111897 0.958017116685144 0.982502184043314 -6.26559170563139
"P04272" -0.058959727248028 1.30785720245291 -0.0527160758121382 0.9581689599042 0.982502184043314 -6.26560165921964
"GSTA2" -0.0589597272480278 1.55368427847348 -0.0526447106967873 0.958225535872327 0.982502184043314 -6.26560535861707
"TUBB4A" -0.0589597272480278 0.896577065405481 -0.0521803896975499 0.958593639907672 0.982502184043314 -6.26562930554908
"JUP" -0.058959727248028 1.99121040639514 -0.0520759920325595 0.958676405461661 0.982502184043314 -6.2656346605552
"KRT35" -0.0589597272480279 1.15178337413476 -0.0516626511079956 0.959004103021781 0.982502184043314 -6.2656557573146
"FGG" -0.058959727248028 1.93986478329212 -0.0515913860525442 0.959060602831636 0.982502184043314 -6.26565937766558
"HSP90AA1" -0.058959727248028 2.06333001962018 -0.0514491242379309 0.959173390376144 0.982502184043314 -6.26566658979399
"CAP1" -0.0589597272480279 1.40666138507366 -0.0511396058922584 0.959418784600002 0.982502184043314 -6.26568221239586
"HMGB2" -0.0589597272480278 1.53454097001781 -0.0504146354048441 0.959993575592852 0.982502184043314 -6.26571843554338
"PGLYRP1" -0.058959727248028 1.5938618371208 -0.0501210865816427 0.960226321137438 0.982502184043314 -6.26573295562311
"KRT81" -0.0589597272480277 0.813650693129048 -0.0494716893028206 0.960741220009307 0.982502184043314 -6.26576477612194
"TUBB4B" -0.058959727248028 2.09910667943565 -0.0490609682738536 0.961066884232414 0.982502184043314 -6.26578468726955
"KRT74" -0.0589597272480277 1.00583262753999 -0.0479004725245074 0.961987087248164 0.982502184043314 -6.26584004935748
"SeRPINA3-4" -0.058959727248028 4.36803406739786 -0.047855622882401 0.962022651360027 0.982502184043314 -6.26584216233941
"KRT19" -0.0589597272480278 2.98511971955223 -0.0475407632196431 0.962272325646521 0.982502184043314 -6.26585694046923
"HMGB1" -0.0589597272480278 1.48550073254135 -0.0473816280352628 0.962398516535491 0.982502184043314 -6.26586437246774
"TUBB5" -0.058959727248028 2.13253707445975 -0.0470371847179579 0.962671656236382 0.982502184043314 -6.26588037347218
"LTF" -0.0589597272480278 2.30720693197382 -0.0470264930056404 0.962680134717155 0.982502184043314 -6.26588086828429
"TGFBI" -0.058959727248028 2.48367420342353 -0.0469633329653271 0.962730220439601 0.982502184043314 -6.26588378903421
"MSN" -0.0589597272480278 1.42360330958695 -0.0466663800029753 0.962965705275464 0.982502184043314 -6.2658974686102
"KRT72" -0.058959727248028 1.86530528201292 -0.0457322001318989 0.963706535097666 0.982502184043314 -6.2659399371765
"TUBB3" -0.058959727248028 1.6240475161786 -0.0453933575702267 0.963975254397218 0.982502184043314 -6.26595512902013
"KRT27" -0.058959727248028 0.96613086091488 -0.0453833588239699 0.963983183973211 0.982502184043314 -6.26595557559316
"KRT28" -0.0589597272480279 1.28856412177471 -0.0439614435918795 0.965110880829373 0.982502184043314 -6.26601808077833
"TUBB2B" -0.0589597272480278 0.92920761844114 -0.0435975648360829 0.965399478547241 0.982502184043314 -6.26603375663556
"K2C4" -0.0589597272480279 1.19799091914634 -0.0435203922489645 0.965460685889162 0.982502184043314 -6.26603706447697
"TUBA1D" -0.058959727248028 1.84952967490154 -0.0423202139985077 0.966412601435344 0.982502184043314 -6.26608775338805
"P05786" -0.058959727248028 1.65283958906743 -0.0412199266248756 0.967285332385174 0.982502184043314 -6.26613297818692
"ACTC1" -0.0589597272480278 3.26018247841033 -0.0410510406306279 0.967419293748402 0.982502184043314 -6.26613981440689
"KRT25" -0.058959727248028 1.02313114472002 -0.0406842405525092 0.967710244984078 0.982502184043314 -6.26615456518632
"IGFBP2" -0.058959727248028 2.49221021613105 -0.0401921671602728 0.968100571810443 0.982502184043314 -6.26617414587842
"PROS1" -0.058959727248028 2.09391382770784 -0.0393515092899337 0.968767424077483 0.982502184043314 -6.26620704632006
"KRT6B" -0.0531692651592381 2.38420675803211 -0.0388646478947675 0.969153637438192 0.982502184043314 -6.26622578241475
"ACTG2" -0.0589597272480277 1.27257902236426 -0.0388234874691906 0.969186289181511 0.982502184043314 -6.2662273557164
"ACTA2" -0.0589597272480277 1.27257902236426 -0.0388234874691906 0.969186289181511 0.982502184043314 -6.2662273557164
"SeRPINA3-6" -0.0589597272480277 3.86773204855871 -0.0371568639779692 0.970508432386316 0.982502184043314 -6.26628965984516
"ACTA1" -0.0589597272480278 2.30705589697583 -0.0370489323039285 0.970594058201785 0.982502184043314 -6.26629360047264
"KRT17" -0.0589597272480278 3.23306572574161 -0.03419045603567 0.972861907227893 0.982502184043314 -6.26639379277718
"SeRPINA3-1" -0.058959727248028 3.96706252848331 -0.030766762391329 0.975578482601506 0.982502184043314 -6.26650321457138
"KRT10" -0.058959727248028 2.01517132558285 -0.0284073534616482 0.977450758932552 0.982502184043314 -6.26657190846699
"P02774" 0.0154196389885195 0.984024814349377 0.0158593605709959 0.987409938924726 0.987752711301151 -6.26684520733635
"P01008" 0.0131511932178432 1.71175059502475 0.0154275440135638 0.987752711301151 0.987752711301151 -6.26685185471996
