"logFC" "AveExpr" "t" "P.Value" "adj.P.Val" "B"
"P63261" 4.95104963478409 2.61637983050475 19.2700897426845 9.67613381925505e-25 1.88200802784511e-22 44.5316400737122
"P60709" 4.95104963478409 2.61637983050475 19.2700897426845 9.67613381925505e-25 1.88200802784511e-22 44.5316400737122
"P13645" 5.16482954236802 3.13597377247352 15.9916954040865 2.93515183351338e-21 3.80591354412235e-19 37.2988178794582
"P02768" 5.98537307024053 3.38571285078241 15.7150428990309 6.08024499560759e-21 5.91303825822838e-19 36.6299242160484
"KRT1" 5.86752505876493 3.40895010581031 15.3832240220005 1.47316360754456e-20 1.14612128666967e-18 35.8147727766362
"KRT9" 5.06124100016769 2.91951637462526 15.006561220413 4.0851307779582e-20 2.64852645437623e-18 34.872162562692
"TLN1" 5.35810560618905 2.87545084798534 13.8043028558103 1.18616806686435e-18 6.59170540014616e-17 31.7368673107314
"P68366" 3.84143857551291 1.95366699123422 9.26089060010931 2.06570008627125e-12 1.0044466669494e-10 18.0698400334898
"KRT2" 5.07386092449196 3.01917522849957 8.08889699845666 1.24412613164755e-10 5.3773896134544e-09 14.1161057467644
"P19823" 3.1765052902061 1.84784059236717 7.87677662810762 2.64393539038271e-10 1.02849086685887e-08 13.3875102902416
"FLNA" 4.41740043853312 1.94622889739667 7.67479043415277 5.4341596698209e-10 1.92171646505485e-08 12.6909515532035
"TUBA1B" 3.59812379337392 1.83936878995559 7.09659795091287 4.31824510317135e-09 1.3592204394526e-07 10.6861477288342
"TUBB1" 2.40919258829615 1.42581639624191 7.08251925875662 4.5423819313326e-09 1.3592204394526e-07 10.637198225648
"KRT14" 3.92045737782992 2.59721950884683 6.8194837122657 1.16976110860151e-08 3.2502647946142e-07 9.7222100967011
"P68032" 4.16104234501059 2.03404680916652 6.40437602276637 5.2033900670267e-08 1.34941249071559e-06 8.2790330025341
"P07996" 3.9523180218391 2.00970292703318 6.35221096507761 6.27526376200788e-08 1.52567350213816e-06 8.09799572064843
"KRT71" -3.85426711192591 2.1048396744389 -5.93763453123385 2.7681499774717e-07 6.14817820806182e-06 6.66447361448433
"eeF1A1P5" 2.40837501927179 1.9684402153512 5.92996615124819 2.84491536619827e-07 6.14817820806182e-06 6.63807222991358
"FBLN1" 2.9072093237833 1.37059447289955 5.83513833788918 3.98851978389856e-07 7.80406752946233e-06 6.31202483896971
"LOX" -2.49268725890416 0.816160085207953 -5.83346301062494 4.01237405113744e-07 7.80406752946233e-06 6.30627208851695
"P01024" 3.54284063542216 2.31548225916967 5.75600887852464 5.28459313938379e-07 9.7890796724776e-06 6.04061607207403
"P13647" 3.8254874955406 2.60010411438863 5.72931690444994 5.81000408852079e-07 1.02731435928845e-05 5.94921141751265
"MYH9" 3.32117712876454 2.01663136304521 5.62994678540963 8.26343124009555e-07 1.39759771843355e-05 5.60962933630116
"P11142" 2.48490726575701 1.4286386572736 5.60082677930936 9.16025421687569e-07 1.48472453765194e-05 5.51033812342235
"POTee" 2.92971971831484 1.39968024410531 5.58408544044802 9.71884914281683e-07 1.5122529266223e-05 5.45330260399374
"P06396" 4.06274971918427 2.02434651694114 5.55683874323962 1.07010073491377e-06 1.6010353303133e-05 5.36055324256192
"P68371" 3.0461750502212 1.62509992330438 5.51944440917996 1.22108431988714e-06 1.75926592754111e-05 5.23341921364214
"CKM" -3.00750837952014 1.35290143801116 -5.4391582188859 1.62019620295581e-06 2.25091543910647e-05 4.96110938169361
"P68104" 2.40837501927179 1.89863603467514 5.33924429875975 2.30097560317908e-06 3.08648106771263e-05 4.6235494299747
"C4A" 2.80199316056825 1.81106546131638 5.26566687511301 2.97655657352054e-06 3.85960169033163e-05 4.3759773034514
"CHI3L1" -2.83537524734588 0.89653022475856 -5.18668575268156 3.9204532246886e-06 4.91953646581892e-05 4.11124587836312
"KRT79" -3.82484010488379 2.46167221409469 -5.1759563091469 4.06962194804752e-06 4.94713418059526e-05 4.07536799124003
"P07900" 3.00894601610734 1.43066996680378 5.15475207999503 4.3810787367832e-06 5.16436251093535e-05 4.00452562200362
"F12" -2.86723656911883 1.484624969185 -5.02658629846339 6.83070573138484e-06 7.81513096914324e-05 3.57815262007553
"KRT16" 3.20537080035686 2.4557089568436 4.95915536540857 8.61863649523428e-06 9.57899884756039e-05 3.35515435880115
"COL6A1" 1.49909351953084 1.0531367631725 4.88990379336796 1.09332429965216e-05 0.000118139764601303 3.12714983700075
"P02771" 2.18440889563678 1.3284525812195 4.71321513087031 1.99716835518522e-05 0.000209972564910014 2.55042903334098
"VTN" 1.63118742575404 1.40921416454494 4.69816960672637 2.10165315653211e-05 0.000215142915234472 2.50167220990561
"KRT6A" 3.7802456011643 2.57447632704768 4.62036312123921 2.73356927692295e-05 0.000272656012493084 2.25046649202783
"PKM" 1.78548484766126 1.51734925952507 4.59034884486493 3.02417206827031e-05 0.000294100733639288 2.15399252942136
"NACA" -2.34987909724351 0.91529785373374 -4.48671302131685 4.27926774013223e-05 0.000406008573393033 1.82280140177675
"CAPNS1" -1.88495927536135 0.858051979934831 -4.43722962538408 5.04587496073526e-05 0.000467344133268099 1.66575722820961
"COL10A1" -1.95576720980451 0.950811369126076 -4.38476792195038 6.00486989548794e-05 0.000543231253336002 1.50006255546099
"APOB" 3.3447306773314 1.74147644688934 4.3594405891154 6.5293460499412e-05 0.000577253548506166 1.42037152067777
"DSG1" -2.39016860796639 1.10922966829358 -4.28076651995508 8.45935205352912e-05 0.000719873874017382 1.17412255564483
"IGFBP3" -3.21067422468491 1.51430664029472 -4.27885185242148 8.51264735341891e-05 0.000719873874017382 1.16815456692228
"P63104" 1.32826681024322 1.02876247999891 4.23524186380404 9.8189203572244e-05 0.000812672344459637 1.03255067855998
"LYSM" -1.72499874845956 1.09459348779693 -4.17472295888524 0.00011959015378808 0.000969178537990902 0.845429645996955
"GARIN1B" -1.96713021426683 1.00494114708315 -4.07313963147538 0.00016608502751715 0.00131851174906472 0.534214739760376
"JUP" -3.49972013536033 1.99121040639514 -4.04722179650873 0.000180506970149665 0.00140434422776439 0.455407950351228
"CALD1" -1.89988240031239 0.74005781239672 -3.99596739994672 0.000212680847577483 0.00162221273936551 0.300297517542368
"KRT17" -5.22561307595216 3.23306572574161 -3.96760364453633 0.000232801268958532 0.00173153598885092 0.214888258755235
"ANXA5" -1.78696564485832 0.90890180110496 -3.96342574978638 0.000235916214419277 0.00173153598885092 0.202333837218051
"F10" -2.11615810759156 1.80970480432474 -3.88438873888535 0.00030301814715145 0.00218285294892433 -0.03388333039541
"eDIL3" 1.83673847775349 1.05310899536172 3.8629229349859 0.000324212374202164 0.0022930657011753 -0.0976088372453692
"P04406" 1.85626945037689 1.55420244363732 3.8495677179422 0.000338112220617845 0.00232819706163268 -0.13716224041116
"LTF" -3.68350973977871 2.30720693197382 -3.84671979453664 0.000341149697977025 0.00232819706163268 -0.145587371633084
"P02788" 1.64728386951146 1.35017089856469 3.83113987447346 0.000358237548700287 0.00240266218007606 -0.191619290012549
"CSN1S1" -2.3000102156227 1.13340790595161 -3.78120855738439 0.000418734689043429 0.00276081006843888 -0.338467358063668
"AMY2B" 1.6434154422948 0.923538375654455 3.75796003606036 0.000450148630379185 0.00291846362029171 -0.406484047809271
"KRT73" -2.6322265299966 2.38587391724535 -3.70566865231866 0.000529294507574289 0.00337533710567866 -0.558623825102185
"P01023" 3.0277828544791 2.44612252397125 3.67672291343702 0.000578681425551326 0.00363075926676558 -0.642328761435166
"Q04695" 2.38499211082492 2.13005613425584 3.66222516719348 0.000605049496692221 0.00373594054306784 -0.684114141124557
"UBA52" -2.1766943788484 1.32474527356399 -3.65058752400894 0.000627045185903411 0.00381087227944823 -0.717588440625086
"HRG" -2.34321572364183 1.92868671409551 -3.64556229786308 0.000636778144380809 0.00381087227944823 -0.732024183236859
"KRT6B" 3.7802456011643 2.38420675803211 3.61789283960167 0.000693015011556199 0.00408458847720245 -0.811305369922349
"APOH" -1.58943399622255 3.65061751575342 -3.60081672084321 0.000730061664923949 0.00423871623366293 -0.860060239927028
"APOA2" -1.89607718726509 2.08057150987048 -3.58505666672943 0.000765928537147763 0.00438156177868352 -0.904939148687204
"CSN2" -2.08342950174179 0.834847588435451 -3.55810405730537 0.000831204735933025 0.00468606727939053 -0.981424682191445
"P08238" 2.16063918095528 1.23310560991947 3.52031891311638 0.000931721420141577 0.00517770903478676 -1.08807932490882
"CDH1" -1.7144166276958 0.741230459058091 -3.49552070345689 0.00100388563345782 0.00550016213260693 -1.15770913757444
"KRT75" -2.32133998406862 3.76148145514914 -3.45376329624059 0.00113758887561991 0.00614613989744645 -1.27429066433371
"KRT7" -2.09692543874806 3.17526847580436 -3.42996897366558 0.00122118976202386 0.00650743585516824 -1.34034217754628
"HBA1" 1.81174928532204 1.82643888532008 3.35639580201089 0.00151822728591293 0.00793657422048367 -1.5428004424574
"B4GAT1" -1.32301752871271 0.751939136810005 -3.35372894124566 0.00153018783171279 0.00793657422048367 -1.55008798635418
"OMD" -1.3673363129156 0.719840954152191 -3.30378825544103 0.00177136685513877 0.00906660140327605 -1.68588556858431
"KRT78" -2.42095541332587 1.30137014592659 -3.2680597924158 0.00196554437227537 0.00992982806253402 -1.7822455465121
"KRT13" 1.66873606167831 1.66250528245446 3.25567834652021 0.00203741041567441 0.0101609314320172 -1.81548225162275
"KRT20" -2.05058919910564 1.26862606673491 -3.23947399932565 0.00213522244828505 0.0105139434478846 -1.85885866714316
"SeRPINA5" -1.4820162231305 4.45273357818194 -3.21672236886846 0.00228006175897042 0.0110868003029937 -1.9195251851137
"TUBB" 1.94995307788142 1.55550919138058 3.20838212696994 0.00233544187887238 0.0112158875417451 -1.94169473231122
"LRP1" 1.55765495944795 0.778836242934973 3.19538957561447 0.00242424808142748 0.0113830941175345 -1.97615612246992
"KRT35" -2.78466168735928 1.15178337413476 -3.19473813174896 0.00242878357777729 0.0113830941175345 -1.97788160861827
"TUBA1A" 2.23064280035008 1.4003424540644 3.16023589531109 0.0026807541226743 0.0124144446871464 -2.06893838483345
"Q13509" 1.90403835811588 1.07733684802175 3.11301885437106 0.00306564809051535 0.0140298483201232 -2.19249168813591
"MDH1B" -2.60563321258258 1.38426449232822 -3.06138242296322 0.0035457047403388 0.0160381295812999 -2.32618344811719
"POSTN" 2.07705490413345 1.03572541643493 3.050810865822 0.00365230657218923 0.0163304282365702 -2.3533680293406
"MST1" -1.76731092510398 1.62360500018283 -3.02190380371902 0.00395932669548935 0.0174056359214599 -2.4273752742658
"IGFBP2" -3.3834113249706 2.49221021613105 -3.01982905867493 0.00398226631622091 0.0174056359214599 -2.43266849278774
"CSN1S2" -1.99661201030201 0.933327611109683 -2.99391666914015 0.0042794367775041 0.0184966767383233 -2.4985676295808
"CL43" -1.52395657246691 1.01997150344783 -2.96931217036766 0.00458066742040642 0.0195810947971219 -2.56077811350257
"KNG1" -1.32825823156156 4.61740896634327 -2.96284051921556 0.00466312343593219 0.0197169023541046 -2.57708210548322
"APOD" -1.45333907106042 2.03025949694095 -2.95154695665861 0.0048103401080157 0.0199712722238718 -2.60547469899839
"H2AZ2" -1.72598822646894 0.75206805292264 -2.9503674438714 0.00482596295384049 0.0199712722238718 -2.60843570278492
"BLVRB" -1.67486067293186 1.38693584183561 -2.93878977880038 0.00498184114395852 0.0203993284736828 -2.63745601864582
"ACTG2" -3.39237556262483 1.27257902236426 -2.92472211012706 0.00517755365788518 0.0207635914733746 -2.67261036716349
"ACTA2" -3.39237556262483 1.27257902236426 -2.92472211012706 0.00517755365788518 0.0207635914733746 -2.67261036716349
"MYH11" 1.16226131728625 0.813994716585664 2.91118919234996 0.00537255929037306 0.0210736733783954 -2.70631674101841
"H2A1" -1.72598822646894 1.14609188733564 -2.90449202710927 0.00547157072292528 0.0210736733783954 -2.7229566732448
"H2AJ" -1.72598822646894 1.14609188733564 -2.90449202710927 0.00547157072292528 0.0210736733783954 -2.7229566732448
"H2AC20" -1.72598822646894 1.14609188733564 -2.90449202710927 0.00547157072292528 0.0210736733783954 -2.7229566732448
"KRT19" -2.7221586160371 2.98511971955223 -2.8738607045046 0.00594642535206274 0.0226780339407099 -2.79871873267221
"F13A1" -1.45171141544491 1.65008116970273 -2.86827842555365 0.00603698135215926 0.0227998616115529 -2.81246433523193
"OGN" -1.33964885254775 0.995878796308399 -2.85817023604651 0.00620422119399891 0.0232061735044767 -2.83730599334285
"ARG1" -1.68754094772815 0.902931337311827 -2.83056669145164 0.00668305755958573 0.0247591370540843 -2.90482469762879
"KLKB1" -1.68948596877202 2.46678569176775 -2.82064696469446 0.00686333630937325 0.0251871492862849 -2.92897376828393
"HABP2" -1.40499345520665 1.22761421618688 -2.81671796242611 0.00693597744827192 0.0252158432465213 -2.93852187316667
"VCL" 2.32699936801817 1.09331505663949 2.79572175247699 0.00733636767686839 0.0261988902631302 -2.98938330928724
"CLeC3B" -1.71721099725037 2.73554187031115 -2.79548115184713 0.00734107722026013 0.0261988902631302 -2.98996454954309
"H2AZ1" -1.72598822646894 0.791597280724162 -2.76061604458814 0.00805383036278949 0.0283297206125073 -3.07380723448085
"CFH" -1.53658915240193 4.72189086334204 -2.75921322127137 0.0080838020256769 0.0283297206125073 -3.07716467792527
"IGF2R" 1.90140370279094 1.02689686977619 2.73152899549973 0.00869672631143454 0.0302055940638218 -3.14316715115898
"KRT81" -2.480432041604 0.813650693129048 -2.72502324010394 0.00884684018983283 0.0304550516269466 -3.15860679151487
"P04272" -2.31996713059874 1.30785720245291 -2.71588291437206 0.00906177469457892 0.0309213189139579 -3.18025309819598
"KRT222" -1.36775475859112 0.969104467853743 -2.69747992480044 0.00950915824181761 0.0321657613571048 -3.2236726088316
"P0CG53" -1.7991255401085 1.11835979345701 -2.6905660536798 0.00968241709586557 0.0324694849163078 -3.23992856904759
"CCN2" -1.57463825057589 0.848101510689783 -2.67342416881281 0.0101245613076508 0.0336620029801382 -3.2800991627695
"KRT5" -1.67531924374342 4.73730482687423 -2.65510380074166 0.0106175156012435 0.0350018099057942 -3.32282003221269
"P01008" 1.72620056164523 1.71175059502475 2.65133431180495 0.0107216318748923 0.0350480235238076 -3.33158281327105
"TLN2" 1.45434691909172 1.10544850568922 2.64659642752198 0.0108538221342606 0.0351844734185616 -3.34258357611514
"Q9BQe3" 2.16454175873841 1.17739584610662 2.64198734926316 0.0109838489955377 0.0353117128864807 -3.35327113076573
"HSP90AA1" 2.29170537894434 2.06333001962018 2.61832111464831 0.0116742310260973 0.0371692745797489 -3.40792816152115
"AMY1A" 1.21140396147721 0.931305959676543 2.60654734499761 0.0120322630768258 0.0371692745797489 -3.43498162888296
"AMY1B" 1.21140396147721 0.931305959676543 2.60654734499761 0.0120322630768258 0.0371692745797489 -3.43498162888296
"AMY1C" 1.21140396147721 0.931305959676543 2.60654734499761 0.0120322630768258 0.0371692745797489 -3.43498162888296
"PZP" 2.38057099792556 1.74957636782378 2.6063157526181 0.0120394051338004 0.0371692745797489 -3.43551285305951
"UBC" -1.7991255401085 1.17848232632556 -2.60005044893262 0.0122340951996465 0.0374729372650591 -3.44987060406324
"RPS27A" -1.7991255401085 1.46532108751238 -2.58068753805204 0.0128540855426286 0.0390643693443946 -3.49407773472623
"KRT3" 1.48808206206098 1.68289539879105 2.55532241766378 0.0137095784226864 0.0413412868715118 -3.55160808084578
"ACTA1" -3.05198107423138 2.30705589697583 -2.51098240872373 0.0153303242937035 0.0458730473096203 -3.6511295430078
"Q9NY65" 1.55731447007451 0.950188341295903 2.50549168487718 0.0155426806221746 0.0461534561986712 -3.66336023794752
"HBB" 1.8530183456399 3.6927480636675 2.49940444758556 0.015781221377728 0.0462369075266631 -3.67689551641134
"RGN" -1.13771804475778 1.09112540622662 -2.49871351256035 0.0158085056582164 0.0462369075266631 -3.67843023767004
"KNG2" -1.50230758367765 4.18853710619748 -2.42516580404146 0.0189691159386523 0.0550670604487742 -3.839906913184
"IGF2" -1.36775475859112 0.832300800560946 -2.40421323958144 0.0199683070255049 0.0575383069105289 -3.88521747301143
"P61224" 0.678424736353455 1.06500774225224 2.32143661238936 0.0243944150318108 0.0697752018189294 -4.06117366522165
"SPP2" -1.45332700968266 1.00746553062325 -2.28472175620378 0.0266239932796097 0.0755965940567021 -4.13763789541573
"SeRPIND1" 1.18546993245274 0.867886758831868 2.27487216943053 0.0272521883995119 0.0768195745464502 -4.15798401318444
"KRT76" 1.88714830938306 1.62000062950684 2.27005975393164 0.0275638839625161 0.0771392148303507 -4.16789910097314
"HMGB2" -1.97141981181983 1.53454097001781 -2.20709935923822 0.0319432404776162 0.0887565753270907 -4.2960439718547
"LGALS3BP" 0.968281050089397 0.833459978619394 2.19947933586087 0.0325129350318796 0.0895034962592834 -4.31135354425922
"ORM1" -1.02003142581925 3.90623180911046 -2.19736978632167 0.032672227426268 0.0895034962592834 -4.31558422229628
"KRT8" 1.5056080784207 1.48481870418941 2.17690646205447 0.0342534961474992 0.0931790909187216 -4.35645014595369
"P26038" 1.18205341964642 1.29594388763761 2.16535253882088 0.0351757509137925 0.0950233826768422 -4.3793847083365
"H1-2" -1.41019408121348 1.09669133478812 -2.15750992588082 0.0358141376963969 0.0960806866475751 -4.39489495441726
"KRT80" -1.57372172880362 1.43445392804139 -2.15214253745827 0.0362568882795088 0.0966022571282804 -4.4054831852984
"CFD" -1.09974052817799 1.78210932271283 -2.14628868425349 0.0367452395126496 0.0972374025198686 -4.41700620172767
"H1-3" -1.41019408121348 1.12736348218594 -2.14115157936772 0.0371785425634684 0.0977192774134406 -4.42709693467809
"LASP1" -1.26425126116651 0.732436238002766 -2.08653813751612 0.0420691826781595 0.109831624575866 -4.53312944922985
"KRT72" -2.02723345606256 1.86530528201292 -2.05878975058074 0.0447624381433327 0.116083922918376 -4.58612561985444
"CRYZ" -1.42134140977507 0.885192587043593 -2.05569839744601 0.0450715680591819 0.116111523013389 -4.59199287102978
"KRT27" -2.01146240255514 0.96613086091488 -2.02719110278679 0.0480107008418507 0.122869490970263 -4.64574835820094
"CLU" -1.24362023786835 3.15427172728283 -2.02117298727871 0.0486519669752248 0.123696831067728 -4.65701556434742
"TRAP1" -1.09013595581124 0.747289114942391 -2.00063094350706 0.0508969548898734 0.128564386052992 -4.69526102815103
"QSOX1" 0.558833793140034 0.978259002730328 1.98582886402312 0.0525695445262756 0.131932598843363 -4.722614187276
"FeRMT3" 1.63242865424308 1.8407830556546 1.98283421066948 0.0529136297847557 0.131944884527372 -4.72812708255328
"MYH10" -1.6090002855294 1.68204094622377 -1.95670140844767 0.0559994149951656 0.138750142886111 -4.77593423710912
"P00747" 1.36725012094723 1.16782470389664 1.92506504271183 0.0599405131725558 0.147575060912178 -4.83308326492772
"H4" -1.20299203349331 1.62809441033654 -1.9086678848294 0.0620748414360181 0.151868637223969 -4.8623888367778
"HSPA6" 0.941903879123567 0.881838350545178 1.90245721100376 0.0629000011546537 0.152925627807252 -4.87343240930772
"TG" 1.28400594604598 0.984270444492584 1.8772630414114 0.0663437898266108 0.160296485978581 -4.91791291924826
"LBP" -1.41088870507548 1.87657596517871 -1.86947158567736 0.067440686547095 0.161844225424508 -4.93156494848254
"Q5XKe5" 1.18526652159997 1.49693522987368 1.86682699880457 0.0678164749208094 0.161844225424508 -4.93618755741535
"FGG" 1.60630757600404 1.93986478329212 1.84031446909518 0.0716828394963045 0.170028198561357 -4.98221609634952
"HPX" 0.890917590497601 4.50017515274439 1.83057944066375 0.0731484763055302 0.172453074441523 -4.99897334651948
"eNO3" -1.5091288592483 0.933274938181608 -1.82649207034817 0.0737713285120916 0.172873775850624 -5.00598599264511
"KRT25" -2.01146240255514 1.02313114472002 -1.81729013913628 0.075189924526415 0.173517620382615 -5.02172356023208
"CATHL4" -1.01802908534229 1.03048592688038 -1.81448253428669 0.0756272954798968 0.173517620382615 -5.02651143593844
"KRT28" -1.85784375299378 1.28856412177471 -1.8137075836881 0.07574839394824 0.173517620382615 -5.02783183876516
"eHD3" 0.558833793140034 1.05773225180497 1.81318388509989 0.075830322532248 0.173517620382615 -5.02872386570866
"GAPDH" -0.838192006551565 3.11524845379032 -1.80499989859363 0.0771203509754149 0.175437523563956 -5.0426345594256
"APOe" -0.935316387792672 3.52932592597854 -1.79668921805678 0.0784491550937221 0.177422798438709 -5.05670423795903
"ARF1" 0.705508264307117 0.8029556509391 1.76753724162919 0.0832629537493882 0.187221323748624 -5.10560695014796
"Q0VCM4" 1.12980641818475 1.13011134261554 1.76307126911483 0.0840217553558939 0.187841740422085 -5.11303653924519
"CRYZL1" -1.39884835654437 0.862178149099808 -1.75395189010134 0.0855891224862054 0.190252392269337 -5.12815611469981
"SeRPINA3-1" 2.53516766749022 3.96706252848331 1.73210662248451 0.0894429206276309 0.197689182523571 -5.16409327624655
"APOA4" -1.28860472818557 2.32307816207925 -1.72836350232255 0.0901174956480173 0.198054835068241 -5.17021105099011
"C5" 1.14756066559512 0.94545995618737 1.71936401963819 0.0917566341776417 0.200524329747768 -5.1848719058495
"ADIPOQ" -0.718601016103487 2.9311360628011 -1.67441333390644 0.100317227779044 0.218007830201386 -5.25708208736176
"ARF3" 0.705508264307117 0.811710042282273 1.63862710506678 0.107592346408628 0.232519015294201 -5.31334994399983
"P15311" 0.742381679643593 0.943878802764833 1.62968286704977 0.109476396071399 0.235283525258421 -5.32724327127117
"CPN1" 1.34746617691083 2.28334598915311 1.60744064967408 0.114278232299119 0.244254023979984 -5.36149667544816
"APOC3" -1.08723247142555 1.26793116509266 -1.59006807549555 0.118146409396038 0.251141821065896 -5.38795610093213
"LUM" -0.80921190138282 3.21823144904628 -1.58482441326105 0.119334537400822 0.252288777439781 -5.39589157870681
"IGFBP6" -0.759966784936302 0.737406371623844 -1.57363322293708 0.121902538742432 0.256324797680032 -5.4127485831145
"F12AI" -0.939847956717925 4.17877512795676 -1.5492797729607 0.127644656459227 0.266955760014189 -5.44905810930793
"Q3SWY2" 0.834023814928582 1.08367909387548 1.53032427087329 0.132262412779455 0.27513411000646 -5.47696422967084
"FABP1" -0.775244735091662 0.723699590153096 -1.50137614519921 0.139570655612791 0.288792473581786 -5.51897837993623
"F11" -0.73146786357353 0.873681843585717 -1.46640093371095 0.148823590911885 0.306308872300123 -5.56876284836684
"LDHA" 1.13908448503249 1.66580828478678 1.45341801219285 0.152378698013095 0.311975334353127 -5.58696962649766
"C9" -1.09006869281403 2.64589591784853 -1.42977376709428 0.159023871210398 0.323875842412801 -5.61974558605743
"TGFBI" -1.36571700170047 2.48367420342353 -1.42431406908913 0.160589969108913 0.324840672235745 -5.62724365167109
"ANXA2" 0.659209300397079 1.17048389688045 1.42231033584223 0.161167737124675 0.324840672235745 -5.62998885240352
"TTR" 0.672627243986778 3.64932677107665 1.41776829189723 0.16248340476416 0.325804352851847 -5.63619847296476
"MSN" 1.36098986582023 1.42360330958695 1.41040923122288 0.164632762621037 0.328392304089223 -5.64622051499308
"SeRPINF1" -0.450460285337552 4.44950328492584 -1.40692083764293 0.165659293181835 0.328392304089223 -5.65095443711792
"CDH5" -0.869442081074601 1.06888632862755 -1.40472959915019 0.166306642430789 0.328392304089223 -5.65392252741215
"DDBX" 0.777767669954442 1.17015546864944 1.40015659426026 0.167663938849798 0.329400364709956 -5.66010303429088
"COL2A1" -0.623879889773171 0.758061130802922 -1.39160895976282 0.170223894983363 0.3327492218519 -5.67160544111146
"GFAP" -0.970912755641858 1.17734737471369 -1.37839118936687 0.174241799315275 0.338900299668209 -5.68926419953127
"HMGB1" -1.29750899889389 1.48550073254135 -1.36523211188632 0.178313954657814 0.34509516597955 -5.70668960529012
"SeRPINA3-7" -0.696580605951825 4.07790237558185 -1.32416751844384 0.191491069130634 0.368762504414934 -5.76007014912141
"TUBB4B" 1.20581218036974 2.09910667943565 1.31371729986065 0.194959466319964 0.373592277824955 -5.77341250270291
"GDI2" 0.642920463643454 0.954614465279186 1.26843115525025 0.210539636652026 0.401470189498225 -5.83009094702251
"SeRPINA3-4" 1.18069878832049 4.36803406739786 1.25475295780735 0.215423393801783 0.408779025311675 -5.84684421991471
"P68133" 1.1371257074844 1.28977698708408 1.24368668096165 0.219435716433778 0.414371328605533 -5.86027371152134
"KRT74" -1.16060252963478 1.00583262753999 -1.23455217142877 0.222789063252516 0.418671234807868 -5.87127475673205
"P05786" -1.3426209438555 1.65283958906743 -1.22898552887381 0.22485106731277 0.420514736464748 -5.87794151304542
"HBD" 0.770179164042913 0.958828187301187 1.2155344507599 0.229891547649799 0.427679589697449 -5.89393390373369
"KRT10" -1.92271553997356 2.01517132558285 -1.21291941760022 0.23088101243307 0.427679589697449 -5.89702376349442
"HSPA2" -0.874447240881503 0.839082397910449 -1.20239104834574 0.234896237037833 0.432829333895365 -5.90940040328616
"HSPA1L" -0.907237446368768 1.4491341242286 -1.19981489232012 0.235886423613926 0.432829333895365 -5.91241332172256
"AOCX" 0.954589713193579 0.823072621196081 1.19073242731055 0.239401678657027 0.437217150223397 -5.92298700684877
"FTL" 0.504631554250994 0.818609137257954 1.16556730675429 0.249339959821162 0.451343075333576 -5.95188744308024
"K2C4" -1.20572878676525 1.19799091914634 -1.16527537275049 0.249456969657375 0.451343075333576 -5.95221928510889
"P35900" 0.385308198507223 1.05611255282155 1.16208267229274 0.250739214590705 0.451562752202704 -5.95584330147877
"LDHB" 0.839604663962684 1.6409401660241 1.15030993466127 0.255508300629299 0.457812628778619 -5.96912511921884
"P34931" 0.523102885214265 0.857992294258848 1.14772674381024 0.256563375510897 0.457812628778619 -5.97202229739082
"COL1A1" 0.895299320970144 1.32880881656069 1.14050637573558 0.259528973139602 0.460989819868973 -5.98008755850855
"THBS4" -0.72196094397994 2.68668185264539 -1.11877382100166 0.268602429368723 0.474937931929243 -6.00407166208151
"KRT6C" 1.05282749285706 2.32059859033938 1.11445514632118 0.27043192255939 0.476009130658835 -6.00878556346303
"C4" 0.43962187618402 4.65920312784159 1.10400235815049 0.274896352382448 0.481687752598073 -6.02012318988269
"PROC" -0.71461284365907 1.6725020153346 -1.09470900115277 0.278908907112342 0.486527196711664 -6.03011786338862
"P06733" 0.47630686935028 1.16215827316113 1.08214950292091 0.284396624253159 0.493885209082495 -6.04349728148697
"P08727" 0.745760384602548 1.416951926209 1.07151825427632 0.28910029581417 0.497258719410461 -6.05470753530124
"F5" -0.811354345899105 4.70170584827196 -1.07126785807238 0.28921172794418 0.497258719410461 -6.0549702961262
"Q86Y46" 0.746441717462189 1.1857206287167 1.06864318238292 0.290381563670891 0.497258719410461 -6.05772105234466
"RAN" -0.491946919647024 0.88421758480203 -1.06624701821222 0.291452411376825 0.497258719410461 -6.06022669648071
"Q7RTS7" 0.697213405346493 1.27703309365531 1.06260258740089 0.293086348427165 0.497862836411211 -6.06402734584248
"KRT15" 0.891665480169293 1.05196784790562 1.01906284149868 0.313096848611668 0.52954206134756 -6.10847072023283
"HBA" 0.345727340226975 4.58751823349648 1.01007645165883 0.317339741253301 0.532617819664762 -6.11742189671121
"CFL1" -0.453326780212407 1.04426362624368 -1.00941448542749 0.317653815327056 0.532617819664762 -6.11807826230996
"H4C1" 0.420356893633461 1.01386474095244 1.00130112315816 0.321520302156773 0.536787113901221 -6.12608943917386
"P23528" 0.310929812879206 0.892579134525166 0.982773808486262 0.330467889271146 0.5470317331177 -6.14415062119787
"eZR" 0.701035556855652 1.35680174757089 0.982771443626991 0.330469041857736 0.5470317331177 -6.14415290587008
"eeF1A1" -0.669365732650276 3.0991127531867 -0.970458476663406 0.336506483753206 0.554253475079771 -6.15597668551608
"DSP" 0.74726841918643 1.47603450015398 0.96807934816259 0.33768142312058 0.554253475079771 -6.15824475932622
"P02649" 0.444263414219837 0.800040951030369 0.957433870743901 0.342971943090908 0.560571789337661 -6.16832767167601
"P05452" -0.382397946196407 0.807739349953079 -0.954162861248213 0.344608452501591 0.560889908046523 -6.17140425676553
"FeTUB" -0.325209225081936 4.59737110107439 -0.931261663452075 0.356209562616042 0.573458910677611 -6.19265986757968
"TUBA1D" -0.990438542209262 1.84952967490154 -0.930811037776451 0.356440354287739 0.573458910677611 -6.19307311547145
"YWHAB" 0.470102044361991 0.834450549216714 0.930200193343905 0.356753358313578 0.573458910677611 -6.19363298432649
"TPI1" -0.424788039145907 1.21743964433329 -0.922573579244049 0.360676339603431 0.577378996319895 -6.20059327588424
"HBBF" 0.315033481730356 5.11778033064974 0.919584056727147 0.362221672325474 0.577476354650038 -6.20330651157372
"RPS4" -0.550731469092942 0.819531956561856 -0.886931132259471 0.379377933953176 0.602359250235859 -6.2323871560537
"PFN1" 0.695851792764803 1.84309090327684 0.879633111195374 0.383281743708579 0.60608373293755 -6.23874761756292
"P02765" 0.788083473586353 1.23196355966353 0.862878421251464 0.392339525901834 0.617895042817058 -6.25315715325406
"CPB2" 0.576633981949345 2.51229027992346 0.859047695447101 0.394429102217345 0.618681132107045 -6.25641394430998
"KRT4" 0.390754785521492 0.990790724299546 0.853089511758206 0.397692915833763 0.621295358471219 -6.26145150381396
"TUBB2B" -0.875705463906025 0.92920761844114 -0.847825410660584 0.400590434248407 0.623318715690522 -6.26587390650233
"GPI" 0.525345654669153 1.13820514753854 0.83466054398961 0.407893777831263 0.632154101897854 -6.27681738516161
"SYNCRIP" 0.375773037523511 1.12831937205131 0.82658198984269 0.412415652303038 0.636625748991595 -6.28345038132839
"FN1" 0.680431212222204 3.71655401057699 0.820150172920312 0.416037587869965 0.63757114895794 -6.28868644314052
"GSTA1" -0.512589045516898 1.25008334825289 -0.819674715186996 0.416306097263025 0.63757114895794 -6.28907192795231
"A1BG" -0.269302852271771 4.21514638674972 -0.803749117586541 0.425360641379291 0.644841441670832 -6.30185814639507
"P00734" 0.64874058120258 1.13249756310267 0.803491234487091 0.425508230048711 0.644841441670832 -6.30206318383334
"TUBA8" 0.561855593027086 0.761675413084207 0.800694876588304 0.427110586251471 0.644841441670832 -6.30428239394519
"SeRPINA6" -0.673083806986057 1.96343800635878 -0.799695641183144 0.427684041005333 0.644841441670832 -6.30507356673887
"Q9BUF5" 0.39938188341163 0.772245621082417 0.795977148675699 0.429822114291276 0.645562943858326 -6.30800933180946
"PGK1" 0.544936553831333 1.51916776793932 0.781623057612048 0.438135277935764 0.655517781219278 -6.31921682233554
"P36955" -0.382397946196407 0.913183336911223 -0.770055896253526 0.444903197278487 0.663093271039584 -6.32810355771161
"HP20" 0.324440563409896 0.816240202931749 0.755184906188099 0.45369381677706 0.673359042280767 -6.33933847749798
"SeRPINA3-6" 0.910201201868595 3.86773204855871 0.751039181278937 0.456162341690064 0.673359042280767 -6.34243239388254
"P12259" 0.409758264880971 0.921348733982136 0.749662098756026 0.456984028694403 0.673359042280767 -6.34345641560504
"ITIH3" 0.53159813920709 4.77000855321383 0.742131283172151 0.461492692058392 0.677436442304583 -6.34902396370513
"SeRPINA3-8" -0.592442704253877 2.79758284602325 -0.733913767030082 0.466441563742911 0.681370330508608 -6.35503647573568
"RAC1" -0.369150883650359 0.753457032582295 -0.731872162425259 0.467675779552181 0.681370330508608 -6.35652010131031
"AZGP1" -0.382397946196407 0.821127098909867 -0.721087786900773 0.474226132427094 0.686364864771655 -6.36428995190129
"TUBA4A" 0.577312705277971 3.02607971102588 0.717962738341827 0.476133927781552 0.686364864771655 -6.36652036518839
"RBP4" 0.559246430845633 1.86564983922821 0.717532032135001 0.476397206910918 0.686364864771655 -6.36682702561154
"Q32LP2" -0.427122773943303 0.975408792624857 -0.69987139459902 0.487263170160111 0.696936572778787 -6.37924604953441
"APOA1" -0.305299715713717 5.73016030923517 -0.699692016910076 0.487374238037754 0.696936572778787 -6.37937063277761
"AMBP" -0.318822095099811 3.38053727812444 -0.696892098316844 0.489109728454008 0.696936572778787 -6.38131120319839
"P08729" -0.382397946196407 0.884330985275087 -0.686810552859396 0.495386947572561 0.701854389523793 -6.38823533368727
"CAP1" 0.603672046342538 1.40666138507366 0.685558594774876 0.496169555575946 0.701854389523793 -6.38908828633797
"CHIA" -0.576239042785212 2.4685420252052 -0.682020786398196 0.498384733754849 0.702433555908102 -6.391490324182
"P0DMV8" -0.382397946196407 1.01534727561345 -0.673230517008838 0.503912092300597 0.705114402535728 -6.39740578556414
"P0DMV9" -0.382397946196407 1.01534727561345 -0.673230517008838 0.503912092300597 0.705114402535728 -6.39740578556414
"VNN1" -0.459675018992222 2.81274626416241 -0.649750096965027 0.518838661871777 0.721838144546187 -6.41283752437957
"GSN" -0.231418261715738 4.70798588107988 -0.64479898727863 0.52201588642149 0.721838144546187 -6.41602275848422
"HSPA1B" -0.45540553665024 2.44510387229831 -0.642823814369081 0.523286264169729 0.721838144546187 -6.41728677701854
"HSPA1A" -0.45540553665024 2.44510387229831 -0.642823814369081 0.523286264169729 0.721838144546187 -6.41728677701854
"RAP1A" -0.386896284478687 0.740491933861778 -0.62934033945128 0.532001941548796 0.730947344314957 -6.42581367945917
"P02647" 0.422612237927804 1.00542398438452 0.626806951799678 0.533647932610406 0.730947344314957 -6.42739593997023
"P26583" 0.3601880174392 1.24120552866906 0.614983683587022 0.541364646549111 0.737449329734262 -6.43469724194928
"PROS1" -0.700750709696768 2.09391382770784 -0.612366011046175 0.543080859517625 0.737449329734262 -6.43629524197557
"SeRPINB3" -0.382397946196407 0.93675025011604 -0.61084073798512 0.544082153300085 0.737449329734262 -6.43722327401242
"SeRPINF2" -0.291159483602888 4.39142943819755 -0.605847156756381 0.547366886023642 0.739325412024988 -6.44024560319751
"GC" 0.176215336051796 5.06743320271011 0.586930724416047 0.559900909902149 0.742876763283858 -6.45147290419476
"Q8N1N4" -0.382397946196407 1.04438723187023 -0.586592751764063 0.560126148282775 0.742876763283858 -6.45167030594784
"CNTN1" 0.336114188120928 0.80892075336057 0.584307593339665 0.561650254762618 0.742876763283858 -6.45300207047791
"TUBB6" 0.428730515360747 0.943824000293477 0.582810241511522 0.562650045890613 0.742876763283858 -6.45387193023973
"LYZ" -0.224392991423449 0.816234948298071 -0.582743228070867 0.562694811868026 0.742876763283858 -6.45391080903854
"ILK" 0.320614741793281 0.777665343783164 0.582389681066915 0.562931015856695 0.742876763283858 -6.45411585135965
"TUBB4A" -0.502038085163851 0.896577065405481 -0.581741598457026 0.563364126397784 0.742876763283858 -6.45449139321167
"GPLD1" 0.432988779926453 1.3278744502177 0.578638568896138 0.565440157206436 0.743095341734134 -6.45628377867066
"KRT77" 0.434846088924248 1.25641552382787 0.570872381296818 0.570652539115687 0.74396550766424 -6.46072826303867
"FGA" -0.343024490422227 3.23023216956481 -0.570757076980318 0.570730104520535 0.74396550766424 -6.46079380373284
"B4GALT1" -0.324699715741167 0.74343284348161 -0.569108290037211 0.571839811803619 0.74396550766424 -6.46172956973665
"KRT31" -0.382397946196407 0.79207591293003 -0.565999277428112 0.573935187089468 0.74420262592601 -6.46348681547507
"RAP1B" -0.3371362171185 1.4255291648707 -0.550635869854554 0.584344281065281 0.75149302824032 -6.47203085007176
"F2" 0.311307450515343 4.54461174228961 0.546629964754409 0.587073188907129 0.75149302824032 -6.4742204846979
"KRT84" -0.382397946196407 0.773961847807489 -0.546491261223614 0.587167785533158 0.75149302824032 -6.47429601740107
"H2B1" -0.288239593536319 0.994790927341528 -0.543884759254121 0.588946786007449 0.75149302824032 -6.47571189832519
"PGLYRP1" -0.488297396481469 1.5938618371208 -0.543489331543554 0.589216898748837 0.75149302824032 -6.47592611480941
"Q14624" -0.382397946196407 0.847102710185448 -0.538663745883955 0.592517942505078 0.753233593576717 -6.47852789410366
"BPT2" -0.314222923422207 0.757961507238932 -0.533285885235903 0.596207045778465 0.755454530318642 -6.48140042091658
"H2BC12" -0.288239593536319 1.06456876744601 -0.526616894306233 0.60079675649946 0.758798500903539 -6.48492301755121
"P63267" -0.382397946196407 0.87805768071294 -0.51856479711557 0.606360159306081 0.763119505311984 -6.48911776530716
"P02774" -0.382397946196407 0.984024814349377 -0.514954219762954 0.60886248648267 0.763119505311984 -6.49097794009809
"YWHAZ" 0.274603115662579 1.68859588819734 0.513166456051395 0.61010325488953 0.763119505311984 -6.49189423951086
"GGH" -0.248627661658048 0.733620435019389 -0.506488144548797 0.614748426327201 0.766465185388721 -6.49528924986448
"FMOD" 0.339535349309096 1.14447821963996 0.492261529688371 0.624696963148534 0.774120121956374 -6.50237477939507
"AFP" 0.152043117393238 5.71185561573929 0.492017591059223 0.624868170422369 0.774120121956374 -6.50249452971941
"RNASe4" -0.265575872180651 0.913827514006548 -0.485402585307879 0.62951881104006 0.777405769824074 -6.5057194498894
"P62736" -0.382397946196407 0.819421742950362 -0.475895622716595 0.636229180116959 0.781421276355711 -6.51027851966064
"COMP" -0.358173028508425 2.11594427770156 -0.475105843405626 0.636788032402983 0.781421276355711 -6.51065323969946
"HSP90AB1" -0.345604713273374 1.71077618304505 -0.465658553764735 0.6434894224619 0.787161589112198 -6.51508780074823
"ACTN1" 0.361384854725781 0.903885631692904 0.458321995641211 0.648714300337639 0.791065400725209 -6.51847068314205
"HP" -0.382397946196407 0.825622886483792 -0.451542896035394 0.653558068554343 0.792761314081828 -6.52154917355074
"UBB" 0.146366628736455 0.754972106198902 0.447827931160193 0.656218876952053 0.792761314081828 -6.5232168983536
"P0CG48" 0.146366628736455 0.754972106198902 0.447827931160193 0.656218876952053 0.792761314081828 -6.5232168983536
"ITIH4" 0.185980681076209 5.57714384362311 0.441532425691043 0.66073823478666 0.795749762637804 -6.52601187858324
"P02751" -0.382397946196407 0.834444741245757 -0.427487203994125 0.670866740519602 0.802121222424995 -6.53210594533109
"P62979" 0.146366628736455 0.826696115854738 0.426110314832388 0.671863027224653 0.802121222424995 -6.53269284013444
"C4B" -0.382397946196407 0.825451840140098 -0.425624491048229 0.672214700541256 0.802121222424995 -6.53289947249045
"TBA1B" 0.342339735311801 2.90659736747237 0.420423700866605 0.675984014318824 0.804152237217194 -6.53509683072858
"SeRPINA3-2" 0.28089495209028 4.76093658631639 0.407838429929546 0.685139825873021 0.811233800115221 -6.5403031682109
"SeRPINA3-5" -0.316934978495919 4.180000474502 -0.406511799902305 0.686107764107732 0.811233800115221 -6.54084282026068
"SeRPINB12" -0.152803288203933 0.756539404534591 -0.396276075381225 0.693593713362123 0.81584706355585 -6.54494782133492
"AFM" 0.27932488465769 3.70682550964005 0.393155220826039 0.695882351894403 0.81584706355585 -6.54617873888682
"P62987" 0.146366628736455 0.778036181657141 0.392584285283332 0.69630134987286 0.81584706355585 -6.54640287902747
"AHSG" 0.112905278851666 6.33992813471078 0.377605377122463 0.707327839581627 0.826277866658417 -6.55216768645268
"IGKC" -0.265575872180651 0.881565498792972 -0.361955588526974 0.718916109954944 0.837300499318782 -6.55795252990151
"C7" 0.245566186287378 3.25915321358906 0.341707545190109 0.734008290839457 0.852326045183728 -6.56507566571132
"P00558" 0.137870330911199 0.941550110779888 0.324861774090626 0.746646041896505 0.861911842753466 -6.57069095701251
"P05109" -0.156217968649249 0.857391557633852 -0.324796918199294 0.746694835495934 0.861911842753466 -6.57071202973426
"CD14" -0.223116373137031 1.00797114158891 -0.313524942156094 0.755190909776946 0.869139834033231 -6.57431083004845
"S100A9" -0.156217968649249 0.904075742037082 -0.307714531095132 0.759582438860543 0.871615246952068 -6.57611647223899
"CLIC1" 0.119379371160813 0.811425802114727 0.30296900508953 0.763175066453871 0.873162061325164 -6.5775662290777
"PPIA" 0.186788920411175 1.38578062735525 0.295919535145755 0.76852160196592 0.873922336436774 -6.57967839765892
"C4BPA" -0.193086000876967 1.20731446658283 -0.292355035216336 0.771229371891322 0.873922336436774 -6.58072753602399
"H2BC18" 0.106273906907374 0.923136078527918 0.289074745921403 0.773723782440518 0.873922336436774 -6.58168182790376
"APCS" 0.184497475943158 0.844120548981667 0.28893046320244 0.773833553989387 0.873922336436774 -6.58172355581941
"C3" 0.106170317847083 6.67762398894577 0.287302415690663 0.775072509179144 0.873922336436774 -6.58219296356729
"P02787" 0.240507386369518 0.998359047154502 0.281395442332271 0.77957268981198 0.873973791520797 -6.58387389800328
"CATHL1" 0.117050342678752 0.722043678629876 0.281344435117404 0.779611582667652 0.873973791520797 -6.58388826144351
"P09429" 0.158926404569331 1.26815882585194 0.274124394914134 0.785122532931309 0.877102504302846 -6.5858952105661
"TF" 0.0818285750751562 6.50277193165561 0.271783092429826 0.786912015428517 0.877102504302846 -6.58653485267556
"SeRPINA1" -0.0853856270176889 6.35969402538638 -0.24099476900223 0.810548307229309 0.900193530222991 -6.59443711334544
"HSPA5" 0.126111432402781 0.931138588922949 0.238235977655274 0.812675314069741 0.900193530222991 -6.59509898738676
"A2M" 0.0756108721280953 6.92086440788217 0.231875773322708 0.817584385884039 0.900193530222991 -6.59659592291163
"FAP" -0.123988654900176 0.71726928331621 -0.230507422527699 0.818641507833773 0.900193530222991 -6.59691269467197
"P14923" -0.161919256065072 1.10005277187694 -0.229608143090094 0.819336433002497 0.900193530222991 -6.59711985814883
"PLG" 0.13705999533498 5.15979702787067 0.226792254770532 0.821513375910442 0.900193530222991 -6.59776331668861
"ACTB" -0.0593436351091263 4.64889836020568 -0.215906182937947 0.829942498895578 0.904335103838599 -6.60017636132796
"ACTG1" -0.0593436351091263 4.64889836020568 -0.215906182937947 0.829942498895578 0.904335103838599 -6.60017636132796
"P63000" 0.0925860816520739 0.746602443699595 0.209690200397993 0.834764684450487 0.907048777238099 -6.60150109006082
"PeBP1" 0.0925860816520739 0.80566044467276 0.200327322002743 0.842040185440189 0.910836042291729 -6.60342356094483
"COL1A2" -0.129545341073126 1.39275872210061 -0.196948280991451 0.84466934831097 0.910836042291729 -6.60409585038078
"SeRPINC1" 0.114601664282166 5.03021048165686 0.19617075484564 0.845274579093352 0.910836042291729 -6.60424892997667
"LIMS1" 0.0515185642616784 0.815161218650176 0.190781595708688 0.849472098318504 0.912830514491431 -6.60529333108291
"GSTA2" -0.159865289568335 1.55368427847348 -0.186893870981262 0.852502917009788 0.913151382385118 -6.60602872300342
"AHCY" 0.129018801652297 2.09580206176725 0.182912427420105 0.855609124769038 0.913151382385118 -6.60676617281861
"C1S" 0.081057861807671 0.797910518051992 0.181370142347418 0.856812993754673 0.913151382385118 -6.60704757642882
"SeRPINA7" -0.100874900319762 3.67551016269991 -0.167065758387346 0.867994624726141 0.922540735023139 -6.60954414357291
"CORO1A" -0.0640473814035887 0.712513251951128 -0.15982060098205 0.873668659077664 0.923609928706765 -6.61073053610578
"P62826" 0.0462691839594198 0.922613212676283 0.159717771889083 0.873749238468097 0.923609928706765 -6.61074699624286
"eNO1" 0.0987933941363983 3.04866362792199 0.128835655422054 0.898006441523407 0.946678877378335 -6.61521144004883
"ITIH1" 0.0882211327496529 3.87981031137867 0.12002578014464 0.904945491854739 0.951415665760793 -6.61630996682716
"TAGLN2" 0.0959428814790688 1.83077279292619 0.116809083698833 0.907480999651936 0.951509727397852 -6.61669169313843
"Q14CN4" -0.0620122414196634 1.17514041604347 -0.105893490949956 0.91609212182587 0.956054494364303 -6.6179097935744
"TUBB3" 0.103222654657919 1.6240475161786 0.104052727379754 0.917545297430068 0.956054494364303 -6.61810344874362
"FHL1" -0.0359812141881772 0.837231346343477 -0.101971508936027 0.919188639825834 0.956054494364303 -6.61831831223093
"CFB" 0.0607179625521415 4.64449267391141 0.0979389616479073 0.922373768993461 0.956809056369217 -6.61872228038208
"YWHAe" 0.0500969840940201 0.998097233620771 0.0867297867766686 0.931233973810277 0.963430893117547 -6.61975959839207
"IQGAP1" 0.0496135346211816 0.948345697714533 0.0805610295240529 0.936113841497484 0.965910568547801 -6.62027676253028
"O95678" -0.0620122414196634 1.53894183147187 -0.0739034731803177 0.941383149764777 0.968777897509254 -6.62079212323014
"Q02413" -0.0413270250796507 1.12524440089699 -0.0670347957414641 0.946822325210494 0.970692360641764 -6.62127727616488
"HSPA8" 0.0522621194990656 2.20683238143488 0.0652524202289755 0.948234182632057 0.970692360641764 -6.62139544393203
"PRDX6" -0.0290315204490624 0.949518417498619 -0.0535624360730121 0.957498009347006 0.977602954425159 -6.62209154743545
"THBS1" -0.0223953041999811 3.8930104496408 -0.0463751047338566 0.9631966909128 0.979810447584521 -6.62245154106741
"TUBB5" 0.0425854271225878 2.13253707445975 0.0444824260119152 0.96469769003823 0.979810447584521 -6.62253772777101
"AGT" -0.0153254376458243 5.18031301631619 -0.0340762811891211 0.972952495734436 0.985621148022645 -6.62294745141078
"ACTC1" -0.0280644367051828 3.26018247841033 -0.0255838934548005 0.979691443915036 0.989870056319348 -6.62320138902494
"FGB" -0.016299537731717 2.98846075906545 -0.0219283464728868 0.982592711934537 0.990229442856308 -6.62328843999043
"ATIC" 0.00616278135453679 0.705165706461896 0.0139244834988585 0.98894584592761 0.994056677172714 -6.62343226713092
"F9" 0.00480126127760694 1.31060263913142 0.00675216564987824 0.99463955978848 0.997203063808553 -6.62350659631676
"ALB" 1.77635683940025e-15 7.89886994691184 8.40965542776125e-15 0.999999999999993 0.999999999999993 -6.62352944739651
