"logFC" "AveExpr" "t" "P.Value" "adj.P.Val" "B"
"P02768" 7.3287633105386 3.38571285078241 17.9994430900312 1.90380406492486e-23 7.40579781255772e-21 41.5818994376177
"P13645" 5.44944823200622 3.13597377247352 15.7832005188357 5.07751075912492e-21 9.52948995693491e-19 36.5793521710312
"P63261" 4.26712336227778 2.61637983050475 15.5355159788547 9.79896139530582e-21 9.52948995693491e-19 35.982440675393
"P60709" 4.26712336227778 2.61637983050475 15.5355159788547 9.79896139530582e-21 9.52948995693491e-19 35.982440675393
"KRT1" 5.67064295064232 3.40895010581031 13.9068490625331 8.83858629979453e-19 6.87642014124015e-17 31.8544943616162
"KRT9" 4.94803985208084 2.91951637462526 13.7233892592011 1.49746592608967e-18 9.70857075414802e-17 31.3667678083069
"TLN1" 4.75963017479332 2.87545084798534 11.4704497151633 1.37502657714618e-15 7.6412191215695e-14 24.9863460210231
"KRT2" 5.48927599409563 3.01917522849957 8.18596418052686 8.82076610954442e-11 4.28909752076598e-09 14.4331205747444
"P01024" 5.33433954149567 2.31548225916967 8.10689448197686 1.16720993996876e-10 5.04494074053164e-09 14.1640122929631
"P19823" 3.26855684645778 1.84784059236717 7.58156767472389 7.58339902457478e-10 2.94994222055959e-08 12.3646514866711
"C4A" 4.15969302683532 1.81106546131638 7.312259887458 1.9903627183661e-09 7.03864634040376e-08 11.4361077981219
"MYH9" 4.49807492122799 2.01663136304521 7.13251941995251 3.79527532582062e-09 1.1514952399458e-07 10.814845699575
"eeF1A1P5" 3.09511064070239 1.9684402153512 7.12866662707784 3.84818460650268e-09 1.1514952399458e-07 10.8015187623483
"KRT14" 4.31912893059997 2.59721950884683 7.02772816794145 5.5312850162619e-09 1.53690705094706e-07 10.4522546040534
"VTN" 2.50264807511363 1.40921416454494 6.74261924088764 1.54233969453787e-08 3.9998009411682e-07 9.46506168723194
"P68104" 3.09511064070239 1.89863603467514 6.41853455409231 4.94539826481584e-08 1.14029069390983e-06 8.34356932878952
"P01023" 5.64874443446408 2.44612252397125 6.41641032853268 4.98327552608408e-08 1.14029069390983e-06 8.33622677854505
"P13647" 4.3684887352717 2.60010411438863 6.11999834793731 1.44265731548566e-07 3.11774275402178e-06 7.31357342513038
"KRT16" 3.78652067416132 2.4557089568436 5.479914683831 1.40365852844134e-06 2.87380614507201e-05 5.12805774107563
"KRT6A" 4.66439665793867 2.57447632704768 5.33280365605284 2.35348883857683e-06 4.57753579103194e-05 4.63259311003949
"HBA1" 3.02266563992103 1.82643888532008 5.23804477267625 3.27790962897988e-06 5.91817827220232e-05 4.31523187660997
"P68032" 3.63407771752658 2.03404680916652 5.23206251846812 3.34704169636121e-06 5.91817827220232e-05 4.29524674470884
"FLNA" 3.03575916000364 1.94622889739667 4.93368134798953 9.40779572048042e-06 0.000159114458055082 3.30687803084573
"COL10A1" -2.30414827222944 0.950811369126076 -4.83218886691207 1.33209069630706e-05 0.00021590970035977 2.97487111100418
"P01008" 3.33854648179708 1.71175059502475 4.79661313439885 1.50405520693793e-05 0.000228634828705887 2.85905054985893
"P68366" 2.12495352224301 1.95366699123422 4.79195049311475 1.52815052605477e-05 0.000228634828705887 2.84389293508879
"Q04695" 3.21394812627518 2.13005613425584 4.61637399003244 2.77055631915401e-05 0.000399165336352188 2.2770295892992
"FBLN1" 2.44312600918951 1.37059447289955 4.58695783039623 3.05884697014862e-05 0.000424961239781362 2.18283696295298
"KRT79" -3.56407125564707 2.46167221409469 -4.51157022731429 3.93835871641611e-05 0.000528283289891678 1.9425238152275
"KRT6C" 4.53429991145697 2.32059859033938 4.48972401370874 4.23648633363827e-05 0.000549331061261762 1.87318346455269
"APOB" 3.66722273252463 1.74147644688934 4.47106439150371 4.50849655185507e-05 0.000565743599571491 1.81406625513123
"CFD" -2.4286559710982 1.78210932271283 -4.4337166196695 5.1051286109621e-05 0.00062059219677008 1.69604733154631
"APOD" -2.29984848719672 2.03025949694095 -4.3690397916497 6.32551282864156e-05 0.00074564378495199 1.49265661320067
"KRT3" 2.65534377630353 1.68289539879105 4.26524129532787 8.90103055554301e-05 0.00101838261356066 1.16896308809087
"P02647" 2.96275679675327 1.00542398438452 4.11047267007678 0.000147256454259768 0.0016366503059157 0.692940943761394
"P02787" 3.72377124597383 0.998359047154502 4.07545085878623 0.000164854579108756 0.00178134531314739 0.586383445988763
"PZP" 3.79538101942466 1.74957636782378 3.88691728189267 0.000300611385835256 0.00316048186729499 0.0205981715818169
"HSP90AB1" -3.06571834368066 1.71077618304505 -3.86388513533598 0.000323232492863006 0.00330887999272919 -0.047575346891926
"TUBA1B" 2.0266382582165 1.83936878995559 3.73899051733627 0.000477447221946893 0.00476222998300875 -0.413469271380405
"F12" -2.26933692640074 1.484624969185 -3.72145372040827 0.000504093497742319 0.00483520868887225 -0.464320168888035
"P68133" 3.63407771752658 1.28977698708408 3.71792601045588 0.000509623537901702 0.00483520868887225 -0.474533374338534
"KRT13" 2.02185747278627 1.66250528245446 3.6898473857537 0.000555764268160841 0.00514743572177541 -0.555632517133953
"A1BG" -1.30610622341203 4.21514638674972 -3.64638130546779 0.000635182061440915 0.00574618190466316 -0.680493330743986
"P02771" 1.76388928456024 1.3284525812195 3.56007112993151 0.000826266277071863 0.00714372405760108 -0.925913705299903
"LGALS3BP" -1.67544405946964 0.833459978619394 -3.56001978930528 0.000826394813861308 0.00714372405760108 -0.926058676137672
"FTL" -1.61579711185296 0.818609137257954 -3.4910318268893 0.00101750578259801 0.008604559770231 -1.1197454518678
"TLN2" 2.04354423450941 1.10544850568922 3.47862629986848 0.00105606877111127 0.00874065429706985 -1.15433536298437
"CKM" -1.97890390181382 1.35290143801116 -3.34775430662155 0.00155730860317665 0.0126206884715774 -1.51466435561125
"P06396" 2.60024118755306 2.02434651694114 3.32678997950809 0.00165612304658257 0.0127155743102296 -1.57159039716955
"CNTN1" -2.0452564861555 0.80892075336057 -3.32587934461189 0.00166054718468146 0.0127155743102296 -1.57405803460544
"P07996" 2.21133401464625 2.00970292703318 3.32453877986387 0.00166708043655966 0.0127155743102296 -1.57768992356969
"APOH" -1.5629507210906 3.65061751575342 -3.31213347856819 0.0017287042693464 0.012932037707226 -1.61125495011292
"TUBA8" -2.47120289015689 0.761675413084207 -3.29423646997447 0.00182142090024309 0.0133685420791427 -1.65953930866618
"POSTN" 2.37244494785868 1.03572541643493 3.25962378286159 0.00201424444844559 0.0145100201934322 -1.75244904611547
"P35900" 1.15008025638677 1.05611255282155 3.24459840229217 0.00210382107974715 0.0146417681958238 -1.79258581714161
"ATIC" -1.53207951144496 0.705165706461896 -3.23808068571984 0.00214383664832554 0.0146417681958238 -1.80995930792655
"Q5XKe5" 2.19766059592593 1.49693522987368 3.23782001460327 0.00214545189501788 0.0146417681958238 -1.81065367982284
"ADIPOQ" -1.48236684685938 2.9311360628011 -3.23098220981229 0.00218823506654137 0.0146762662221481 -1.82885525443364
"COL6A1" 1.05284249017041 1.0531367631725 3.21246953748602 0.00230814434659066 0.0152181042512503 -1.87800934617306
"Q0VCM4" -2.1742067923482 1.13011134261554 -3.17373532239748 0.00257936919687788 0.0167229102930916 -1.98026000586964
"APOA2" -1.78902956980388 2.08057150987048 -3.16418273832677 0.00265073049778989 0.0168339374604285 -2.00535212454194
"IGKC" 2.47860698930008 0.881565498792972 3.15993658095785 0.00268304401682922 0.0168339374604285 -2.01648969851526
"P02751" 3.00849391992089 0.834444741245757 3.14601459487759 0.00279161115471234 0.0172370910981445 -2.05293760150218
"KRT76" 2.78373830484363 1.62000062950684 3.13230243975542 0.00290257144475968 0.0176421920626799 -2.08873215127938
"C4BPA" -2.20116593705663 1.20731446658283 -3.11757277624146 0.00302637800142892 0.0181117083470131 -2.12706721302168
"YWHAB" -1.6652467234861 0.834450549216714 -3.08224317741596 0.00334384810066207 0.0197084380478416 -2.21852313675779
"C1S" -1.46932511409862 0.797910518051992 -3.07533604594224 0.00340945924768255 0.0197952186171419 -2.23632153140332
"COL1A2" -2.14365439885472 1.39275872210061 -3.04852100493204 0.0036757893374019 0.0204154646000938 -2.30516335522139
"KRT71" -2.1143305301619 2.1048396744389 -3.04683236953397 0.00369319698096176 0.0204154646000938 -2.30948489929493
"ORM1" -1.50974880549321 3.90623180911046 -3.04227394401764 0.00374057471216226 0.0204154646000938 -2.32114267431573
"TUBB1" 1.10521871995199 1.42581639624191 3.03926455008343 0.00377216388538106 0.0204154646000938 -2.32883243804792
"P02774" 2.41225309732744 0.984024814349377 3.03864503022175 0.00377869781801221 0.0204154646000938 -2.3304148260815
"POTee" 1.68596862599816 1.39968024410531 3.00593438072576 0.00413912701781164 0.0220564439716264 -2.4136521302518
"OMD" -1.31739113730973 0.719840954152191 -2.97752640280629 0.00447796765116632 0.0235395867068067 -2.48543874427608
"QSOX1" 0.879563550387364 0.978259002730328 2.92368384924149 0.00519227816218489 0.0268584307610251 -2.62020025995264
"CLIC1" -1.22850869990928 0.811425802114727 -2.91642744661326 0.00529628078834468 0.0268584307610251 -2.63823083916368
"P00734" 2.51611074643341 1.13249756310267 2.91503555907037 0.00531645030488158 0.0268584307610251 -2.64168578419147
"FABP1" -1.60336881007473 0.723699590153096 -2.9046121078209 0.0054697805992637 0.0272787776040202 -2.66752205355254
"C5" 2.06816336771884 0.94545995618737 2.89855168243805 0.00556081046970301 0.0273817123128414 -2.6825138914531
"P02649" 1.43162337843778 0.800040951030369 2.88603135883243 0.00575334689995689 0.0279756493010404 -2.71341579272029
"PKM" 1.19701899754608 1.51734925952507 2.87868796218618 0.00586913566777477 0.0281863428983258 -2.73149631822859
"COL2A1" -1.37548978686117 0.758061130802922 -2.86997177784498 0.00600937737527656 0.0285078999875925 -2.75291448604401
"F11" -1.52067725583838 0.873681843585717 -2.85166532548549 0.00631410649817919 0.0295926196119482 -2.79774838606562
"TTR" -1.44354822272871 3.64932677107665 -2.84620467829416 0.00640774168391825 0.0296739466076691 -2.81108234574676
"GC" -0.911860681736528 5.06743320271011 -2.84102894441338 0.0064976778732854 0.0297364316789179 -2.82370375048615
"Q86Y46" 2.10933005746192 1.1857206287167 2.82478490495688 0.00678759398276186 0.0306288188583489 -2.86320922685714
"KRT6B" 3.14812774136493 2.38420675803211 2.81833137400728 0.00690606231369573 0.0306288188583489 -2.8788590991058
"IGF2R" -2.09636425430366 1.02689686977619 -2.81709992438823 0.00692888447181158 0.0306288188583489 -2.88184245382918
"P09429" 1.72793516031057 1.26815882585194 2.7879379012739 0.00749015416586143 0.0327378648373044 -2.95221662558614
"HP20" -1.24584454170843 0.816240202931749 -2.71260173117892 0.00914009594071244 0.0395055257881904 -3.13154884560416
"Q14624" 2.04728130434969 0.847102710185448 2.69763844823845 0.00950521931674916 0.0406322012551145 -3.16673826482199
"PeBP1" -1.32630673849156 0.80566044467276 -2.6843706599726 0.00984012885043528 0.0416066317697753 -3.19781991990245
"YWHAZ" -1.52882505343336 1.68859588819734 -2.67248094526292 0.0101494195126924 0.0424529482842723 -3.22557664677966
"P02765" 2.60203555966875 1.23196355966353 2.66498422088958 0.0103489914140774 0.0428272091497457 -3.24303076787255
"SeRPIND1" 1.48099942662369 0.867886758831868 2.65843086919441 0.0105263897762867 0.0431027960313211 -3.25825857446
"TG" -1.92558117165577 0.984270444492584 -2.63344318073742 0.0112286667931294 0.0454994935679931 -3.31606443505664
"P26038" 1.53301497203942 1.29594388763761 2.62689027448576 0.0114197998860049 0.0457969294397515 -3.33115603219026
"LUM" -1.41338027032123 3.21823144904628 -2.58929744191424 0.0125749469045448 0.0499148402639584 -3.41718600763562
"CATHL1" -1.14176067136213 0.722043678629876 -2.56711158026724 0.0133057168411921 0.0522820591032699 -3.46751682390652
"CLU" -1.68119984372699 3.15427172728283 -2.55587183344667 0.0136905120114663 0.0532560917246038 -3.49288950335589
"HBA" -0.923368240135498 4.58751823349648 -2.52347775347649 0.0148568358604974 0.0572208826706286 -3.56553962019699
"KRT80" -1.9522349715601 1.43445392804139 -2.4973488075773 0.0158625220005935 0.0604953044924595 -3.62361976914552
"H2A1" -1.54542646029304 1.14609188733564 -2.43267857401366 0.0186219626991438 0.0689899379996853 -3.76535204950222
"H2AJ" -1.54542646029304 1.14609188733564 -2.43267857401366 0.0186219626991438 0.0689899379996853 -3.76535204950222
"H2AC20" -1.54542646029304 1.14609188733564 -2.43267857401366 0.0186219626991438 0.0689899379996853 -3.76535204950222
"P26583" 1.50935027767812 1.24120552866906 2.41061801685618 0.0196579632019988 0.0721410159016748 -3.8130351948724
"YWHAe" -1.4740587291685 0.998097233620771 -2.38712692104346 0.0208178897488754 0.0752971576350199 -3.86343440090326
"SYNCRIP" 1.15930671644697 1.12831937205131 2.38540816479385 0.0209051234565094 0.0752971576350199 -3.86710662869182
"P36955" 1.25030904842652 0.913183336911223 2.35520166758776 0.0224927178794505 0.080272176652351 -3.93130243528978
"LTF" -2.3701316034508 2.30720693197382 -2.31528904824021 0.0247557115992006 0.0875451982917185 -4.01512603905022
"PRDX6" -1.33528111916887 0.949518417498619 -2.30444991786577 0.025404379967709 0.0880058593707239 -4.03769208508161
"B4GAT1" -0.971832286767162 0.751939136810005 -2.30439917095717 0.0254074522266614 0.0880058593707239 -4.03779753544432
"SeRPINF2" -1.18258722935308 4.39142943819755 -2.30180932395278 0.0255646840845548 0.0880058593707239 -4.04317667311487
"HABP2" -1.22356887128111 1.22761421618688 -2.29457104116179 0.0260087347539431 0.0887491036779287 -4.05818486779608
"CD14" -1.73998721589172 1.00797114158891 -2.28712941103553 0.0264724091990428 0.0895458015515447 -4.0735750256829
"FeTUB" -0.840676264443379 4.59737110107439 -2.25186152546506 0.0287713919932405 0.096483374873884 -4.14596366520535
"GPI" -1.50927093286326 1.13820514753854 -2.24303460687541 0.0293738107979255 0.0976616444478037 -4.1639385931196
"Q3SWY2" -1.29289215659752 1.08367909387548 -2.21907173507015 0.0310659514548611 0.102412331491025 -4.21244626651546
"P04406" 1.14175176641978 1.55420244363732 2.21486196439095 0.0313719685892045 0.10255206538824 -4.22092415961892
"SeRPINA1" -0.832330506895048 6.35969402538638 -2.19746862667903 0.0326647486295691 0.10588822680752 -4.25581233382054
"LYSM" -0.95925019088549 1.09459348779693 -2.1715748177805 0.0346763993074324 0.111480325046208 -4.30733289690899
"C9" -1.75744158336308 2.64589591784853 -2.15624637598732 0.0359179369931368 0.114525225330576 -4.33759474269334
"CHIA" -1.92951482508846 2.4685420252052 -2.1362254121554 0.0375982561185948 0.118908305936044 -4.37685388423217
"CL43" -1.16778450842902 1.01997150344783 -2.12838408717577 0.0382749126818473 0.120072105106763 -4.39214727713674
"GARIN1B" -1.09679895486456 1.00494114708315 -2.12435573677975 0.0386266633163686 0.120206176240539 -4.39998586005373
"AZGP1" 1.20032401572124 0.821127098909867 2.11726447567869 0.0392527427129443 0.120375102242164 -4.41375445179753
"P00747" 1.60718190585763 1.16782470389664 2.11673503528918 0.039299840577776 0.120375102242164 -4.41478089314085
"THBS1" -1.07281905563645 3.8930104496408 -2.0780617232201 0.0428765157508909 0.129655797953722 -4.4891788893021
"KRT7" -1.3551423094574 3.17526847580436 -2.07346225777792 0.0433202123072431 0.129655797953722 -4.49795083508918
"GGH" -1.08805728277805 0.733620435019389 -2.073364343238 0.0433297011156397 0.129655797953722 -4.49813739743928
"CDH5" -1.36154546145169 1.06888632862755 -2.05772934319656 0.0448682688061976 0.133234782943594 -4.52783288004641
"MDH1B" -1.86917347475776 1.38426449232822 -2.05427196323635 0.0452148331555885 0.13324674316306 -4.53437398405935
"KRT222" -1.10666738528204 0.969104467853743 -2.04160219678191 0.0465047809052059 0.136017742647557 -4.55826514950051
"HSPA1L" -1.62985688210852 1.4491341242286 -2.01626113033797 0.0491808332832862 0.141856444366989 -4.60567628060039
"AMBP" -0.985886652328686 3.38053727812444 -2.01580325579598 0.0492303855772328 0.141856444366989 -4.60652832549502
"Q7RTS7" 1.40854673878045 1.27703309365531 2.00807731176656 0.0500730367813995 0.141909450746644 -4.62088060068046
"FGG" -1.87019654153199 1.93986478329212 -2.00426253791932 0.0504936798005935 0.141909450746644 -4.62794998623653
"SeRPINA7" -1.29359698476896 3.67551016269991 -2.0040444454793 0.0505178200759057 0.141909450746644 -4.6283538021183
"TUBB3" -2.12350384056659 1.6240475161786 -2.00232938818748 0.0507080042513715 0.141909450746644 -4.63152807179864
"HSPA8" -1.70360543330529 2.20683238143488 -1.98967731659015 0.0521301887057863 0.144816824725092 -4.65487356777368
"APOe" -1.10553504497557 3.52932592597854 -1.98651092782248 0.0524914454659074 0.144816824725092 -4.66069649694069
"THBS4" -1.36015820127456 2.68668185264539 -1.97161467654012 0.0542200450171739 0.148532376842822 -4.68798452412855
"H4C1" 0.878656544970379 1.01386474095244 1.95780622108939 0.0558658972607772 0.151474012634051 -4.71312345099683
"DSP" 1.61343630867105 1.47603450015398 1.95519545691822 0.0561818516573142 0.151474012634051 -4.71785951070949
"P62826" 0.604321121045849 0.922613212676283 1.95134114813123 0.0566511010131257 0.151474012634051 -4.72484155147825
"CAP1" -1.83535952261284 1.40666138507366 -1.94970403291838 0.0568514289063533 0.151474012634051 -4.72780360478855
"O95678" 1.74143102651568 1.53894183147187 1.94132266210985 0.0578865647847078 0.153182814294227 -4.74293479996982
"TUBA1D" -2.20218454826027 1.84952967490154 -1.93593927204825 0.0585599146726209 0.1539176135652 -4.75262418627592
"KRT19" -1.95324034482913 2.98511971955223 -1.92891015530691 0.059449189619488 0.155206273570341 -4.7652409363367
"eZR" -1.45475051949326 1.35680174757089 -1.90767781868273 0.0622057616606751 0.160657917432283 -4.80311197540874
"Q02413" 1.25650433324145 1.12524440089699 1.9064883852274 0.0623633561240997 0.160657917432283 -4.80522284079973
"APOA1" -0.887313713334037 5.73016030923517 -1.90222436030156 0.0629311189110322 0.161053981949944 -4.81278080672636
"CRYZ" -1.40020408639473 0.885192587043593 -1.89433313355375 0.0639934662309859 0.162020867012833 -4.82672948998914
"CORO1A" -0.811091917680537 0.712513251951128 -1.89323917160575 0.0641419370693477 0.162020867012833 -4.82865925052964
"KRT8" 1.3894193095986 1.48481870418941 1.87916618555041 0.0660781739585376 0.165834901095943 -4.85339827761831
"FMOD" -1.37830599588584 1.14447821963996 -1.86922066257001 0.0674762660554378 0.168258124971572 -4.87078531502844
"HBBF" -0.674670502429767 5.11778033064974 -1.84217323938051 0.0714058329491013 0.176922732593633 -4.91766550285191
"FHL1" 0.692174740503238 0.837231346343477 1.83494395642787 0.0724882908193799 0.177933576048251 -4.93009512243511
"SeRPINF1" -0.627061664172507 4.44950328492584 -1.83200827738164 0.0729317917596395 0.177933576048251 -4.93513041427576
"F2" 1.1143508291908 4.54461174228961 1.83033206121936 0.073186046703651 0.177933576048251 -4.9380023189914
"P0DMV8" 1.10067663687928 1.01534727561345 1.81264191214004 0.0759151884231034 0.180441196645942 -4.9681714875564
"P0DMV9" 1.10067663687928 1.01534727561345 1.81264191214004 0.0759151884231034 0.180441196645942 -4.9681714875564
"P11142" 0.859207432633738 1.4286386572736 1.81152364470501 0.0760905468281562 0.180441196645942 -4.97007000826339
"CLeC3B" -1.18652198571479 2.73554187031115 -1.80681099101664 0.076833294730581 0.180441196645942 -4.97805958951749
"OGN" -0.905149647300626 0.995878796308399 -1.80643162971269 0.0768933486932522 0.180441196645942 -4.97870194709732
"ACTB" -0.529738226087201 4.64889836020568 -1.80283621402466 0.0774644725960726 0.180441196645942 -4.98478406526391
"ACTG1" -0.529738226087201 4.64889836020568 -1.80283621402466 0.0774644725960726 0.180441196645942 -4.98478406526391
"P61224" 0.559795597029544 1.06500774225224 1.79179640066333 0.0792404139991682 0.183198788307728 -5.0033930606796
"C4B" 1.71890606383134 0.825451840140098 1.78964639127393 0.0795902190848486 0.183198788307728 -5.00700552130568
"FeRMT3" -1.5568492416892 1.8407830556546 -1.76889795538166 0.0830328983150245 0.189164692772586 -5.04167151110078
"P07900" 1.10338841011005 1.43066996680378 1.76817738172166 0.0831546592907767 0.189164692772586 -5.04286904607885
"TUBB5" -1.80579668360021 2.13253707445975 -1.76441335032235 0.083793122055846 0.18950886325421 -5.04911758435705
"Q14CN4" 1.10067663687928 1.17514041604347 1.75814873018261 0.0848648036841015 0.190823171289685 -5.0594912776026
"TUBB4B" -1.71282083929085 2.09910667943565 -1.7455738097627 0.0870504671475331 0.194612825979255 -5.08021616045309
"P14923" 1.2985312891472 1.10005277187694 1.72244447886108 0.0911928116607046 0.201519403730327 -5.1179927608811
"Q32LP2" -1.12285002772773 0.975408792624857 -1.72104131251199 0.0914492790982483 0.201519403730327 -5.12027017937889
"SeRPINA3-7" -0.967116071576249 4.07790237558185 -1.7197058900956 0.091693918920997 0.201519403730327 -5.12243611931421
"FGA" -1.10298041936675 3.23023216956481 -1.71671422781807 0.0922439369128702 0.201589277860149 -5.12728293257797
"P63104" 0.574470624703053 1.02876247999891 1.71342361625072 0.0928520668842929 0.20178465931838 -5.13260544002469
"P68371" 1.00556106669501 1.62509992330438 1.70432723237018 0.0945504172099338 0.204333957192579 -5.14727156455261
"VNN1" -1.28479762136345 2.81274626416241 -1.69876850534118 0.0956008354789051 0.205462569067923 -5.15619980633334
"ACTA1" 2.20160788154513 2.30705589697583 1.69436055255048 0.0964406221631354 0.206128582535493 -5.1632612941493
"HBD" 1.14061344088448 0.958828187301187 1.68390667438758 0.098456582987023 0.209287490611759 -5.17994305469523
"ARF1" -0.706158196310785 0.8029556509391 -1.65490282920199 0.104231873319161 0.220359775658443 -5.22574398693222
"DSG1" -0.985223879461339 1.10922966829358 -1.65056244424752 0.105119530636731 0.221035121176694 -5.23253690833452
"GDI2" -0.89196419829851 0.954614465279186 -1.64611851945339 0.106034757731331 0.221760864287568 -5.23947534609002
"CRYZL1" -1.40020408639473 0.862178149099808 -1.64226186063163 0.106834304615872 0.222238205858686 -5.24548330128151
"FAP" -0.934137480628947 0.71726928331621 -1.6244927979648 0.110581917298659 0.228810456538184 -5.27300106307524
"F10" -0.939170456687033 1.80970480432474 -1.61258651166124 0.113152375220546 0.232494261056198 -5.29128921448987
"AHCY" -1.21458635678721 2.09580206176725 -1.6107295806888 0.113557608227963 0.232494261056198 -5.29413057959555
"P08238" 1.05084838218718 1.23310560991947 1.60156234020291 0.11557543875185 0.235386626567903 -5.3081145950025
"PROC" -1.10917477690305 1.6725020153346 -1.58939514865452 0.118298346844563 0.23967737980487 -5.32656383747377
"GPLD1" -1.26395660227993 1.3278744502177 -1.58003579089139 0.120427969896474 0.242727877148851 -5.34066920837104
"P23528" 0.523745758881063 0.892579134525166 1.54851620301197 0.127828139901259 0.256315187740153 -5.38761804647446
"CATHL4" -0.916218204904386 1.03048592688038 -1.52755040392575 0.132949203799987 0.265216616811255 -5.41837194866323
"SeRPINA5" -0.750593761360919 4.45273357818194 -1.52394607003108 0.133845858944051 0.265643056781815 -5.42362064743893
"TUBB4A" -1.3840134058177 0.896577065405481 -1.50016068196374 0.139884382869652 0.275197395047682 -5.45797436909128
"C4" -0.638307232952641 4.65920312784159 -1.49942413770652 0.140074766630954 0.275197395047682 -5.45903031536697
"SeRPINA6" -1.34482225791663 1.96343800635878 -1.49459835989413 0.141327231160859 0.276262778500372 -5.46593708741538
"VCL" 1.32432391109321 1.09331505663949 1.48831866121695 0.142970298299734 0.276978405915298 -5.47489432302778
"TUBB" 0.966644372769205 1.55550919138058 1.48775932477879 0.143117376835411 0.276978405915298 -5.47569047926756
"LBP" -1.19215530195534 1.87657596517871 -1.47762072218111 0.14580412554477 0.279720830732279 -5.49007430869305
"KNG2" -0.978117342989798 4.18853710619748 -1.47699002487117 0.14597256719448 0.279720830732279 -5.4909661207868
"P08727" 1.08015166687103 1.416951926209 1.45174062839786 0.152842833868267 0.291450305758607 -5.52638263669348
"COL1A1" -1.19878604799636 1.32880881656069 -1.42848330363195 0.15939295798004 0.302457856849929 -5.55850909730996
"AFM" -1.07393139036544 3.70682550964005 -1.41395302804326 0.163594989038247 0.307998036801485 -5.57833824844864
"P02788" 0.649463691258867 1.35017089856469 1.41292290510849 0.163896127552461 0.307998036801485 -5.57973694775633
"RPS27A" -1.04875028229742 1.46532108751238 -1.40718135818957 0.165582458683913 0.309671040519433 -5.5875155999303
"HRG" -0.946434023077199 1.92868671409551 -1.37735732171475 0.174559123693141 0.324897124959962 -5.62745069607567
"F13A1" -0.740491418838762 1.65008116970273 -1.36856387160683 0.177276085512697 0.327517303236395 -5.63907431946844
"DDBX" -0.811992294235407 1.17015546864944 -1.36735932867869 0.177650773734908 0.327517303236395 -5.64066117709226
"B4GALT1" -0.811310858146322 0.74343284348161 -1.33016133106072 0.189522956118255 0.34638244945034 -5.68902724484099
"KRT31" 0.958856434053838 0.79207591293003 1.32757155641183 0.190371435556192 0.34638244945034 -5.6923484061735
"AGT" -0.63801631551604 5.18031301631619 -1.32701282179884 0.190554869363426 0.34638244945034 -5.69306414523001
"H2BC18" 0.519345376759664 0.923136078527918 1.32142890481589 0.192395453143301 0.34810154080346 -5.70020174008426
"ALB" -0.297623191974012 7.89886994691184 -1.31801024420986 0.193528947015764 0.348531298097835 -5.70455778632766
"GFAP" -0.987004739061399 1.17734737471369 -1.31073696092979 0.195957281470904 0.351278260332634 -5.71379041002478
"SPP2" -0.886545763928557 1.00746553062325 -1.30369247249426 0.198331091430836 0.353902727369703 -5.72268720503959
"TPI1" -0.629625086411779 1.21743964433329 -1.27913029037838 0.206777436826211 0.367289602399069 -5.75335771180241
"PGK1" -0.945782850405725 1.51916776793932 -1.26895693286644 0.210353569978342 0.371943357825341 -5.76590132632329
"AFP" -0.415727732624852 5.71185561573929 -1.25842369766748 0.214104585154794 0.376862821833552 -5.77878984243802
"CDH1" -0.649863442169379 0.741230459058091 -1.23942896620161 0.220994082208324 0.387237378283956 -5.80177723900167
"P05452" 0.528839248356349 0.807739349953079 1.23433960303951 0.222867546226265 0.388768948349852 -5.80788063113028
"P63000" 0.57551744451495 0.746602443699595 1.21925613258931 0.228488717502724 0.395767833800601 -5.82583074199454
"GSN" -0.467329762771311 4.70798588107988 -1.21801934757464 0.228954205957852 0.395767833800601 -5.82729337200471
"AMY2B" 0.568224869290604 0.923538375654455 1.21542749818533 0.229931954855876 0.395767833800601 -5.83035397874856
"BLVRB" -0.735188189143729 1.38693584183561 -1.20668074720858 0.233254157736807 0.399717477355145 -5.8406373373366
"HSP90AA1" -1.12100104331457 2.06333001962018 -1.19804785848217 0.236567368152293 0.403616985559128 -5.85071821006866
"RGN" -0.581853776176271 1.09112540622662 -1.19536270775382 0.237604857822726 0.403616985559128 -5.85383982479571
"KNG1" -0.566511762715673 4.61740896634327 -1.18205781213257 0.242794472744548 0.40925135668089 -5.86920988177262
"KRT17" -1.66351766609084 3.23306572574161 -1.18146939089888 0.243025869905618 0.40925135668089 -5.86988588653858
"F9" -0.887594670515326 1.31060263913142 -1.16763326802838 0.248513032997114 0.416687801016713 -5.88568977239682
"FN1" 1.01663518459311 3.71655401057699 1.14624727534784 0.257169049521115 0.425635912027996 -5.90977067593996
"AMY1A" 0.568224869290604 0.931305959676543 1.14367042939537 0.258226414495134 0.425635912027996 -5.91264377536767
"AMY1B" 0.568224869290604 0.931305959676543 1.14367042939537 0.258226414495134 0.425635912027996 -5.91264377536767
"AMY1C" 0.568224869290604 0.931305959676543 1.14367042939537 0.258226414495134 0.425635912027996 -5.91264377536767
"CSN2" -0.703927638134704 0.834847588435451 -1.12453215711004 0.266176709623307 0.436889198495639 -5.93379037967065
"ACTN1" -0.938832063350428 0.903885631692904 -1.11376275935045 0.270726050963171 0.44248921775073 -5.94554091244763
"MSN" -1.13194777152913 1.42360330958695 -1.09728809089276 0.277791250453175 0.450825138336771 -5.96330843673665
"CAPNS1" -0.497948082073529 0.858051979934831 -1.09647320397921 0.278144044218059 0.450825138336771 -5.96418073317013
"CFL1" -0.522364826075308 1.04426362624368 -1.08801807221812 0.281823122202873 0.4548929233897 -5.97319511713976
"KRT77" 0.865013797296031 1.25641552382787 1.06225925917839 0.293240601407585 0.470458507621901 -6.00024756691263
"AHSG" -0.33909078612214 6.33992813471078 -1.06082546899143 0.293885391650699 0.470458507621901 -6.00173519093948
"KLKB1" 0.674462787369826 2.46678569176775 1.05330989247599 0.297281245208488 0.470534603170448 -6.00950155394299
"TUBA4A" -0.903827423111308 3.02607971102588 -1.05142991816619 0.298134906365195 0.470534603170448 -6.01143601167452
"P06733" 0.494643471307261 1.16215827316113 1.05122753299581 0.298226906171598 0.470534603170448 -6.01164406525384
"APOA4" -0.836917466217442 2.32307816207925 -1.0500307664332 0.2987713290054 0.470534603170448 -6.01287356843891
"TBA1B" -0.906719888943462 2.90659736747237 -1.04161457670598 0.302619252430138 0.472088635712037 -6.02148215540238
"ARG1" -0.663220460903068 0.902931337311827 -1.04059327473651 0.30308849733701 0.472088635712037 -6.02252229686791
"KRT75" -0.746546760515828 3.76148145514914 -1.03899835426872 0.303822292018379 0.472088635712037 -6.02414468568245
"AOCX" -0.886378082761142 0.823072621196081 -1.03423794209985 0.306019700033682 0.472088635712037 -6.02897292298489
"APOC3" -0.754577578379177 1.26793116509266 -1.03228882615047 0.306922537428414 0.472088635712037 -6.03094368622735
"TRAP1" -0.601180131167445 0.747289114942391 -1.03203627580187 0.307039652532507 0.472088635712037 -6.03119878103216
"GAPDH" 0.500175783194795 3.11524845379032 1.00753549331843 0.318546458319292 0.48785264679608 -6.05566204545088
"IGFBP3" 0.791684771208859 1.51430664029472 0.986932216732193 0.32844530814809 0.501040097527871 -6.07579722833939
"KRT4" 0.469349928979752 0.990790724299546 0.958497711100221 0.34244080070512 0.520349497946452 -6.1029287450847
"APCS" -0.64475154697191 0.844120548981667 -0.94449426254185 0.349475678840832 0.526509161211782 -6.11600979288178
"RAP1B" -0.617015885505334 1.4255291648707 -0.942669512512852 0.350399288476681 0.526509161211782 -6.11770068138154
"eeF1A1" 0.690787028226549 3.0991127531867 0.936831926181087 0.353364725077833 0.526509161211782 -6.12308884724455
"UBB" 0.326648126225415 0.754972106198902 0.934874480919509 0.354362737988365 0.526509161211782 -6.12488836557813
"P0CG48" 0.326648126225415 0.754972106198902 0.934874480919509 0.354362737988365 0.526509161211782 -6.12488836557813
"GSTA1" -0.624664796707684 1.25008334825289 -0.934379445013151 0.354615424775031 0.526509161211782 -6.12534288660313
"eHD3" 0.304473044278758 1.05773225180497 0.924085309638018 0.359896526593809 0.532318436672972 -6.13474186901125
"RPS4" -0.607059372607501 0.819531956561856 -0.914503141298832 0.364857868147537 0.535669210112283 -6.1434004276097
"JUP" 0.845287335590015 1.99121040639514 0.914391284407982 0.364916042878548 0.535669210112283 -6.14350098791445
"Q8N1N4" 0.631534427291985 1.04438723187023 0.906196119868841 0.369194432912329 0.539912159409384 -6.15083616426218
"F5" -0.714551167846051 4.70170584827196 -0.88252063302123 0.381734147881756 0.556159488861435 -6.17166823314495
"TF" -0.279172787506038 6.50277193165561 -0.867350347260181 0.389908957000097 0.565087600860318 -6.18473575605222
"LDHA" -0.72537613474931 1.66580828478678 -0.865768720388611 0.390767518332714 0.565087600860318 -6.1860855086431
"ARF3" -0.394818874973824 0.811710042282273 -0.857787991575531 0.395117755894262 0.569262248306918 -6.19285977286359
"LDHB" -0.660221720861133 1.6409401660241 -0.846123706019835 0.401529891782391 0.576365785621218 -6.20265121325405
"HPX" -0.43739635475121 4.50017515274439 -0.840679064849121 0.404544848577308 0.578558625355047 -6.20717708543108
"TUBA1A" 0.620353049712973 1.4003424540644 0.822114709586231 0.414929255214697 0.5912361914964 -6.22239526120235
"KRT81" 0.786862150143821 0.813650693129048 0.808622012119802 0.422577636404536 0.599142263549837 -6.23324848797646
"eNO1" -0.661468435360303 3.04866362792199 -0.806902974324352 0.423558155465823 0.599142263549837 -6.2346186883386
"COMP" -0.645396154722401 2.11594427770156 -0.800807059283544 0.4270462341614 0.600009694829022 -6.23945469402905
"PPIA" -0.539715004017377 1.38578062735525 -0.79981775764351 0.427613934388307 0.600009694829022 -6.24023615702385
"Q9BQe3" 0.69871666596104 1.17739584610662 0.797755659352187 0.428798702217142 0.600009694829022 -6.24186201176718
"F12AI" -0.514339813574866 4.17877512795676 -0.79309720418973 0.431482423229561 0.601600941348742 -6.24551990045399
"CCN2" -0.494002394521592 0.848101510689783 -0.784549145106092 0.436432945627124 0.60286604078266 -6.25217765035247
"KRT28" -0.858845639954191 1.28856412177471 -0.78429098705903 0.436582978086636 0.60286604078266 -6.25237762533151
"P15311" 0.38155985343106 0.943878802764833 0.783506409725249 0.437039134963265 0.60286604078266 -6.25298498252516
"LYZ" 0.32075845077171 0.816234948298071 0.77920203993305 0.439546741616628 0.603750606812507 -6.25630653382408
"P00558" -0.351881139566107 0.941550110779888 -0.77558215847848 0.441662157458032 0.603750606812507 -6.25908606891724
"H2BC12" -0.453144950306155 1.06456876744601 -0.774430274017684 0.442336562831785 0.603750606812507 -6.25996789788771
"KRT5" -0.518702311361796 4.73730482687423 -0.768964228070415 0.445545087641151 0.606003633190236 -6.26413501201762
"KRT15" 0.69635284418738 1.05196784790562 0.744444614655877 0.460104993574513 0.623626628921552 -6.28247314904534
"RBP4" -0.612488491939759 1.86564983922821 -0.735089183300363 0.465731832452608 0.629061398694669 -6.28931696018999
"RAN" -0.361188876697771 0.88421758480203 -0.73228135718772 0.467428258807573 0.629168140747909 -6.29135446342209
"P05786" -0.849491345036165 1.65283958906743 -0.727371593994344 0.470403093554155 0.630988977215745 -6.29489890729092
"ITIH4" -0.322353165286843 5.57714384362311 -0.715864349774901 0.477417391075848 0.638014390769531 -6.30311473281543
"P34931" 0.347603385327985 0.857992294258848 0.713410357068583 0.478920828032655 0.638014390769531 -6.30485021445996
"Q9NY65" 0.465726967177438 0.950188341295903 0.700893543107179 0.486630540527592 0.646072628891581 -6.31361136086456
"KRT35" 0.646955706552673 1.15178337413476 0.694290783673165 0.49072518575747 0.649292847821958 -6.3181717294386
"IGFBP6" -0.351881139566107 0.737406371623844 -0.681567574545968 0.498668900823995 0.653104077306225 -6.32683996932727
"IGFBP2" 0.815724842242327 2.49221021613105 0.681044164915188 0.498997192804596 0.653104077306225 -6.32719319690286
"MST1" -0.425770809542564 1.62360500018283 -0.681000738622494 0.499024435875364 0.653104077306225 -6.32722249155515
"MYH10" 0.596836885460081 1.68204094622377 0.678934875918727 0.500321375417108 0.653104077306225 -6.32861397039028
"Q9BUF5" -0.351881139566107 0.772245621082417 -0.65601271269886 0.514834608758808 0.669801547850088 -6.34377482972953
"CFB" -0.40823711899425 4.64449267391141 -0.615963279072223 0.540723116972067 0.70113764167378 -6.36903514451181
"LOX" -0.279176712609174 0.816160085207953 -0.6111416326441 0.543884550553319 0.702893987259937 -6.37197070670734
"UBA52" -0.384204843948974 1.32474527356399 -0.602742995405671 0.549413858316496 0.703991962061009 -6.37702978687349
"CHI3L1" -0.351881139566107 0.89653022475856 -0.602114947439971 0.549828483598206 0.703991962061009 -6.37740533215921
"RNASe4" -0.351881139566107 0.913827514006548 -0.601607836837916 0.550163384232768 0.703991962061009 -6.3777082806975
"eNO3" -0.525131392208199 0.933274938181608 -0.594515900450166 0.554857785096106 0.707671076729132 -6.38191865557973
"SeRPINA3-5" -0.491184250044312 4.180000474502 -0.589320356455297 0.558309656580383 0.709746589574408 -6.38497193874577
"Q13509" 0.38059022151956 1.07733684802175 0.582059939817268 0.56315135968792 0.713569638171338 -6.38919442824954
"ACTC1" 0.678629771249378 3.26018247841033 0.57869168559479 0.56540458851434 0.714098652376878 -6.39113579728201
"H1-3" -0.39581234693609 1.12736348218594 -0.562162523374486 0.576526191787265 0.724907354021959 -6.40050161007891
"ITIH1" 0.440377414136219 3.87981031137867 0.560442383236856 0.577689665158888 0.724907354021959 -6.40146089378255
"ANXA2" 0.274552953793235 1.17048389688045 0.554116633548419 0.581978059556043 0.727393301141503 -6.40496365918632
"CPN1" -0.492434759129396 2.28334598915311 -0.549502662667178 0.585115628890973 0.727393301141503 -6.4074937945756
"CALD1" -0.279176712609174 0.74005781239672 -0.549260581496267 0.585280471098433 0.727393301141503 -6.40762596626323
"HBB" 0.432853934372019 3.6927480636675 0.546137773064343 0.587408899417393 0.727713572845114 -6.40932580225048
"LASP1" -0.351881139566107 0.732436238002766 -0.543241510159126 0.589386213087014 0.727845196478884 -6.41089376501271
"HSPA1B" -0.401295922798901 2.44510387229831 -0.529861573650587 0.59856165891683 0.734512571983113 -6.41803036817822
"HSPA1A" -0.401295922798901 2.44510387229831 -0.529861573650587 0.59856165891683 0.734512571983113 -6.41803036817822
"SeRPINC1" -0.317414618992358 5.03021048165686 -0.508246375291071 0.613523914688095 0.74821930525651 -6.42918770300692
"SeRPINA3-4" -0.511192404753067 4.36803406739786 -0.508168252832558 0.61357829916922 0.74821930525651 -6.42922719464069
"ILK" 0.291135602705344 0.777665343783164 0.494685896569032 0.622996567293146 0.755124021198535 -6.43595265504007
"ITIH3" 0.377768332340326 4.77000855321383 0.493317886553812 0.62395580459742 0.755124021198535 -6.4366250618651
"HP" -0.445191323108602 0.825622886483792 -0.491738464464178 0.625064099809584 0.755124021198535 -6.43739908933406
"KRT20" 0.32075845077171 1.26862606673491 0.47399959081365 0.637571181001906 0.767848883621491 -6.44592351553043
"S100A9" 0.253083583498194 0.904075742037082 0.466321050532162 0.643018499652258 0.772019124582495 -6.44951721835302
"P08729" 0.273587580917599 0.884330985275087 0.459644231676513 0.647771316224163 0.77287889072865 -6.45259481104367
"SeRPINA3-6" -0.593744970012225 3.86773204855871 -0.458278159063768 0.648745573388399 0.77287889072865 -6.45321906242043
"P0CG53" 0.326648126225415 1.11835979345701 0.456947586144969 0.649695108658788 0.77287889072865 -6.45382532059878
"GSTA2" 0.409145179929747 1.55368427847348 0.447427163071064 0.656506192810722 0.777136714195925 -6.45811217650621
"P63267" -0.351881139566107 0.87805768071294 -0.446362289435455 0.657269868818661 0.777136714195925 -6.45858610174967
"UBC" 0.326648126225415 1.17848232632556 0.441575026515329 0.660707609791035 0.778834121844584 -6.46070284978218
"KRT74" -0.431396381544398 1.00583262753999 -0.429246200232864 0.669594836540499 0.786925653819499 -6.466049929784
"HMGB2" 0.399243347330902 1.53454097001781 0.418104154200926 0.677667833487275 0.794014419357079 -6.47075301954987
"P62736" -0.351881139566107 0.819421742950362 -0.409634168901653 0.683830463683126 0.79828487839461 -6.47424606229374
"CSN1S2" 0.29049156840044 0.933327611109683 0.407458692250251 0.68541683646221 0.79828487839461 -6.47513177516774
"HMGB1" 0.37227820070413 1.48550073254135 0.366410363747076 0.715610534640668 0.830962680523045 -6.49096534067479
"P62979" 0.128061200237462 0.826696115854738 0.348739846311881 0.728754292264333 0.843706606222695 -6.49726706092207
"P12259" 0.198687753596884 0.921348733982136 0.340026651318683 0.735266040075243 0.847501529156402 -6.5002603225205
"KRT84" 0.25323305449098 0.773961847807489 0.338526047479446 0.73638950348294 0.847501529156402 -6.5007682199224
"KRT27" -0.351881139566107 0.96613086091488 -0.331728502644625 0.741485893329606 0.849235574327546 -6.50304092420339
"PROS1" -0.404552503326545 2.09391382770784 -0.330694103031312 0.742262455710452 0.849235574327546 -6.50338274447788
"P62987" 0.128061200237462 0.778036181657141 0.321301265302679 0.749326293674252 0.854554585452862 -6.50643798818112
"TUBB2B" -0.351881139566107 0.92920761844114 -0.31867528708314 0.751305059704059 0.854554585452862 -6.50727647131131
"eDIL3" -0.153294213578154 1.05310899536172 -0.301577202499216 0.764229740053003 0.865285603309701 -6.51256834693897
"IQGAP1" 0.196361998310843 0.948345697714533 0.29825402181121 0.766749784083822 0.865285603309701 -6.51356313959693
"KRT25" -0.351881139566107 1.02313114472002 -0.297380417612224 0.767412681598578 0.865285603309701 -6.51382282958928
"SeRPINA3-2" -0.213212781598759 4.76093658631639 -0.289575272783979 0.773343013400598 0.866896696720132 -6.51610932124752
"SeRPINA3-8" -0.248893873116474 2.79758284602325 -0.288414380834487 0.774226232080157 0.866896696720132 -6.51644422383925
"ACTG2" -0.351881139566107 1.27257902236426 -0.283779290456458 0.777755648214206 0.866896696720132 -6.51776802466804
"ACTA2" -0.351881139566107 1.27257902236426 -0.283779290456458 0.777755648214206 0.866896696720132 -6.51776802466804
"H2B1" 0.148658647199459 0.994790927341528 0.262390106246766 0.794102746015303 0.882588480571294 -6.52359987800261
"PFN1" -0.217676188712948 1.84309090327684 -0.257394800415597 0.797934265956805 0.884320311843867 -6.52489626341213
"LRP1" 0.130728696861205 0.778836242934973 0.25085774291961 0.802955918548223 0.887233819465882 -6.5265552257557
"RAC1" 0.131210457064192 0.753457032582295 0.243334557971989 0.808745476213062 0.887233819465882 -6.52841176285389
"KRT72" -0.256072187689238 1.86530528201292 -0.243262222870175 0.808801195526231 0.887233819465882 -6.52842933969833
"CFH" 0.144140823497411 4.72189086334204 0.242113231801817 0.809686390515137 0.887233819465882 -6.52870783615629
"KRT78" 0.181114408005113 1.30137014592659 0.228696874762523 0.820040771844283 0.896055787211872 -6.53186237673956
"H2AZ2" -0.12641678390421 0.75206805292264 -0.202137570791886 0.840632411880496 0.913830195008605 -6.53757797510151
"C7" -0.154926030669472 3.25915321358906 -0.201657520735236 0.84100568075342 0.913830195008605 -6.5376748104307
"H2AZ1" -0.12641678390421 0.791597280724162 -0.189137194521753 0.850753774771706 0.921847404975469 -6.54011921559189
"PGLYRP1" 0.173925194408545 1.5938618371208 0.181081106156466 0.857038646430604 0.924742146044224 -6.54160935174044
"K2C4" 0.198687753596883 1.19799091914634 0.179619740378055 0.858179729362377 0.924742146044224 -6.54187272127133
"TGFBI" -0.179573446854362 2.48367420342353 -0.175182691131662 0.861646185982565 0.925912614218834 -6.54265931341904
"NACA" 0.0918607882757407 0.91529785373374 0.16406538741472 0.870343528792907 0.929286486237396 -6.54454387088567
"TUBB6" -0.127261352513324 0.943824000293477 -0.161824152013821 0.872098897995016 0.929286486237396 -6.54490885201603
"C3" -0.0630048451420988 6.67762398894577 -0.159482904005845 0.873933291740825 0.929286486237396 -6.54528476453435
"ANXA5" -0.0743001770720268 0.90890180110496 -0.154151728485611 0.8781129169677 0.929286486237396 -6.546120323049
"SeRPINA3-1" -0.231027320144773 3.96706252848331 -0.147650629100349 0.883214488460171 0.929286486237396 -6.54710084078635
"LIMS1" 0.0425218969437296 0.815161218650176 0.147295467305429 0.883493338456162 0.929286486237396 -6.54715319167987
"RAP1A" -0.0965585868153209 0.740491933861778 -0.146921697868271 0.883786814028578 0.929286486237396 -6.54720814930419
"TAGLN2" -0.128885008693159 1.83077279292619 -0.146781151769266 0.88389717199958 0.929286486237396 -6.54722877857066
"SeRPINB3" 0.0918607882757407 0.93675025011604 0.137260834987489 0.891377895968413 0.934625341055829 -6.54858023786487
"H4" -0.0868534527732407 1.62809441033654 -0.12890172504112 0.897954431797373 0.938989983788113 -6.54969222031187
"KRT73" -0.0864770904250765 2.38587391724535 -0.113880251401468 0.909790449160125 0.948137932692103 -6.5515150496235
"MYH11" -0.0451691260347569 0.813994716585664 -0.105830868618201 0.916141553790606 0.948137932692103 -6.55239905662427
"H1-2" -0.0738089283778184 1.09669133478812 -0.105629893346208 0.916300199173822 0.948137932692103 -6.55242029990321
"SeRPINB12" 0.0425218969437295 0.756539404534591 0.103152987460114 0.918255693282594 0.948137932692103 -6.55267879720358
"FGB" 0.0813307535000845 2.98846075906545 0.102350370548806 0.918889461760727 0.948137932692103 -6.55276124553695
"HSPA6" -0.0451691260347569 0.881838350545178 -0.0853402726941659 0.932332939614277 0.954527852516187 -6.55435719453454
"P05109" 0.0430854559512763 0.857391557633852 0.0837945230460194 0.933555628113315 0.954527852516187 -6.55448788895393
"P04272" -0.0743001770720267 1.30785720245291 -0.0813622755346155 0.935479862644193 0.954527852516187 -6.55468870207911
"KRT10" -0.134779943893125 2.01517132558285 -0.0795327885978828 0.936927489175635 0.954527852516187 -6.55483585300495
"CSN1S1" -0.0494981097636944 1.13340790595161 -0.0761190760396829 0.939629243881914 0.954527852516187 -6.55510148226483
"CPB2" 0.0544632222138177 2.51229027992346 0.0758969638867081 0.939805057875835 0.954527852516187 -6.55511836173781
"BPT2" -0.0414410396180251 0.757961507238932 -0.0657895464935895 0.947808695692905 0.960149954751407 -6.55583429471277
"IGF2" 0.0375436933560657 0.832300800560946 0.0617313494193822 0.951023785376277 0.960904551977589 -6.55609301281381
"PLG" 0.0225357984995416 5.15979702787067 0.0348814462600698 0.972313670111325 0.979870512107009 -6.55738990397137
"A2M" -0.00635034085527675 6.92086440788217 -0.0182168042316265 0.985538663766582 0.989360680714428 -6.55783230672353
"HSPA2" 0.0129106059063599 0.839082397910449 0.0166059135870565 0.986817337062206 0.989360680714428 -6.55786035295567
"HSPA5" -0.00302800870084535 0.931138588922949 -0.00535074229316156 0.995752115936442 0.995752115936442 -6.55798390941473
