"logFC" "AveExpr" "t" "P.Value" "adj.P.Val" "B"
"COL6A1" -2.62396077799888 1.0531367631725 -6.53713304616492 3.22935217566342e-08 1.25621799633307e-05 8.68926031638743
"TUBB1" -2.69321323186553 1.42581639624191 -6.04707537777862 1.87262089830189e-07 3.64224764719718e-05 7.05451822128656
"TLN2" 4.01467919318725 1.10544850568922 5.57993257109921 9.8625615691965e-07 0.000127884548347248 5.50831286516919
"P68366" -2.56465798920125 1.95366699123422 -4.7222254281216 1.93705240955131e-05 0.00162951402285128 2.74132324593873
"P11142" -2.72974120778068 1.4286386572736 -4.69917726507455 2.09449103194252e-05 0.00162951402285128 2.66888850559381
"KRT15" -4.86144218374117 1.05196784790562 -4.24348366174301 9.55795915179463e-05 0.00619674351674685 1.26506354301847
"AMY2B" -2.31058483140717 0.923538375654455 -4.03538623948066 0.000187489387363215 0.0104190530977558 0.64466572704147
"FBLN1" -2.58059649698845 1.37059447289955 -3.95597332251822 0.000241572857588501 0.0117464802002409 0.411842891125606
"AMY1A" -2.31058483140717 0.931305959676543 -3.79714291487858 0.000398433332010699 0.0140900514683783 -0.0467705104821086
"AMY1B" -2.31058483140717 0.931305959676543 -3.79714291487858 0.000398433332010699 0.0140900514683783 -0.0467705104821086
"AMY1C" -2.31058483140717 0.931305959676543 -3.79714291487858 0.000398433332010699 0.0140900514683783 -0.0467705104821086
"IGKC" 3.31662524134159 0.881565498792972 3.45240286734643 0.00114221806498653 0.0370269022733135 -1.00656653502588
"P63000" -1.70347536264003 0.746602443699595 -2.94663731194675 0.004875680986529 0.145895377212291 -2.31178043115331
"KRT8" 2.50168063282005 1.48481870418941 2.76260056070026 0.00801160570788338 0.222608187169045 -2.75181252796681
"KRT31" -2.39387663902432 0.79207591293003 -2.7062037361845 0.00929460788701661 0.241040164536631 -2.88257545371037
"TUBA1B" -1.76728283363123 1.83936878995559 -2.66218698748818 0.0104243742269881 0.253442598393649 -2.98325921882252
"P12259" -1.78198871598417 0.921348733982136 -2.49001050288407 0.0161558563651899 0.355465318524705 -3.36516734437439
"P68032" 2.11208393843999 2.03404680916652 2.48281441614249 0.0164482666669529 0.355465318524705 -3.38070554345475
"P15311" 1.37608178512733 0.943878802764833 2.30716416242974 0.0252405391971727 0.51072266798012 -3.74904918562736
"P02787" -2.56326293470188 0.998359047154502 -2.29055220698332 0.0262582348575897 0.51072266798012 -3.78277636622554
"P63267" 2.11208393843999 0.87805768071294 2.18754527924828 0.0334231814092444 0.606555054810952 -3.98751200222923
"eHD3" 0.878202810579213 1.05773225180497 2.17626816850959 0.0343038848479202 0.606555054810952 -4.00946058200321
"MYH9" -1.62412421332402 2.01663136304521 -2.10276088347754 0.0405609462504965 0.686009047454049 -4.15023692414971
"P61224" -0.794331042458234 1.06500774225224 -2.07594138631468 0.0430805641799798 0.698264144417173 -4.20060120730117
"APOB" -1.97614111642801 1.74147644688934 -1.96718842940756 0.0547430187393847 0.851801371584826 -4.39925684413568
"eDIL3" -1.20516832890391 1.05310899536172 -1.93586392650753 0.0585693861882035 0.8557690923428 -4.45479506056877
"P26038" 1.37608178512733 1.29594388763761 1.92528112430394 0.0599128108235895 0.8557690923428 -4.47338629772779
"TUBA1A" -1.76728283363123 1.4003424540644 -1.91229076054748 0.0615977752843146 0.8557690923428 -4.49608769282104
"P68371" -1.3680721134829 1.62509992330438 -1.8932496894574 0.0641405082087921 0.860367506662764 -4.52912462063754
"KRT84" -1.64778566266104 0.773961847807489 -1.79856768989604 0.0781471365432889 0.996690911012305 -4.68915039658633
"P68133" 2.11208393843999 1.28977698708408 1.76429854657274 0.083812659391429 0.996690911012305 -4.74530572206716
"ILK" -1.22291392489567 0.777665343783164 -1.69661956690465 0.0960094866362046 0.996690911012305 -4.85341328463051
"P23528" 0.662035664025244 0.892579134525166 1.59819950149012 0.11632288671304 0.996690911012305 -5.0039085269601
"P07900" -1.20516832890391 1.43066996680378 -1.57688308144668 0.121152259635477 0.996690911012305 -5.03544145055131
"P08238" -1.20516832890391 1.23310560991947 -1.49970510130455 0.14000211825644 0.996690911012305 -5.14640422485464
"P02751" -1.62412421332402 0.834444741245757 -1.38670859218808 0.171705072177582 0.996690911012305 -5.29968395311933
"P19823" -0.70004820448238 1.84784059236717 -1.3258222096408 0.190946197186742 0.996690911012305 -5.37768447136575
"P36955" -0.853932978756916 0.913183336911223 -1.31337541573423 0.195073733529256 0.996690911012305 -5.39322973040467
"H2BC18" 0.588814984860224 0.923136078527918 1.22326558281477 0.226984456767214 0.996690911012305 -5.50168400730928
"Q14624" -1.12719933637345 0.847102710185448 -1.21272217033756 0.230955772263442 0.996690911012305 -5.51390168151156
"P02788" -0.573628027829112 1.35017089856469 -1.01893932234118 0.313154905727684 0.996690911012305 -5.720581892404
"P62826" 0.365767785000791 0.922613212676283 0.964329055443496 0.339539023852097 0.996690911012305 -5.7726299376811
"P02768" -0.476523846633585 3.38571285078241 -0.955580725942014 0.343898455373843 0.996690911012305 -5.78071178157869
"P05109" 0.555108007067655 0.857391557633852 0.881488807596238 0.382286710797209 0.996690911012305 -5.84630844079868
"QSOX1" 0.323322627530591 0.978259002730328 0.877513193763319 0.384420451217184 0.996690911012305 -5.84968359273675
"SeRPINB12" 0.438151979019056 0.756539404534591 0.867857313806063 0.38963400845801 0.996690911012305 -5.85781954997569
"Q02413" 0.700474303660156 1.12524440089699 0.867794217239377 0.389668221666614 0.996690911012305 -5.85787242774175
"P63261" -0.283442820166168 2.61637983050475 -0.842578386222169 0.403491522715395 0.996690911012305 -5.87870590806245
"P60709" -0.283442820166168 2.61637983050475 -0.842578386222169 0.403491522715395 0.996690911012305 -5.87870590806245
"VTN" 0.382993172528352 1.40921416454494 0.842508430059396 0.403530288970657 0.996690911012305 -5.87876287712947
"PKM" 0.411339253363601 1.51734925952507 0.807696264985095 0.423105501403834 0.996690911012305 -5.9065418931978
"FHL1" -0.319322565404971 0.837231346343477 -0.691179801226906 0.492661028384637 0.996690911012305 -5.99119433410371
"SYNCRIP" 0.396900952725523 1.12831937205131 0.666808091690163 0.507971521053081 0.996690911012305 -6.00727111231585
"DSP" 0.625831199039122 1.47603450015398 0.619227070159396 0.538588514342345 0.996690911012305 -6.03702385353847
"P01023" -0.665155154066269 2.44612252397125 -0.61690392568729 0.5401074634136 0.996690911012305 -6.03842108644428
"P14923" 0.564273002237307 1.10005277187694 0.611134013089662 0.543889553993072 0.996690911012305 -6.04186898002641
"P05452" 0.312978219852361 0.807739349953079 0.5964574541959 0.553570599173868 0.996690911012305 -6.05049536060434
"P00747" -0.52990040974176 1.16782470389664 -0.569836271316148 0.571349717583338 0.996690911012305 -6.06561491198653
"P02774" -0.527346705872107 0.984024814349377 -0.542385042904021 0.589971539032011 0.996690911012305 -6.08049253728322
"P02649" 0.32548094329493 0.800040951030369 0.535737689494912 0.594523820342231 0.996690911012305 -6.08398608948754
"P06396" -0.506380286267643 2.02434651694114 -0.528984457561152 0.599165477009764 0.996690911012305 -6.08749169341648
"HBD" 0.407880578163256 0.958828187301187 0.491662324470342 0.625117550056332 0.996690911012305 -6.10607233664454
"ANXA2" 0.278111334881356 1.17048389688045 0.458298173794906 0.648731294783406 0.996690911012305 -6.12154335299227
"P02765" -0.546101319088931 1.23196355966353 -0.456676864545273 0.649888375276906 0.996690911012305 -6.12226771867682
"P0DMV8" -0.338512876851339 1.01534727561345 -0.455178597722295 0.65095841808293 0.996690911012305 -6.12293484914532
"P0DMV9" -0.338512876851339 1.01534727561345 -0.455178597722295 0.65095841808293 0.996690911012305 -6.12293484914532
"SeRPINB3" -0.371671265872467 0.93675025011604 -0.45345043818214 0.652193568153006 0.996690911012305 -6.12370164418004
"KRT9" 0.197916197693133 2.91951637462526 0.448191795941636 0.655958062925917 0.996690911012305 -6.12601714627105
"P07996" -0.361469205924572 2.00970292703318 -0.443713592102808 0.659170985201433 0.996690911012305 -6.1279678860468
"P00558" 0.238769722904728 0.941550110779888 0.429700091460331 0.669266792783059 0.996690911012305 -6.13394672054746
"P08727" 0.374077751218715 1.416951926209 0.410506974504582 0.683194411183001 0.996690911012305 -6.14182642062853
"P02771" -0.247610726213189 1.3284525812195 -0.408047928684951 0.684987019636494 0.996690911012305 -6.14281014654823
"P04406" 0.256534386045831 1.55420244363732 0.40632629660084 0.686243153704922 0.996690911012305 -6.14349538141755
"P01008" 0.323941783093639 1.71175059502475 0.380013131411438 0.705551061662274 0.996690911012305 -6.15361019619401
"IQGAP1" -0.303398621017026 0.948345697714533 -0.376267613187888 0.708315739927548 0.996690911012305 -6.15499527956881
"PZP" -0.447856296088442 1.74957636782378 -0.374492368157464 0.70962748845046 0.996690911012305 -6.1556469967683
"UBB" 0.154199412058218 0.754972106198902 0.360338131413655 0.720117657115325 0.996690911012305 -6.16073358245292
"P0CG48" 0.154199412058218 0.754972106198902 0.360338131413655 0.720117657115325 0.996690911012305 -6.16073358245292
"H4C1" 0.192807450733388 1.01386474095244 0.350775085198263 0.727236150386433 0.996690911012305 -6.16405991301444
"P62979" 0.154199412058217 0.826696115854738 0.342863372155011 0.733143855553688 0.996690911012305 -6.16674457480924
"LIMS1" -0.116068373998026 0.815161218650176 -0.328280452155295 0.744075523866052 0.996690911012305 -6.17153324549801
"P01024" -0.254690135530232 2.31548225916967 -0.316038767450333 0.7532934656275 0.996690911012305 -6.17539315386198
"P62987" 0.154199412058218 0.778036181657141 0.31588714758115 0.75340786547445 0.996690911012305 -6.17544004524771
"P00734" 0.330666827017897 1.13249756310267 0.312794496166525 0.75574253903912 0.996690911012305 -6.17639161746183
"KRT3" 0.237641527041159 1.68289539879105 0.311673268078132 0.756589534626278 0.996690911012305 -6.17673430312982
"KRT6A" 0.332903157016004 2.57447632704768 0.310765216388395 0.757275713913518 0.996690911012305 -6.17701093656681
"P08729" -0.219260841939872 0.884330985275087 -0.300774409487407 0.764838281895237 0.996690911012305 -6.18000149982319
"P02647" 0.255578659462387 1.00542398438452 0.289517433533692 0.773387010957722 0.996690911012305 -6.18325442428917
"P09429" 0.218705437725276 1.26815882585194 0.288117478822841 0.774452166632784 0.996690911012305 -6.18365032525544
"KRT16" -0.222784953385614 2.4557089568436 -0.263253219356703 0.793441232924514 0.996690911012305 -6.19036312932026
"KRT77" -0.258394374801165 1.25641552382787 -0.259086578655879 0.796636064363254 0.996690911012305 -6.19142897844508
"AZGP1" 0.176222839736257 0.821127098909867 0.253800913697724 0.800693975142923 0.996690911012305 -6.19275667979799
"P06733" 0.131552077125725 1.16215827316113 0.22827404049766 0.820367640363475 0.996690911012305 -6.19878447853648
"HSPA6" 0.132788303065943 0.881838350545178 0.204845548209259 0.838527484367157 0.996690911012305 -6.20375612515603
"O95678" 0.220554255733608 1.53894183147187 0.200752637189152 0.841709384253035 0.996690911012305 -6.20456957314721
"LYZ" 0.0951267272288856 0.816234948298071 0.18868131722897 0.851109165992235 0.996690911012305 -6.20687323553918
"S100A9" 0.122998835413446 0.904075742037082 0.185044599779638 0.853945375236355 0.996690911012305 -6.20753930641539
"KRT14" 0.128784244297802 2.59721950884683 0.171094437630263 0.864842578958512 0.996690911012305 -6.20997422882745
"P13645" -0.0599464067184963 3.13597377247352 -0.141762077529017 0.887839696187665 0.996690911012305 -6.21447246751508
"TLN1" -0.0707229829692864 2.87545084798534 -0.139162485498339 0.889882828227572 0.996690911012305 -6.21483047328019
"KRT13" -0.0920754415470455 1.66250528245446 -0.137200611492705 0.891425249896702 0.996690911012305 -6.21509627147736
"KRT4" 0.0797087894547044 0.990790724299546 0.132909158281346 0.894800650231432 0.996690911012305 -6.21566453952878
"ALB" 0.0357327753211194 7.89886994691184 0.129203159761815 0.897717149388725 0.996690911012305 -6.21614076309077
"KRT76" 0.109842712458888 1.62000062950684 0.100916203207866 0.920022051839899 0.996690911012305 -6.21933223808147
"C4A" 0.069567111018614 1.81106546131638 0.0998501393004615 0.920864051876175 0.996690911012305 -6.21943718184443
"ACTB" 0.0357327753211194 4.64889836020568 0.0992924163027416 0.921304589891189 0.996690911012305 -6.21949164045862
"ACTG1" 0.0357327753211194 4.64889836020568 0.0992924163027416 0.921304589891189 0.996690911012305 -6.21949164045862
"AHSG" 0.0357327753211194 6.33992813471078 0.0912744170662332 0.927640583261085 0.996690911012305 -6.22024085241981
"GC" 0.0357327753211194 5.06743320271011 0.0909009218537657 0.927935845627057 0.996690911012305 -6.22027421604418
"TF" 0.0357327753211194 6.50277193165561 0.0906447369203529 0.928138375608489 0.996690911012305 -6.22029702149011
"Q7RTS7" -0.0763841683093833 1.27703309365531 -0.088913333230663 0.929507282033525 0.996690911012305 -6.22044946326658
"AFP" 0.0357327753211194 5.71185561573929 0.0883159226507763 0.929979665170179 0.996690911012305 -6.22050138042847
"P13647" -0.0760814144364543 2.60010411438863 -0.0870268037163816 0.930999080750224 0.996690911012305 -6.22061221745447
"P63104" 0.0357327753211194 1.02876247999891 0.0870197921219241 0.931004625732631 0.996690911012305 -6.2206128158488
"HBA1" -0.0602982233871883 1.82643888532008 -0.0853174730435775 0.932350972957702 0.996690911012305 -6.22075667140713
"SeRPINF1" 0.0357327753211194 4.44950328492584 0.0852389909548322 0.932413048500875 0.996690911012305 -6.22076323507517
"P62736" 0.0891440856310779 0.819421742950362 0.0847319284429941 0.932814120658572 0.996690911012305 -6.22080549653062
"A2M" 0.0357327753211194 6.92086440788217 0.0836943755781255 0.933634850398297 0.996690911012305 -6.22089118643459
"Q86Y46" -0.0763841683093833 1.1857206287167 -0.0835215541989808 0.933771563430636 0.996690911012305 -6.22090535694651
"A1BG" 0.0357327753211194 4.21514638674972 0.0814525530828703 0.935408433963367 0.996690911012305 -6.22107273118455
"HBA" 0.0357327753211194 4.58751823349648 0.079734388321644 0.936767957813842 0.996690911012305 -6.22120853424627
"HBBF" 0.0357327753211194 5.11778033064974 0.0796635885156997 0.936823983334324 0.996690911012305 -6.22121406814333
"FeTUB" 0.0357327753211194 4.59737110107439 0.0781509054546683 0.938021080896904 0.996690911012305 -6.22133112912619
"SeRPINA1" 0.0357327753211194 6.35969402538638 0.0770278878850424 0.938909900961807 0.996690911012305 -6.22141658425358
"GSN" 0.0357327753211194 4.70798588107988 0.0760417083644914 0.939690484311421 0.996690911012305 -6.22149060706789
"C3" 0.0357327753211194 6.67762398894577 0.0738518375521961 0.941424028862787 0.996690911012305 -6.22165156940681
"CLIC1" 0.0357327753211194 0.811425802114727 0.069261845537027 0.945058474187091 0.996690911012305 -6.22197369141127
"B4GAT1" 0.0357327753211194 0.751939136810005 0.0691811068382431 0.945122415442573 0.996690911012305 -6.22197917270311
"C4" 0.0357327753211194 4.65920312784159 0.0685355419421735 0.945633685570401 0.996690911012305 -6.22202276975612
"ARF1" 0.0357327753211194 0.8029556509391 0.0683740984928047 0.945761548078466 0.996690911012305 -6.2220336086694
"MYH11" 0.0357327753211194 0.813994716585664 0.0683583847512392 0.945773993370214 0.996690911012305 -6.22203466228623
"CORO1A" 0.0357327753211194 0.712513251951128 0.0681014763382294 0.945977466902683 0.996690911012305 -6.22205185382745
"LYSM" 0.0357327753211194 1.09459348779693 0.0660486616089898 0.947603441987427 0.996690911012305 -6.22218689737726
"OMD" 0.0357327753211194 0.719840954152191 0.0659419829770486 0.94768794524863 0.996690911012305 -6.22219380223704
"CATHL1" 0.0357327753211195 0.722043678629876 0.0655980282526573 0.947960405959282 0.996690911012305 -6.22221598898752
"ITIH4" 0.0357327753211194 5.57714384362311 0.0647917805566025 0.948599092500847 0.996690911012305 -6.22226754120621
"CAPNS1" 0.0357327753211194 0.858051979934831 0.0642443704728835 0.949032754655195 0.996690911012305 -6.22230217979698
"LOX" 0.0357327753211194 0.816160085207953 0.0638680711117055 0.949330870710692 0.996690911012305 -6.22232582055233
"ADIPOQ" 0.0357327753211194 2.9311360628011 0.0635916351741967 0.949549876515252 0.996690911012305 -6.22234309898529
"HP20" 0.0357327753211194 0.816240202931749 0.0635247990466682 0.949602827890356 0.996690911012305 -6.22234726528124
"ARF3" 0.0357327753211194 0.811710042282273 0.0633874344687331 0.949711656628089 0.996690911012305 -6.22235581428475
"FTL" 0.0357327753211194 0.818609137257954 0.0630359205948577 0.949990152115596 0.996690911012305 -6.22237760679781
"APOA1" 0.0357327753211194 5.73016030923517 0.0625468819831538 0.950377615411806 0.996690911012305 -6.22240772377168
"LGALS3BP" 0.0357327753211194 0.833459978619394 0.061993135002509 0.950816361473608 0.996690911012305 -6.22244154262621
"APOH" 0.0357327753211194 3.65061751575342 0.0618277816344412 0.950947377613553 0.996690911012305 -6.22245158291181
"ATIC" 0.0357327753211194 0.705165706461896 0.0616634018917743 0.951077623665028 0.996690911012305 -6.22246153750325
"COL10A1" 0.0357327753211195 0.950811369126076 0.0611863570907804 0.951455617035282 0.996690911012305 -6.22249027659402
"C1S" 0.0357327753211194 0.797910518051992 0.0610654829260961 0.951551395224101 0.996690911012305 -6.22249752310193
"KNG1" 0.0357327753211194 4.61740896634327 0.0608766723497385 0.951701006263229 0.996690911012305 -6.2225088137855
"COL2A1" 0.0357327753211194 0.758061130802922 0.0608753365348812 0.951702064751761 0.996690911012305 -6.22250889354135
"CFL1" 0.0357327753211194 1.04426362624368 0.0607691697119429 0.951786190735887 0.996690911012305 -6.22251522671705
"AGT" 0.0357327753211194 5.18031301631619 0.060682638175091 0.951854758241002 0.996690911012305 -6.22252038041216
"ANXA5" 0.0357327753211194 0.90890180110496 0.0605312537243344 0.951974716014563 0.996690911012305 -6.22252937899497
"RGN" 0.0357327753211194 1.09112540622662 0.059938651056778 0.952444308003755 0.996690911012305 -6.22256438826275
"P34931" 0.0357327753211194 0.857992294258848 0.0598792747649638 0.952491360084124 0.996690911012305 -6.22256787706282
"AMBP" 0.0357327753211194 3.38053727812444 0.059654371513127 0.952669583704054 0.996690911012305 -6.22258106045799
"TPI1" 0.0357327753211194 1.21743964433329 0.0592725864809372 0.952972133199223 0.996690911012305 -6.22260332639125
"SeRPINA5" 0.0357327753211194 4.45273357818194 0.0592360058036738 0.953001122302374 0.996690911012305 -6.22260545229452
"RAN" 0.0357327753211194 0.88421758480203 0.0591513593743153 0.953068202335874 0.996690911012305 -6.22261036653023
"C4B" 0.069567111018614 0.825451840140098 0.0591389247748242 0.953078056452587 0.996690911012305 -6.22261108784182
"PeBP1" 0.0357327753211194 0.80566044467276 0.0590499625254991 0.95314855708016 0.996690911012305 -6.22261624397932
"ORM1" 0.0357327753211194 3.90623180911046 0.0587915272696727 0.953353363481719 0.996690911012305 -6.22263117853344
"GAPDH" 0.0357327753211194 3.11524845379032 0.0587704224654471 0.953370088890459 0.996690911012305 -6.22263239525312
"Q04695" 0.0497382951160557 2.13005613425584 0.0583320699404219 0.953717484952676 0.996690911012305 -6.22265756809922
"OGN" 0.0357327753211194 0.995878796308399 0.0582267113098904 0.953800983425791 0.996690911012305 -6.22266359033939
"TTR" 0.0357327753211194 3.64932677107665 0.0575249104020228 0.954357185644314 0.996690911012305 -6.22270342713437
"CALD1" 0.0357327753211194 0.74005781239672 0.0574011194853246 0.954455296739669 0.996690911012305 -6.22271040384958
"SeRPINF2" 0.0357327753211194 4.39142943819755 0.0567880922627519 0.954941164908008 0.996690911012305 -6.2227447318913
"THBS1" 0.0357327753211194 3.8930104496408 0.0565136142808257 0.955158714054543 0.996690911012305 -6.22275998255044
"IGFBP6" 0.0357327753211194 0.737406371623844 0.0565111376186739 0.955160677053693 0.996690911012305 -6.22276011982345
"GARIN1B" 0.0357327753211194 1.00494114708315 0.0565094831326532 0.955161988397284 0.996690911012305 -6.22276021152265
"HPX" 0.0357327753211194 4.50017515274439 0.056075892208083 0.955505656332158 0.996690911012305 -6.22278415058748
"LRP1" 0.0357327753211194 0.778836242934973 0.0559857753918981 0.955577084775807 0.996690911012305 -6.22278910290184
"CDH1" 0.0357327753211194 0.741230459058091 0.0556442962571024 0.955847751498238 0.996690911012305 -6.22280779641285
"GGH" 0.0357327753211194 0.733620435019389 0.0555961841016453 0.955885887074707 0.996690911012305 -6.22281042101433
"APOD" 0.0357327753211194 2.03025949694095 0.0554252796916619 0.956021353436141 0.996690911012305 -6.22281972579258
"HABP2" 0.0357327753211194 1.22761421618688 0.054713463519588 0.956585584313001 0.996690911012305 -6.22285817206306
"F11" 0.0357327753211194 0.873681843585717 0.0547120041399704 0.956586741133446 0.996690911012305 -6.22285825037595
"Q9BUF5" 0.0357327753211194 0.772245621082417 0.0543922951610788 0.956840170184387 0.996690911012305 -6.22287535617879
"RAC1" 0.0357327753211194 0.753457032582295 0.0541073746346271 0.957066026681249 0.996690911012305 -6.22289051617932
"YWHAB" 0.0357327753211195 0.834450549216714 0.0540019486112698 0.957149598789516 0.996690911012305 -6.2228961054897
"F13A1" 0.0357327753211194 1.65008116970273 0.0539220208501284 0.957212958531255 0.996690911012305 -6.2229003357092
"GDI2" 0.0357327753211194 0.954614465279186 0.0538436877505255 0.957275054434991 0.996690911012305 -6.22290447545164
"KRT222" 0.0357327753211194 0.969104467853743 0.0538238962271607 0.957290743535111 0.996690911012305 -6.22290552044049
"LUM" 0.0357327753211194 3.21823144904628 0.0534495479815152 0.957587499393802 0.996690911012305 -6.2229252136131
"CFD" 0.0357327753211194 1.78210932271283 0.0532626844652154 0.957735633365905 0.996690911012305 -6.22293499243767
"CL43" 0.0357327753211194 1.01997150344783 0.0531751119230106 0.957805056041608 0.996690911012305 -6.22293956344478
"FABP1" 0.0357327753211195 0.723699590153096 0.0528537530685044 0.958059814417163 0.996690911012305 -6.22295627291361
"Q14CN4" -0.0402768118504619 1.17514041604347 -0.0525297483024415 0.958316674816835 0.996690911012305 -6.22297301742938
"APOe" 0.0357327753211194 3.52932592597854 0.0524251357239413 0.958399609207083 0.996690911012305 -6.22297840180481
"SeRPIND1" 0.0357327753211194 0.867886758831868 0.0523710884323514 0.958442456809713 0.996690911012305 -6.2229811793966
"NACA" 0.0357327753211195 0.91529785373374 0.0521084217597539 0.958650695408931 0.996690911012305 -6.22299463753841
"POTee" 0.0357327753211195 1.39968024410531 0.0520176976745738 0.958722620917605 0.996690911012305 -6.2229992702093
"SeRPINA3-7" 0.0357327753211194 4.07790237558185 0.0518796093701277 0.958832097158581 0.996690911012305 -6.22300630596031
"P26583" 0.0396459841265902 1.24120552866906 0.0517001653850299 0.958974361328153 0.996690911012305 -6.22301542088934
"APOA2" 0.0357327753211194 2.08057150987048 0.0516018363702806 0.959052317678322 0.996690911012305 -6.22302040215814
"HSPA5" 0.0357327753211194 0.931138588922949 0.0515558599159179 0.959088768467556 0.996690911012305 -6.22302272803508
"H2B1" 0.0357327753211195 0.994790927341528 0.0514965812511549 0.959135765569112 0.996690911012305 -6.22302572379059
"YWHAZ" 0.0357327753211194 1.68859588819734 0.0510009123757724 0.959528745727096 0.996690911012305 -6.22305063844241
"FAP" 0.0357327753211193 0.71726928331621 0.0507373887021801 0.959737678803533 0.996690911012305 -6.22306378628197
"PRDX6" 0.0357327753211195 0.949518417498619 0.0503518793687124 0.960043332567434 0.996690911012305 -6.223082897595
"F10" 0.0357327753211194 1.80970480432474 0.0500956157810173 0.960246516291784 0.996690911012305 -6.22309552101066
"TRAP1" 0.0357327753211194 0.747289114942391 0.0500854365127567 0.960254587183781 0.996690911012305 -6.22309602110638
"Q3SWY2" 0.0357327753211194 1.08367909387548 0.0500760610289302 0.960262020778539 0.996690911012305 -6.2230964816232
"CHI3L1" 0.0357327753211194 0.89653022475856 0.0499234440249122 0.96038302761628 0.996690911012305 -6.22310396593457
"RNASe4" 0.0357327753211194 0.913827514006548 0.0498813977215215 0.960416365418192 0.996690911012305 -6.22310602386454
"H2BC12" 0.0357327753211194 1.06456876744601 0.0498616098804872 0.960432054886929 0.996690911012305 -6.22310699176804
"CKM" 0.0357327753211195 1.35290143801116 0.0493571405848835 0.96083204599294 0.996690911012305 -6.22313153772203
"DDBX" 0.0357327753211194 1.17015546864944 0.0491305775183738 0.961011689993363 0.996690911012305 -6.22314248038294
"CFH" 0.0357327753211194 4.72189086334204 0.0490063824570961 0.961110166299375 0.996690911012305 -6.22314845745972
"DSG1" 0.0357327753211194 1.10922966829358 0.048878531416988 0.961211542129719 0.996690911012305 -6.22315459468476
"CATHL4" 0.0357327753211194 1.03048592688038 0.048642708789165 0.961398532640447 0.996690911012305 -6.22316587280891
"IGF2" 0.0357327753211194 0.832300800560946 0.0479722287181694 0.961930187395514 0.996690911012305 -6.22319764028626
"F2" 0.0357327753211194 4.54461174228961 0.047921352378819 0.961970530320453 0.996690911012305 -6.22320003282118
"BLVRB" 0.0357327753211194 1.38693584183561 0.0478867078851321 0.961998002091179 0.996690911012305 -6.22320166057677
"F12" 0.0357327753211194 1.484624969185 0.0478448020004113 0.962031231931966 0.996690911012305 -6.22320362793247
"B4GALT1" 0.0357327753211194 0.74343284348161 0.0478341596950691 0.962039670903438 0.996690911012305 -6.22320412728259
"CNTN1" 0.0357327753211195 0.80892075336057 0.0474438397613459 0.962349183815858 0.996690911012305 -6.22322236483363
"FLNA" 0.0357327753211197 1.94622889739667 0.0474159985819852 0.962371261325044 0.996690911012305 -6.2232236599934
"YWHAe" 0.0357327753211194 0.998097233620771 0.047247827362327 0.962504618435412 0.996690911012305 -6.22323146708276
"SeRPINC1" 0.0357327753211194 5.03021048165686 0.0467163048926444 0.9629261144135 0.996690911012305 -6.22325595982759
"MST1" 0.0357327753211194 1.62360500018283 0.046665166398408 0.962966667675375 0.996690911012305 -6.22325830169669
"H2AZ2" 0.0357327753211194 0.75206805292264 0.0466512649158621 0.962977691686611 0.996690911012305 -6.22325893786678
"CSN2" 0.0357327753211195 0.834847588435451 0.0466084844099669 0.963011617090752 0.996690911012305 -6.22326089443132
"CCN2" 0.0357327753211195 0.848101510689783 0.0463353255368425 0.963228236657412 0.996690911012305 -6.22327334502147
"BPT2" 0.0357327753211194 0.757961507238932 0.0463177410009939 0.963242181585182 0.996690911012305 -6.22327414401816
"H2A1" 0.0357327753211194 1.14609188733564 0.0459258819724795 0.963552937502013 0.996690911012305 -6.22329187042272
"H2AJ" 0.0357327753211194 1.14609188733564 0.0459258819724795 0.963552937502013 0.996690911012305 -6.22329187042272
"H2AC20" 0.0357327753211194 1.14609188733564 0.0459258819724795 0.963552937502013 0.996690911012305 -6.22329187042272
"ARG1" 0.0357327753211194 0.902931337311827 0.0457766721937591 0.963671266816609 0.996690911012305 -6.22329858059068
"UBA52" 0.0357327753211194 1.32474527356399 0.0457710057110401 0.963675760580014 0.996690911012305 -6.22329883498982
"KLKB1" 0.0357327753211194 2.46678569176775 0.0455637320385397 0.963840138292578 0.996690911012305 -6.22330811898601
"FGA" 0.0357327753211194 3.23023216956481 0.0454099812849537 0.963962070851544 0.996690911012305 -6.22331497841791
"KRT6B" 0.0619562444470425 2.38420675803211 0.0452875851886412 0.964059138113668 0.996690911012305 -6.22332042242006
"SeRPINA7" 0.0357327753211194 3.67551016269991 0.0451990673485771 0.964129338279448 0.996690911012305 -6.22332435041125
"PLG" 0.0357327753211194 5.15979702787067 0.0451588269071391 0.964161251553041 0.996690911012305 -6.22332613354559
"LASP1" 0.0357327753211194 0.732436238002766 0.0450420426195145 0.964253869383766 0.996690911012305 -6.22333129949836
"F12AI" 0.0357327753211194 4.17877512795676 0.0449880733860278 0.964296670800372 0.996690911012305 -6.22333368230839
"TUBB" 0.0357327753211195 1.55550919138058 0.0449042113170171 0.964363179558609 0.996690911012305 -6.22333737925695
"CSN1S1" 0.0357327753211194 1.13340790595161 0.0448668947303637 0.964392774425029 0.996690911012305 -6.22333902209198
"Q32LP2" 0.0357327753211194 0.975408792624857 0.0447188534870514 0.964510182789013 0.996690911012305 -6.22334552604193
"KRT7" 0.0357327753211194 3.17526847580436 0.0446408390531616 0.964572054697773 0.996690911012305 -6.22334894483063
"Q13509" 0.0357327753211193 1.07733684802175 0.0446201682321918 0.964588448408015 0.996690911012305 -6.22334984967769
"RAP1B" 0.0357327753211194 1.4255291648707 0.0445742695719254 0.964624849984791 0.996690911012305 -6.22335185735301
"CLeC3B" 0.0357327753211194 2.73554187031115 0.0444281319416445 0.964740750173255 0.996690911012305 -6.22335823586774
"RAP1A" 0.0357327753211194 0.740491933861778 0.0443931698632606 0.964768478336823 0.996690911012305 -6.22335975876367
"CLU" 0.0357327753211194 3.15427172728283 0.0443548229556014 0.964798891033717 0.996690911012305 -6.2233614277192
"CDH5" 0.0357327753211194 1.06888632862755 0.0440937690362955 0.965005932693362 0.996690911012305 -6.22337275112681
"KNG2" 0.0357327753211194 4.18853710619748 0.0440562696782259 0.965035673604996 0.996690911012305 -6.22337437219939
"CFB" 0.0357327753211194 4.64449267391141 0.0440213595323964 0.965063361045662 0.996690911012305 -6.22337588010246
"RPS4" 0.0357327753211194 0.819531956561856 0.0439516467932019 0.965118650756343 0.996690911012305 -6.2233788876865
"Q9NY65" 0.0357327753211194 0.950188341295903 0.0439078116376906 0.965153416844493 0.996690911012305 -6.22338077640531
"H2AZ1" 0.0357327753211194 0.791597280724162 0.0436509122599559 0.965357167609369 0.996690911012305 -6.22339180750551
"GSTA1" 0.0357327753211194 1.25008334825289 0.0436412682837537 0.965364816437587 0.996690911012305 -6.22339222035137
"GPI" 0.0357327753211194 1.13820514753854 0.0433600610765326 0.965587848874861 0.996690911012305 -6.22340421835281
"H4" 0.0357327753211194 1.62809441033654 0.0433004849593626 0.965635100533362 0.996690911012305 -6.22340675027482
"KRT5" 0.0357327753211194 4.73730482687423 0.0432522866856596 0.965673328163803 0.996690911012305 -6.22340879610327
"PPIA" 0.0357327753211194 1.38578062735525 0.043236215190263 0.965686075011578 0.996690911012305 -6.22340947776896
"KRT20" 0.0357327753211194 1.26862606673491 0.0431142641948026 0.965782798774 0.996690911012305 -6.22341464201509
"KRT6C" 0.0531692651592364 2.32059859033938 0.0429857424014699 0.965884734636192 0.996690911012305 -6.22342006872852
"SPP2" 0.0357327753211194 1.00746553062325 0.0429037366327342 0.965949777047447 0.996690911012305 -6.22342352288002
"APCS" 0.0357327753211195 0.844120548981667 0.0427393635257141 0.966080149349208 0.996690911012305 -6.2234304265536
"Q0VCM4" 0.0357327753211194 1.13011134261554 0.0425883658671781 0.966199913755955 0.996690911012305 -6.22343674510654
"HRG" 0.0357327753211194 1.92868671409551 0.0424597464911602 0.966301929356644 0.996690911012305 -6.22344210959618
"THBS4" 0.0357327753211194 2.68668185264539 0.0422915630944039 0.966435326368971 0.996690911012305 -6.22344909975408
"KRT71" 0.0357327753211194 2.1048396744389 0.0420433002338265 0.966632241295202 0.996690911012305 -6.22345936753298
"PROC" 0.0357327753211194 1.6725020153346 0.0418073862884259 0.966819363361705 0.996690911012305 -6.22346906856703
"H1-2" 0.0357327753211194 1.09669133478812 0.0417540936047474 0.966861634278192 0.996690911012305 -6.22347125246133
"COL1A2" 0.0357327753211194 1.39275872210061 0.0414911566069892 0.967070193161507 0.996690911012305 -6.223481986649
"H1-3" 0.0357327753211194 1.12736348218594 0.0414375120106915 0.967112743781135 0.996690911012305 -6.22348416831777
"C4BPA" 0.0357327753211194 1.20731446658283 0.0413223427816086 0.967204095750816 0.996690911012305 -6.2234888425941
"CSN1S2" 0.0357327753211194 0.933327611109683 0.0409233496885337 0.967520579583278 0.996690911012305 -6.22350493559125
"C5" 0.0357327753211193 0.94545995618737 0.0408900202952908 0.967547016907016 0.996690911012305 -6.22350627283398
"P0CG53" 0.0357327753211195 1.11835979345701 0.0408138285083831 0.967607453396846 0.996690911012305 -6.22350932571073
"CPB2" 0.0357327753211194 2.51229027992346 0.0406576422591267 0.967731343315665 0.996690911012305 -6.22351556603323
"KRT75" 0.0357327753211194 3.76148145514914 0.0406049484517984 0.967773141232213 0.996690911012305 -6.22351766598346
"POSTN" 0.0357327753211194 1.03572541643493 0.0400859752003392 0.968184807376348 0.996690911012305 -6.22353820258749
"APOC3" 0.0357327753211194 1.26793116509266 0.0399133746955572 0.968321721546024 0.996690911012305 -6.22354497413203
"TG" 0.0357327753211195 0.984270444492584 0.0399009504490192 0.968331577031767 0.996690911012305 -6.22354546043867
"SeRPINA3-2" 0.0357327753211194 4.76093658631639 0.0396250074774847 0.968550469013495 0.996690911012305 -6.22355622230607
"eeF1A1" 0.0357327753211194 3.0991127531867 0.0395675015470967 0.968596085946501 0.996690911012305 -6.22355845565329
"FMOD" 0.0357327753211194 1.14447821963996 0.0395672663805615 0.968596272494019 0.996690911012305 -6.22355846477975
"CRYZ" 0.0357327753211194 0.885192587043593 0.0394717274935215 0.968672059538544 0.996690911012305 -6.22356216801369
"UBC" 0.0357327753211194 1.17848232632556 0.0394407760369777 0.968696612110426 0.996690911012305 -6.22356336581979
"IGF2R" 0.0357327753211195 1.02689686977619 0.0392063691984558 0.968882558817414 0.996690911012305 -6.22357240674646
"RPS27A" 0.0357327753211194 1.46532108751238 0.0391470554932943 0.968929610571951 0.996690911012305 -6.22357468589614
"PGK1" 0.0357327753211194 1.51916776793932 0.0391450243102075 0.968931221849561 0.996690911012305 -6.22357476388395
"P35900" -0.0169390348037632 1.05611255282155 -0.0390189728696445 0.969031214993511 0.996690911012305 -6.22357959574516
"TUBA8" 0.0357327753211194 0.761675413084207 0.0388926456493118 0.969131427409285 0.996690911012305 -6.22358442254326
"GFAP" 0.0357327753211194 1.17734737471369 0.0387451571992593 0.969248427166762 0.996690911012305 -6.22359003808049
"AHCY" 0.0357327753211194 2.09580206176725 0.0386914811352452 0.96929100752783 0.996690911012305 -6.22359207647052
"VNN1" 0.0357327753211194 2.81274626416241 0.0385763022606342 0.969382377386847 0.996690911012305 -6.22359644094016
"HSPA1B" 0.0357327753211194 2.44510387229831 0.0385228843411972 0.969424753247726 0.996690911012305 -6.22359846068737
"HSPA1A" 0.0357327753211194 2.44510387229831 0.0385228843411972 0.969424753247726 0.996690911012305 -6.22359846068737
"KRT73" 0.0357327753211194 2.38587391724535 0.0384209825719593 0.9695055910717 0.996690911012305 -6.22360230586174
"AFM" 0.0357327753211194 3.70682550964005 0.0384131183822595 0.969511829681254 0.996690911012305 -6.22360260218677
"F9" 0.0357327753211194 1.31060263913142 0.0383807002022255 0.969537546828855 0.996690911012305 -6.22360382307316
"CD14" 0.0357327753211194 1.00797114158891 0.038350038154186 0.969561870877522 0.996690911012305 -6.22360497687418
"eZR" 0.0357327753211194 1.35680174757089 0.0382593535930524 0.96963381065494 0.996690911012305 -6.22360838390287
"ITIH3" 0.0357327753211194 4.77000855321383 0.0380997768824752 0.969760402975877 0.996690911012305 -6.22361435963321
"C7" 0.0357327753211194 3.25915321358906 0.0379761687510133 0.969858461936522 0.996690911012305 -6.22361897126907
"HSPA2" 0.0357327753211194 0.839082397910449 0.0375264315125238 0.970215244730549 0.996690911012305 -6.22363562385027
"LDHB" 0.0357327753211194 1.6409401660241 0.0373908358632629 0.970322815849751 0.996690911012305 -6.22364060567776
"KRT80" 0.0357327753211194 1.43445392804139 0.0373222859379361 0.970377198279818 0.996690911012305 -6.22364311736143
"ITIH1" 0.0357327753211194 3.87981031137867 0.0371301798906663 0.970529601734813 0.996690911012305 -6.22365013161208
"TUBB6" 0.0357327753211194 0.943824000293477 0.0370994887187391 0.970553950059446 0.996690911012305 -6.22365124886688
"KRT79" 0.0357327753211194 2.46167221409469 0.0369319690478086 0.970686849468395 0.996690911012305 -6.22365733082483
"KRT78" 0.0357327753211194 1.30137014592659 0.0368407402737869 0.970759224904733 0.996690911012305 -6.22366063139492
"HBB" 0.0357327753211194 3.6927480636675 0.0368113686523021 0.970782526639998 0.996690911012305 -6.22366169229513
"HSP90AB1" 0.0357327753211194 1.71077618304505 0.0367716462917881 0.970814040090143 0.996690911012305 -6.22366312571718
"FGB" 0.0357327753211194 2.98846075906545 0.0367160322392587 0.970858161179178 0.996690911012305 -6.22366513000714
"APOA4" 0.0357327753211194 2.32307816207925 0.036605008485405 0.970946241511107 0.996690911012305 -6.22366912214993
"GPLD1" 0.0357327753211195 1.3278744502177 0.0364716894282828 0.971052010231339 0.996690911012305 -6.22367390000274
"IGFBP3" 0.0357327753211194 1.51430664029472 0.0363710763993284 0.971131831960219 0.996690911012305 -6.22367749420363
"COMP" 0.0357327753211197 2.11594427770156 0.0362011726301864 0.971266626437135 0.996690911012305 -6.22368354113975
"LBP" 0.0357327753211194 1.87657596517871 0.0361619013877553 0.971297782703278 0.996690911012305 -6.22368493478906
"HSPA1L" 0.0357327753211194 1.4491341242286 0.0360926214312315 0.971352746818251 0.996690911012305 -6.22368738969316
"F5" 0.0357327753211194 4.70170584827196 0.0360340148823178 0.971399243162047 0.996690911012305 -6.22368946271443
"C9" 0.0357327753211194 2.64589591784853 0.0357963382697737 0.971587808327022 0.996690911012305 -6.22369783523992
"eNO1" 0.0357327753211194 3.04866362792199 0.0355904361782437 0.971751165907581 0.996690911012305 -6.22370504366997
"RBP4" 0.0357327753211194 1.86564983922821 0.035015732688651 0.972207127751308 0.996690911012305 -6.22372494347872
"SeRPINA3-5" 0.0357327753211194 4.180000474502 0.0350048426168502 0.972215767875328 0.996690911012305 -6.22372531743344
"LDHA" 0.0357327753211195 1.66580828478678 0.0348224839710395 0.972360450736176 0.996690911012305 -6.22373156217462
"COL1A1" 0.0357327753211194 1.32880881656069 0.0347659905635873 0.972405272644608 0.996690911012305 -6.22373349013379
"ACTN1" 0.0357327753211194 0.903885631692904 0.0346119364877222 0.972527499710526 0.996690911012305 -6.22373873165471
"PFN1" 0.0357327753211194 1.84309090327684 0.0344992746327544 0.972616886458376 0.996690911012305 -6.22374255011515
"CRYZL1" 0.0357327753211194 0.862178149099808 0.0342193838494754 0.972838955404479 0.996690911012305 -6.22375198260371
"HSPA8" 0.0357327753211194 2.20683238143488 0.0340749126641013 0.972953581550539 0.996690911012305 -6.22375682130509
"AOCX" 0.0357327753211194 0.823072621196081 0.0340425886087364 0.972979228140748 0.996690911012305 -6.22375790111612
"TUBA4A" 0.0357327753211194 3.02607971102588 0.0339403202245483 0.973060370232483 0.996690911012305 -6.22376131072357
"SeRPINA3-8" 0.0357327753211194 2.79758284602325 0.0338083382183959 0.973165088220831 0.996690911012305 -6.2237656958159
"TBA1B" 0.0357327753211195 2.90659736747237 0.0335162194962716 0.973396864575645 0.996690911012305 -6.22377534068522
"Q9BQe3" 0.0357327753211194 1.17739584610662 0.0333111718251556 0.973559557352332 0.996690911012305 -6.22378206074206
"TAGLN2" 0.0357327753211194 1.83077279292619 0.0332268373212191 0.973626471948728 0.996690911012305 -6.22378481268093
"MYH10" 0.0357327753211196 1.68204094622377 0.0331889552907105 0.973656529231528 0.996690911012305 -6.22378604654788
"FeRMT3" 0.0357327753211197 1.8407830556546 0.0331495272753214 0.973687813208225 0.996690911012305 -6.22378732927476
"eNO3" 0.0357327753211194 0.933274938181608 0.0330306113882819 0.973782166721932 0.996690911012305 -6.22379118877741
"FN1" 0.0357327753211195 3.71655401057699 0.0328953339292096 0.973889502743686 0.996690911012305 -6.22379556244399
"VCL" 0.0357327753211194 1.09331505663949 0.0327885963889951 0.973974194085095 0.996690911012305 -6.22379900071624
"CPN1" 0.0357327753211194 2.28334598915311 0.0325568380901235 0.974158084702594 0.996690911012305 -6.2238064277361
"SeRPINA6" 0.0357327753211194 1.96343800635878 0.0324250557925249 0.974262649133018 0.996690911012305 -6.22381062739084
"CHIA" 0.0357327753211194 2.4685420252052 0.0323013055848385 0.974360840809021 0.996690911012305 -6.22381455557059
"HP" 0.0357327753211195 0.825622886483792 0.0322261636811802 0.974420463607112 0.996690911012305 -6.22381693345702
"MDH1B" 0.0357327753211195 1.38426449232822 0.0320648674277744 0.974548447738748 0.996690911012305 -6.22382201901981
"P04272" 0.0357327753211194 1.30785720245291 0.0319487857344054 0.974640555781158 0.996690911012305 -6.22382566320784
"GSTA2" 0.0357327753211194 1.55368427847348 0.0319055346246799 0.974674874589613 0.996690911012305 -6.22382701762366
"TUBB4A" 0.0357327753211194 0.896577065405481 0.0316241310511384 0.974898163339738 0.996690911012305 -6.22383578502219
"JUP" 0.0357327753211194 1.99121040639514 0.0315608604343754 0.974948367732949 0.996690911012305 -6.22383774558459
"KRT35" 0.0357327753211198 1.15178337413476 0.0313103535362294 0.975147142628102 0.996690911012305 -6.2238454694784
"FGG" 0.0357327753211194 1.93986478329212 0.0312671630682002 0.975181414024107 0.996690911012305 -6.22384679495198
"HSP90AA1" 0.0357327753211194 2.06333001962018 0.0311809447341674 0.975249827933434 0.996690911012305 -6.2238494354375
"CAP1" 0.0357327753211194 1.40666138507366 0.0309933599195845 0.975398676394269 0.996690911012305 -6.22385515514172
"HMGB2" 0.0357327753211194 1.53454097001781 0.0305539886953549 0.975747320696874 0.996690911012305 -6.22386841705214
"PGLYRP1" 0.0357327753211194 1.5938618371208 0.0303760822728723 0.97588849211531 0.996690911012305 -6.22387373309671
"KRT81" 0.0357327753211195 0.813650693129048 0.0299825124898802 0.976200798408129 0.996690911012305 -6.22388538310747
"TUBB4B" 0.0357327753211194 2.09910667943565 0.0297335933897967 0.976398323141293 0.996690911012305 -6.22389267290281
"KRT74" 0.0357327753211195 1.00583262753999 0.0290302703622317 0.976956438967905 0.996690911012305 -6.22391294184427
"SeRPINA3-4" 0.0357327753211194 4.36803406739786 0.029003089059681 0.976978008687514 0.996690911012305 -6.22391371543999
"KRT19" 0.0357327753211194 2.98511971955223 0.0288122671188047 0.97712943590482 0.996690911012305 -6.22391912594314
"HMGB1" 0.0357327753211194 1.48550073254135 0.0287158226124516 0.977205970001856 0.996690911012305 -6.22392184691257
"Q5XKe5" 0.0238711884219454 1.49693522987368 0.0287157717906471 0.977206010331851 0.996690911012305 -6.22392184834399
"TUBB5" 0.0357327753211194 2.13253707445975 0.0285070713810162 0.977371626491039 0.996690911012305 -6.22392770512557
"LTF" 0.0357327753211194 2.30720693197382 0.0285005916265827 0.977376768576812 0.996690911012305 -6.22392788628382
"TGFBI" 0.0357327753211194 2.48367420342353 0.0284623132349562 0.977407144866997 0.996690911012305 -6.22392895561485
"MSN" 0.0357327753211194 1.42360330958695 0.028282343720511 0.977549962348463 0.996690911012305 -6.22393396391487
"KRT72" 0.0357327753211194 1.86530528201292 0.0277161803238882 0.977999254535299 0.996690911012305 -6.22394951228876
"TUBB3" 0.0357327753211194 1.6240475161786 0.0275108234525016 0.978162222062017 0.996690911012305 -6.22395507424444
"KRT27" 0.0357327753211194 0.96613086091488 0.0275047636728832 0.978167031008642 0.996690911012305 -6.2239552377413
"KRT28" 0.0357327753211196 1.28856412177471 0.0266430063363844 0.978850916434054 0.996690911012305 -6.22397812177784
"TUBB2B" 0.0357327753211194 0.92920761844114 0.0264224761807696 0.979025930430181 0.996690911012305 -6.22398386092595
"K2C4" 0.0357327753211195 1.19799091914634 0.0263757054298662 0.979063048100303 0.996690911012305 -6.22398507197213
"TUBA1D" 0.0357327753211194 1.84952967490154 0.0256483326659376 0.979640303340663 0.996690911012305 -6.22400362986538
"P05786" 0.0357327753211197 1.65283958906743 0.0249814991620231 0.980169523267151 0.996690911012305 -6.22402018725236
"ACTC1" 0.0357327753211194 3.26018247841033 0.0248791451388784 0.980250755423538 0.996690911012305 -6.22402269007966
"KRT25" 0.0357327753211194 1.02313114472002 0.0246568445043444 0.980427182628123 0.996690911012305 -6.22402809052652
"IGFBP2" 0.0357327753211194 2.49221021613105 0.0243586214835303 0.980663866603754 0.996690911012305 -6.2240352592622
"PROS1" 0.0357327753211195 2.09391382770784 0.0238491374644407 0.981068221403009 0.996690911012305 -6.22404730451596
"ACTG2" 0.0357327753211195 1.27257902236426 0.0235291277566976 0.981322201440347 0.996690911012305 -6.22405474002887
"ACTA2" 0.0357327753211195 1.27257902236426 0.0235291277566976 0.981322201440347 0.996690911012305 -6.22405474002887
"SeRPINA3-6" 0.0357327753211195 3.86773204855871 0.0225190640142689 0.982123864876047 0.996690911012305 -6.22407755029048
"ACTA1" 0.0357327753211197 2.30705589697583 0.022453651597378 0.982175781797187 0.996690911012305 -6.22407899299847
"KRT17" 0.0357327753211194 3.23306572574161 0.0207212607770345 0.983550783789503 0.996690911012305 -6.22411567447576
"SeRPINA3-1" 0.0357327753211194 3.96706252848331 0.0186463177358812 0.985197736054789 0.996690911012305 -6.2241557348562
"KRT10" 0.0357327753211194 2.01517132558285 0.0172163886451264 0.986332757264042 0.996690911012305 -6.22418088429807
"Q8N1N4" -0.0145771199074334 1.04438723187023 -0.0170785605737211 0.986442161284672 0.996690911012305 -6.22418320243394
"eeF1A1P5" 0 1.9684402153512 0 1 1 -6.2243262481689
"KRT1" 1.77635683940025e-15 3.40895010581031 3.55697670549583e-15 0.999999999999997 1 -6.2243262481689
"KRT2" 0 3.01917522849957 0 1 1 -6.2243262481689
"P68104" 0 1.89863603467514 0 1 1 -6.2243262481689
