"logFC" "AveExpr" "t" "P.Value" "adj.P.Val" "B"
"ALB" -8.80711826352332 7.83356785233269 -38.607388237134 1.28177878885763e-36 8.08802415769164e-34 64.6285053770132
"P13645" 7.70554077513975 2.97643993189695 21.2710246976188 2.1539030780999e-25 6.79556421140518e-23 45.3660797507174
"AHSG" -7.19586292316227 6.27250171719331 -20.6668692700217 7.14447971541124e-25 1.13316780597284e-22 44.3473730581555
"A2M" -7.94450836906396 6.85398639709391 -20.6641699909909 7.1833141424586e-25 1.13316780597284e-22 44.3427478343896
"KRT1" 8.72336271967151 3.24960602826261 20.1802008886133 1.91648214794424e-24 2.41860047070563e-22 43.5026049063501
"TF" -7.29047660802228 6.43319179890424 -19.8859641459549 3.51266811663175e-24 3.6941559693244e-22 42.9810905954875
"P63261" 5.87555810112165 2.45979019689723 19.6127138817335 6.20576712634864e-24 4.89479882090749e-22 42.4893377914985
"P60709" 5.87555810112165 2.45979019689723 19.6127138817335 6.20576712634864e-24 4.89479882090749e-22 42.4893377914985
"SeRPINA1" -7.04719030306664 6.29018619540095 -19.506849446378 7.74970867133298e-24 5.43340685734568e-22 42.2968673127883
"AFP" -6.38828663403796 5.63990601640145 -17.7199316244559 3.82779795976148e-22 2.4153405126095e-20 38.875764667698
"KRT9" 7.01935528112068 2.75795260815414 17.0716355724685 1.69636811925751e-21 9.73098439319536e-20 37.5497181391034
"P02768" 7.31457504283006 3.23301415862248 16.8574122151997 2.79998552764685e-21 1.47232572328763e-19 37.1010507854029
"C3" -7.36000976125814 6.60985039740058 -16.7546658434626 3.56660931063527e-21 1.73117728846989e-19 36.8839748195184
"GC" -5.75260599930189 4.99867536177431 -16.2581004849769 1.16643254418507e-20 5.2572781098627e-19 35.817356832916
"eRC1" 3.42373262234052 0.453126800778874 15.9706309456381 2.34377353659743e-20 9.85947401061985e-19 35.1863830298383
"ACTB" -5.04745959060783 4.58489953713887 -15.2554018533936 1.3829527911584e-19 5.13319536012324e-18 33.57232858149
"ACTG1" -5.04745959060783 4.58489953713887 -15.2554018533936 1.3829527911584e-19 5.13319536012324e-18 33.57232858149
"HBBF" -5.62222582640977 5.04709494072043 -15.1529989486516 1.79141090153695e-19 6.27989043816564e-18 33.3359715331886
"GSN" -5.68210989550626 4.6420356331314 -14.4551555334092 1.07876302007977e-18 3.58262876668598e-17 31.6892012275445
"APOA1" -6.76557821237581 5.65700133956763 -14.1838583078464 2.20143508274671e-18 6.94552768606586e-17 31.0317032492498
"TLN1" 6.61599270945913 2.71389669310979 13.7370022678945 7.26546313596457e-18 2.18309868513983e-16 29.9271529617739
"eeF1A1P5" 5.27067187274025 1.86671378928113 13.2093446893827 3.07029581390895e-17 8.80616662989341e-16 28.5876804474446
"ITIH4" -6.15334181155936 5.50207756163405 -12.7073572018605 1.24910639584073e-16 3.42689624250217e-15 27.2773392560771
"SeRPINF1" -4.94338968471828 4.38231994384435 -12.6552413224452 1.44763427479573e-16 3.80607178081711e-15 27.1392643654127
"SeRPINA5" -5.4037966659292 4.39741935957571 -12.3440454202994 3.51798579603239e-16 8.87939614918576e-15 26.3067538052509
"FeTUB" -5.43414239282959 4.53036562922424 -12.2619209781153 4.45613648770448e-16 1.0814700475929e-14 26.0847520893224
"A1BG" -4.8566785542178 4.15117798268516 -12.2000403744849 5.3279957158633e-16 1.24517233211472e-14 25.9168371667004
"AGT" -5.54000470682443 5.10974841269168 -12.108697611438 6.94237850908397e-16 1.56451458543999e-14 25.6679739169554
"HBG1" 3.06990226999616 0.477156268145192 11.8206030094798 1.61100782004251e-15 3.38848644815609e-14 24.8752206780141
"HBG2" 3.06990226999616 0.477156268145192 11.8206030094798 1.61100782004251e-15 3.38848644815609e-14 24.8752206780141
"HBA" -4.87912473079295 4.52126570357216 -11.6185358764476 2.92613930647109e-15 5.95610936252663e-14 24.3120746239521
"P68366" 5.66132462954001 1.76508982753113 11.5466167047775 3.623273569129e-15 7.14464256912625e-14 24.1102244624584
"KNG1" -5.88055788128024 4.54464354662345 -11.2394372096511 9.09420659274164e-15 1.73892253333939e-13 23.2397174480957
"P23526" 3.88357520522337 0.434848844648397 11.0596420614177 1.56729571267098e-14 2.90871645498644e-13 22.7239187223637
"P35625" 2.00319000472056 0.334972889619899 10.8282047919319 3.17760824120522e-14 5.72877371485855e-13 22.0531652822559
"C4" -5.25607976090827 4.59241938916497 -10.7476212156336 4.0707902768723e-14 7.13519073529561e-13 21.8178271018528
"P35443" 3.21184642053597 0.314705057137273 10.7169331183741 4.47447623648742e-14 7.63079596006368e-13 21.7279625688668
"QSOX1" 2.95445585781011 0.805070645396471 10.4473459110739 1.03209787442513e-13 1.71382568095332e-12 20.9328087400772
"P19823" 4.69414845499681 1.72378064659439 10.4154559684274 1.14005021548186e-13 1.84454278453604e-12 20.8380728926618
"P68104" 5.30937396649561 1.79940580014137 10.3213651442216 1.53010027660436e-13 2.41373318634338e-12 20.5577283547667
"KRT2" 7.69160912807066 2.86031237617989 10.1300802827228 2.79266471749147e-13 4.29797911399297e-12 19.9840043800981
"TUBB1" 4.34401585070552 1.29215683445709 9.99182254771356 4.32630251796338e-13 6.49975449722594e-12 19.5661921418527
"HPX" -5.17013582081818 4.43467162277725 -9.95687400707446 4.83428600263036e-13 7.09403364572036e-12 19.4601656944449
"ORM1" -4.94992529028988 3.86425014046426 -9.92358120744787 5.37432976842362e-13 7.70727746335297e-12 19.3590084015584
"SLC2A1" 2.18739123616248 0.273565477653511 9.87492148027347 6.27554057692365e-13 8.79970245341961e-12 19.2108905997076
"eHD3" 3.59539769817568 0.929085257842862 9.82048833742095 7.46647081905154e-13 1.02420501887424e-11 19.0448211919427
"SeRPINF2" -4.81053296935961 4.3277909011828 -9.73603123921099 9.78394238018478e-13 1.31354630678651e-11 18.7863673287898
"P35900" 3.68994119546275 0.909107359925009 9.72860214081292 1.00197890243209e-12 1.31718476548885e-11 18.7635875059973
"SeRPINA3-7" -4.54068958972658 4.02428387310896 -9.64563885222391 1.30790913825349e-12 1.68426666579174e-11 18.5087011023153
"KRT14" 6.03016996988674 2.44276934440136 9.57566098020348 1.63856190628353e-12 2.06786512572981e-11 18.2930053196028
"VTN" 3.55907534183946 1.30500717022259 9.53404525527156 1.8741102761804e-12 2.31875212601928e-11 18.164428068272
"P62826" 3.03754759740565 0.748294253470853 9.44330539655577 2.51357781307923e-12 3.05013000010191e-11 17.8832972947601
"PIP" 3.56688306641207 0.463104733121213 9.41960635575238 2.71431756057485e-12 3.23157430325043e-11 17.8096982407233
"PKM" 3.94129943933821 1.39826985526521 9.27025348832275 4.41165679837842e-12 5.15510266625331e-11 17.3442286328778
"TTR" -4.33875661265665 3.61322770476154 -9.24801924091004 4.74351196173607e-12 5.44210190519175e-11 17.2746935458362
"CFH" -6.09154652961229 4.64711187182647 -9.2058516485469 5.44382515294597e-12 6.13402441340877e-11 17.1426499305562
"KRT13" 5.02966353423172 1.5651524960697 9.14851235842483 6.56698312877880e-12 7.26976553378847e-11 16.9627443581715
"P11142" 4.97824075466826 1.29353643577238 9.07423819533071 8.37770682207117e-12 9.11436724952916e-11 16.7291050983417
"P16070" 2.40757580749655 0.292146950984891 9.04304440962126 9.2815724878514e-12 9.92656311836311e-11 16.6307810433766
"APOH" -4.74953750650438 3.60746490795528 -8.99983827003643 1.06986743679975e-11 1.1251439210344e-10 16.4944000535814
"PLG" -6.51946640553395 5.08341324061474 -8.94374978503903 1.28697372235603e-11 1.33127937509288e-10 16.3170231829743
"PARVB" 2.43913895025125 0.408945657906606 8.85103897086184 1.74793309713812e-11 1.77894481337767e-10 16.0230169003285
"P23528" 2.93415852142286 0.716620014092231 8.66660711564687 3.22246740364615e-11 3.22758243127098e-10 15.4352011110652
"P07195" 2.71934562166015 0.331726118496806 8.64898660936149 3.41703811621678e-11 3.36898601770748e-10 15.3788412581775
"TUBA1B" 5.51143164496816 1.66164867095912 8.64168903914313 3.5010530145654e-11 3.39871454183195e-10 15.3554896507804
"P61224" 3.24280700405996 0.922756113454085 8.62937361232292 3.64759268912859e-11 3.48731967703051e-10 15.3160680144451
"P13647" 6.44338541522687 2.44539382196407 8.62181075718861 3.74063425659433e-11 3.52289584464331e-10 15.2918510767841
"KRT16" 5.81927105775112 2.30697925096178 8.59855943229287 4.04195650512246e-11 3.75069787460628e-10 15.2173590135207
"FLNA" 5.78098061013493 1.75658537855711 8.58417333316122 4.24054028612349e-11 3.87794336310714e-10 15.1712396196166
"KRT5" -6.00472812360338 4.67624021226336 -8.55405130822015 4.68882235799107e-11 4.22663843984623e-10 15.074600826423
"P07737" 2.1878122879341 0.41744026887899 8.36966473991487 8.69068031736491e-11 7.68496125222501e-10 14.4809457060882
"Q04695" 5.69222996007947 2.00730714342483 8.36699470893185 8.76889398035183e-11 7.68496125222501e-10 14.4723232959996
"P63104" 3.23732203787066 0.884129142970355 8.12681849411612 1.96839887781198e-10 1.70145163273885e-09 13.693829408143
"P68371" 5.16113940397937 1.45345865388749 8.07231652549122 2.36651867541816e-10 2.01793687052549e-09 13.5164040565817
"P06733" 4.44618998139937 1.00307738353785 8.03787182859904 2.65903117171382e-10 2.23713155913523e-09 13.4041333445186
"P49747" 3.48017793335073 0.476961206766378 7.97667322070123 3.27155915740828e-10 2.71625503726925e-09 13.2043986728622
"HBA1" 5.11999202093202 1.70191375070829 7.94868521869044 3.59726949123996e-10 2.94789227139275e-09 13.1129446971976
"LIMS1" 2.6280441868889 0.626390033840329 7.94371252344963 3.65846718709476e-10 2.95960614750871e-09 13.0966887891671
"P07996" 5.63839204165454 1.8511055360765 7.92854809665752 3.85164224497981e-10 3.07643829947122e-09 13.0471027154173
"KRT3" 4.86687262083175 1.58048859238809 7.91342416276519 4.05453374993059e-10 3.19801349525775e-09 12.9976295844589
"P02788" 3.70818537337191 1.24423163318215 7.90017752141436 4.24106469475166e-10 3.30384175603493e-09 12.9542815660853
"eDIL3" 4.56126487935821 0.874239341804051 7.86962707127902 4.70487743578169e-10 3.6204605633881e-09 12.8542530769578
"COL6A1" 3.1527715041279 0.906037327762269 7.85044020592907 5.02194700889188e-10 3.81788983447082e-09 12.7913919079182
"MFGe8" 2.51012143994395 0.28800563179801 7.80725054071658 5.81665645466794e-10 4.36941693201842e-09 12.6497819279259
"P15311" 3.87638596762784 0.776083929513556 7.76044747447917 6.82151022251804e-10 5.06396817695162e-09 12.4961568090336
"P07900" 4.88385607631541 1.26570801424459 7.72132917500124 7.79430240257554e-10 5.71884280933159e-09 12.3676256033354
"SeRPINC1" -5.55181632048571 4.95379030804966 -7.71677124588794 7.91637319814968e-10 5.74164538854304e-09 12.352642011513
"TUBB" 5.32544891950305 1.37916446976825 7.62586905758313 1.07958675024981e-09 7.74112772054123e-09 12.0534920014163
"P62937" 2.94719948834478 0.554483106393435 7.59154564344016 1.2139288495439e-09 8.60661914676629e-09 11.9403826332996
"P04406" 4.48682844120105 1.46040235764334 7.55297423661511 1.38507292182352e-09 9.71090015189602e-09 11.8131772556223
"SeRPINA3-2" -4.94903936229467 4.68780865363659 -7.52990814865646 1.49880777279328e-09 1.03928319190392e-08 11.737059195826
"O00299" 2.22052074106119 0.309808546473659 7.49018869197481 1.71710810039976e-09 1.17771218625244e-08 11.6059031041424
"ADIPOQ" -3.93824897593986 2.93752513994763 -7.45466615416911 1.93929913455097e-09 1.3158040364534e-08 11.488520008549
"H2AC6" 1.98037423210684 0.321811550347599 7.35332982304428 2.74522066273875e-09 1.83387981443004e-08 11.1532359896784
"FHL1" 2.98080102008267 0.658231571395055 7.35166085828065 2.76099179668548e-09 1.83387981443004e-08 11.1477090079053
"P21291" 1.80037221248901 0.410715326481604 7.34450348820137 2.82966516006666e-09 1.85991532916882e-08 11.1240047257578
"F12AI" -5.14601804645872 4.11224061514221 -7.32905302538152 2.98381592712021e-09 1.9410184020751e-08 11.072825077839
"P61981" 2.20172776296096 0.3862453650712 7.30751355355605 3.21289776338174e-09 2.06871274356518e-08 11.0014537661642
"P05452" 3.29161776745028 0.63467875107243 7.29316551627387 3.3752187567223e-09 2.15127579342603e-08 10.953897515308
"H4C1" 3.38659821280796 0.852768548672937 7.28420365343344 3.48075869016141e-09 2.19635873349185e-08 10.9241880935061
"P01024" 5.5652608952669 2.16965196404416 7.28075765128371 3.52221741263453e-09 2.20051404690336e-08 10.9127631509986
"THBS1" -4.53877540826381 3.82406536567389 -7.26000499453085 3.78259113572224e-09 2.30663331472294e-08 10.843946401253
"H2AC4" 1.9764846985658 0.328575956505916 7.25853578280598 3.80174112093797e-09 2.30663331472294e-08 10.8390735925628
"H2AC25" 1.9764846985658 0.328575956505916 7.25853578280598 3.80174112093797e-09 2.30663331472294e-08 10.8390735925628
"F2" -5.30356403417292 4.46967325870573 -7.22936523356195 4.20277094433934e-09 2.52566520559821e-08 10.7423037023114
"AMBP" -4.1780869902108 3.34141423414827 -7.13483963685395 5.81813948777597e-09 3.46343963847796e-08 10.4284475791414
"P02771" 3.57023488234415 1.20445681963199 7.12263736518442 6.0677840375355e-09 3.57829133428496e-08 10.3879028303726
"SYNCRIP" 3.90732993017792 0.978798074633221 7.11173410351494 6.29993334758559e-09 3.68079439104306e-08 10.3516689961115
"P62851" 2.85234831925767 0.538293948984258 7.04485303713565 7.93233942768275e-09 4.59202401730993e-08 10.1293040270585
"KRT6A" 6.32960958148314 2.4219735959836 7.03835202019404 8.11207259072227e-09 4.65337982249614e-08 10.1076803622663
"KRT75" -5.00328049384664 3.74408656908985 -6.95085798604292 1.09686294666988e-08 6.2353199941324e-08 9.81651403527955
"O43505" 1.76807287865454 0.29264576963563 6.94213181550579 1.13038288599853e-08 6.36849643808101e-08 9.78746100229974
"KNG2" -5.39329631443328 4.12277039415999 -6.92720050732686 1.19013822162214e-08 6.64581608711126e-08 9.7377431786986
"P00742" 2.40971680991241 0.369009306496356 6.90857426439369 1.26913964907129e-08 7.02479928564899e-08 9.67571296700532
"P61204" 2.45239814372255 0.540338427439164 6.89483103515458 1.33078170397557e-08 7.30194134963986e-08 9.62993822190671
"P29279" 2.17801845498234 0.375357173522509 6.89205516594138 1.34359190878525e-08 7.30867667623701e-08 9.6206919761792
"FLG2" 2.87145398000031 0.546101704521524 6.85241077463628 1.54062628937223e-08 8.30884776575965e-08 9.48861725900388
"P50395" 2.20224289641272 0.305060164883725 6.8238148056682 1.70049519620359e-08 9.09332600681751e-08 9.3933266350699
"P36955" 4.11296280594915 0.746790949493321 6.80963556942075 1.78582732569821e-08 9.46938691189554e-08 9.34607031039087
"P34931" 4.14937534563154 0.704760182144938 6.79162795184889 1.90041106380076e-08 9.99299484381899e-08 9.28604883105822
"P0DMV8" 4.85521400204905 0.839672292936283 6.77401400534124 2.01961243352475e-08 1.04457003733944e-07 9.22733340690406
"P0DMV9" 4.85521400204905 0.839672292936283 6.77401400534124 2.01961243352475e-08 1.04457003733944e-07 9.22733340690406
"MYH9" 4.9035929824678 1.83979858127324 6.75178553030521 2.180790524985e-08 1.11598204042662e-07 9.1532276605496
"POTeI" 4.09800920251633 0.510637212644928 6.75016207050475 2.1930550398241e-08 1.11598204042662e-07 9.14781500880152
"H2BC18" 2.68449238636497 0.730843712997558 6.74655118880537 2.2205818996365e-08 1.12094974293651e-07 9.13577609380702
"ANXA2" 3.68659726105246 1.02910085649948 6.67660664652613 2.82761317230022e-08 1.41605072358844e-07 8.90253954701774
"MYH14" 2.73783595139691 0.505922711842503 6.6103658808885 3.55501220850181e-08 1.76630921540523e-07 8.68160525044441
"CLeC11A" 1.68023444251976 0.313556625083039 6.58493353337951 3.88165825178061e-08 1.91353621630747e-07 8.59677265505721
"P09429" 4.27744397890617 1.13960692870907 6.57600352209033 4.00334008428824e-08 1.95822294045417e-07 8.566984973741
"P26583" 4.34477263058618 1.11725100709765 6.56586858412312 4.14607043278829e-08 2.01243880237647e-07 8.53317779448093
"BLMH" 2.02239081405361 0.34131178630279 6.55077302444332 4.36815428585783e-08 2.10404988883686e-07 8.48282313138836
"CFB" -5.13842774190985 4.57360680274049 -6.53430447913223 4.62403177486196e-08 2.21042731055901e-07 8.42788844488886
"CLeC3B" -4.54224700689669 2.73407577761207 -6.51218308574925 4.9914906574876e-08 2.36814331193584e-07 8.35409780146566
"GAPDH" -4.00469377548814 3.07871804506745 -6.49079881335103 5.37444137277778e-08 2.53080037777819e-07 8.2827672424792
"LUM" -4.09257022199095 3.19119097981736 -6.48823346925688 5.42231248611394e-08 2.53442902128733e-07 8.27421026215323
"Q5XKe5" 4.59422406702161 1.3958302434628 6.44307954176287 6.33827113447164e-08 2.94077138665559e-07 8.12360092260609
"P62979" 2.51606115969502 0.649622135978336 6.43078677994867 6.61339569852385e-08 3.04602385822522e-07 8.08260156091002
"UBB" 2.52046246032495 0.577739721944097 6.42133790567642 6.8329583980629e-08 3.10186816487604e-07 8.05108824618525
"P0CG48" 2.52046246032495 0.577739721944097 6.42133790567642 6.8329583980629e-08 3.10186816487604e-07 8.05108824618525
"DCD" 2.33917591047131 0.409362076418307 6.41212543690475 7.05404036085815e-08 3.17935676264392e-07 8.02036428080203
"Q08380" 3.66405906981207 0.393787616540834 6.37676533723928 7.97105345749859e-08 3.56718775296568e-07 7.90244641689047
"SeRPINB12" 2.90814974110795 0.57571456833276 6.36459427322628 8.31350492918138e-08 3.68264769258911e-07 7.86186267957799
"Q08554" 2.65677759866398 0.505329989393162 6.36347318323346 8.34577844754743e-08 3.68264769258911e-07 7.85812458061341
"APOe" -4.31747230709156 3.49230270079397 -6.35371739272455 8.63196150452245e-08 3.78247757594004e-07 7.82559626928283
"P68032" 5.16600220812498 1.87318986533482 6.27378001089774 1.13780648815797e-07 4.90278563521432e-07 7.55913135428885
"SeRPINA7" -4.20084145875942 3.61633860496395 -6.27318186937184 1.14016012887897e-07 4.90278563521432e-07 7.55713801240747
"P84077" 2.45239814372255 0.497523308665411 6.27267197901393 1.14217034608004e-07 4.90278563521432e-07 7.55543877949278
"P06396" 5.30967682866617 1.8637240805787 6.26884060869788 1.15738896545187e-07 4.93454349459549e-07 7.5426707628276
"P51884" 3.17024679330768 0.355631198281322 6.26677197412833 1.16568980396648e-07 4.9365789684755e-07 7.53577719952337
"P05543" 2.90832227779448 0.424580065328214 6.26050409562578 1.19120566971101e-07 5.01100518391766e-07 7.51489062672912
"KRT7" -4.36023167103933 3.18158863035919 -6.23468706029679 1.3023171931568e-07 5.44213343630426e-07 7.42887065975446
"P01008" 4.71669010127292 1.58182119686144 6.12785462433729 1.88326681160613e-07 7.8180352508123e-07 7.07312808473371
"eeF1A1" -4.5781528118359 3.10639466574768 -6.01962611135334 2.73556274590562e-07 1.12819613899768e-06 6.71317789809469
"P26038" 3.95436271176553 1.1333406550057 6.01504989060022 2.7790610017849e-07 1.13869317670537e-06 6.69796981474133
"RPL12" 1.66437524024297 0.361472331618091 5.93128567436551 3.70884503178599e-07 1.50985884842384e-06 6.41978976028061
"Q14CN4" 4.00640228402257 1.04825329384874 5.926114804053 3.77547449272133e-07 1.52713102878664e-06 6.40263005692765
"P01023" 6.06493201317371 2.29391897658004 5.88895559124775 4.2906668762397e-07 1.72446547701099e-06 6.27936294268449
"H2AC7" 1.9682556027461 0.298618059715194 5.85102913753115 4.8886918598423e-07 1.95238263516487e-06 6.15363981019149
"CTSD" 2.52723933945644 0.404874234398911 5.84353289044141 5.01636487689738e-07 1.99077121844166e-06 6.12880152342791
"P08729" 4.07936674751246 0.723712998452794 5.83450376923263 5.17455780440281e-07 2.04071623411136e-06 6.09888920858424
"KRT4" 3.39043635045338 0.841445248595557 5.76567508382949 6.55530335443577e-07 2.56919032089998e-06 5.87105821634305
"RPL22" 1.71165805120393 0.348742198865514 5.72219314217004 7.61057361260435e-07 2.96436540095885e-06 5.72731177847304
"P00338" 2.77011417510588 0.339952528327364 5.7155495259445 7.78604760598195e-07 3.01410799961633e-06 5.70536201656629
"F5" -5.75216158653998 4.62038982616386 -5.71087099774267 7.9120265566339e-07 3.04420046172926e-06 5.68990685462233
"KRT6C" 6.03662007486693 2.16427141361773 5.70637929917117 8.03488058657078e-07 3.07273312128858e-06 5.67507056996391
"KRT6B" 6.19655144800336 2.22641661277503 5.67841639011025 8.84350077615387e-07 3.3615957769597e-06 5.5827459146506
"Q06830" 1.86837459911506 0.336582340418348 5.64730669694671 9.83843596765746e-07 3.70794433185627e-06 5.4801110182652
"THeMIS" 2.579406630845 0.314023317558594 5.64630720001676 9.87218142237486e-07 3.70794433185627e-06 5.47681497395144
"S100A9" 3.33747240577492 0.734901277775447 5.63814621151571 1.01520535146338e-06 3.76025764933172e-06 5.44990583463377
"KRT8" 4.65742918420225 1.37402142304736 5.63765067238219 1.01692990658095e-06 3.76025764933172e-06 5.44827209352217
"Q7RTS7" 4.28381469980339 1.14685695489893 5.63705010901876 1.01902386376501e-06 3.76025764933172e-06 5.44629212842384
"P62987" 2.51025076032617 0.600125432816278 5.62066377543445 1.0778397558088e-06 3.95416794136835e-06 5.39228168889501
"ITIH3" -5.00788585113529 4.69375702630809 -5.60350791799073 1.14303234705167e-06 4.16909486121157e-06 5.33576166771162
"Q8N1N4" 4.23124985065463 0.896992418578169 5.58550596200883 1.21565254910093e-06 4.40848711771659e-06 5.27648432475114
"CSTA" 1.95188953289489 0.381212035195322 5.5776597952884 1.24872045374689e-06 4.50252917893877e-06 5.25065808582021
"P11171" 1.68750104139126 0.343269224856955 5.52374983124567 1.50137171970391e-06 5.3827588359839e-06 5.07337634139919
"P05109" 2.95549923995593 0.687321161041491 5.49682734996633 1.64592227309639e-06 5.86766640860916e-06 4.98495540251942
"Q02413" 3.95681751403284 0.973412188118829 5.46060454093852 1.8624071090796e-06 6.60212857207432e-06 4.86611397873956
"P63267" 4.91695273609357 0.706404285464378 5.40268126098119 2.26868250209338e-06 7.99742267497724e-06 4.67638714908808
"P12259" 3.95011290756712 0.759135697267659 5.40031225853148 2.28704952998161e-06 8.01737918565775e-06 4.66863594326102
"AMY2A" 2.35018733520041 0.570364073266519 5.35879436077186 2.63393667354951e-06 9.18239801662839e-06 4.53290385571777
"CLU" -4.27217017910184 3.10692691815279 -5.34723420281257 2.73947597274148e-06 9.49785350988942e-06 4.49514917886932
"HGFAC" 1.83813416993803 0.363443167339019 5.33560675143163 2.84985342590907e-06 9.82654378004713e-06 4.45719193168061
"P16402" 2.29507457817851 0.535435086540311 5.31007002281311 3.10796436811195e-06 1.06582908493405e-05 4.37389011322941
"Q06033" 3.81457776860985 0.590504811827602 5.27578924209167 3.49117216999431e-06 1.19077277798184e-05 4.26220117499552
"P00558" 2.71993602187975 0.750630568987068 5.27057029421901 3.55347657041555e-06 1.2055073741571e-05 4.24521151968987
"FGA" -4.25773767597838 3.17249349353836 -5.2447168793964 3.87871792198326e-06 1.30880802608098e-05 4.16110460571391
"AFM" -4.19281076262695 3.6330774368852 -5.20652672561761 4.41374255341914e-06 1.48142103787632e-05 4.03703715639914
"O95678" 5.21316043828125 1.40815289159792 5.1480386500317 5.37768630695421e-06 1.79540743898842e-05 3.84744566494314
"P35580" 2.74858331739836 0.441271939685429 5.14055215037332 5.51521223411067e-06 1.83163101038096e-05 3.8232155200894
"P00488" 1.96618210258884 0.373297292501453 5.11791646123892 5.9525146384589e-06 1.96651138055894e-05 3.7500082382719
"APOD" -3.24341157531912 2.04941190125326 -5.1146854503406 6.01766655364328e-06 1.97768103924422e-05 3.7395652654416
"KRT77" 4.75482858388664 1.11212838504281 5.10425121187334 6.2329163270422e-06 2.03780839500706e-05 3.70585209201067
"APOA2" -2.87792257733307 2.08661494538222 -5.06852055386526 7.02922551758836e-06 2.28630994927745e-05 3.59053966905124
"ILK" 3.16890646174778 0.589892980239292 5.00752764608063 8.62690227574377e-06 2.7915770953817e-05 3.39419311532435
"HBB" -4.56676187122472 3.60338993350591 -4.98179022108927 9.40405601074406e-06 3.02753027692832e-05 3.31153351352752
"PZP" 5.46896886810487 1.58382233784497 4.97832914900195 9.51369737185608e-06 3.04728073179756e-05 3.30042674804972
"SeRPINA3-5" -4.84656686561548 4.1074092998534 -4.94020047173929 1.08081932094284e-05 3.44442925007542e-05 3.1782134535797
"SeRPINB3" 3.6539850826693 0.783301319974117 4.93213692550668 1.1103427994874e-05 3.52073520842487e-05 3.15240169467193
"P02649" 2.4998712990458 0.591694934187602 4.91650471314861 1.16985933907887e-05 3.69090621479384e-05 3.10239690444754
"FN1" -5.08223532222422 3.63302739964173 -4.91496341604115 1.17589503622865e-05 3.69149138238944e-05 3.09746904596283
"P00734" 4.46363668486637 0.971546688862607 4.88822941394789 1.28560085042519e-05 4.01591156741729e-05 3.0120666102334
"KRT73" -3.82494978581676 2.38515311888049 -4.86280941162651 1.39923709302496e-05 4.34935273743227e-05 2.9309897322435
"KRT76" 4.66463737599309 1.50032032286503 4.82643502889418 1.57922640690752e-05 4.88476403313061e-05 2.81519599318402
"S100A7" 2.10399291917618 0.524428888572263 4.81903850217896 1.61852136929456e-05 4.98188772695058e-05 2.79168254632463
"CASP14" 2.6487971604528 0.43547856288609 4.79962284304858 1.72630412648004e-05 5.28785390198498e-05 2.73001366991749
"LYZ" 2.15231972968625 0.618327282928133 4.78642353015936 1.80357781606919e-05 5.49786281130271e-05 2.6881338817283
"P78385" 3.64977187207196 0.434649580733642 4.76867386494934 1.91287607682346e-05 5.80300386767117e-05 2.63187384047998
"VNN1" -3.58838426234718 2.79085309958901 -4.73011653191703 2.17322839662684e-05 6.56127807785425e-05 2.50989204204288
"P62736" 4.91695273609357 0.638998481544567 4.71606787223721 2.27649758717808e-05 6.84033322623509e-05 2.46552707398028
"ITIH1" -4.38569661133218 3.80924768927212 -4.71223297367345 2.30551505893475e-05 6.89469195349682e-05 2.45342418574947
"HBD" 3.61528731573544 0.814906290238242 4.70450620772927 2.36508892181415e-05 7.03948636634307e-05 2.42904848724312
"AZGP1" 2.63816763112738 0.618569799322471 4.67481818322757 2.60837786064753e-05 7.72716633835018e-05 2.33551537536015
"H4" -3.0411802133299 1.60037448391229 -4.67077633904053 2.64334548411866e-05 7.79416355363961e-05 2.32279677855871
"KRT79" -4.40569635347745 2.41563447401021 -4.66101473174134 2.72970595513071e-05 8.01136957063943e-05 2.29209497373987
"SeRPINA3-4" -4.9875695107201 4.28063114130312 -4.6309196881332 3.01375649638941e-05 8.8040756908413e-05 2.19757935248955
"IGFBP2" -5.54722779784924 2.40775523204748 -4.6199681213745 3.12415922009216e-05 9.0845367183325e-05 2.16323754874801
"ADAMTS13" 1.79305052600784 0.332982228000967 4.61766974964049 3.14782782651933e-05 9.11137320428302e-05 2.15603392379168
"APOA4" -3.87926135274446 2.28641850567132 -4.56419714261587 3.75089913906164e-05 0.000108073851906297 1.98879498216608
"KRT31" 3.90216942819499 0.616384676505695 4.54628671824266 3.97716810298256e-05 0.000114072412408273 1.93293445781053
"P16403" 2.31173258189972 0.413501804493008 4.53633489613141 4.10861739119671e-05 0.000116780971794825 1.90193023204832
"H1-4" 2.31173258189972 0.413501804493008 4.53633489613141 4.10861739119671e-05 0.000116780971794825 1.90193023204832
"KRT71" -3.50792007016657 2.06923573706999 -4.37485127002763 6.94199979686189e-05 0.000196430577211652 1.40241739147859
"KRT19" -4.77432215123271 2.96099265043905 -4.37318096234733 6.9795407239402e-05 0.00019661116950028 1.39728726017818
"KLKB1" -3.46282945726444 2.45522538487941 -4.34720766854687 7.58945749477364e-05 0.000212842119075652 1.31761404473213
"P68133" 4.83579534328803 1.11980822651831 4.32142918219385 8.24612934622291e-05 0.000230234850330383 1.23872697741655
"P02749" 2.86957060908113 0.451919943200276 4.29824777000295 8.88376110753987e-05 0.000246945077482716 1.16795040796029
"IGFBP3" -3.78332812474068 1.43521702137938 -4.29663114111562 8.92997955408227e-05 0.000247141100816926 1.16302039724979
"P02765" 4.47045657250003 1.06939274474532 4.27548263683442 9.55663221912168e-05 0.000263329036256148 1.09859723054798
"HRG" -3.41720292338511 1.90016836831577 -4.24426060152823 0.000105608089925459 0.000289733498882455 1.00372994548211
"C7" -3.83437418908065 3.19095786669979 -4.22441698779575 0.000112516960724075 0.000307351524748449 0.943587962663761
"HMGB1" -3.37367806479626 1.37648863820139 -4.21996788282853 0.000114125358241574 0.000310401297631178 0.930120049764364
"CKM" -3.00333340276578 1.31106230670835 -4.21422688081253 0.00011623390324448 0.000314779368872391 0.912750371499461
"THBS4" -3.55250490052898 2.70759369313272 -4.17704715987183 0.000130836598213569 0.00035281151056736 0.800507623944909
"P02774" 3.62592067060106 0.817341281900046 4.14887283946554 0.000143076206048623 0.000384174834113537 0.715739706894923
"DSP" 3.61553669979273 1.36211428931009 4.00569374649515 0.000224606111368448 0.000600535831667333 0.288957147703446
"Q86UX7" 1.88258913510287 0.290262389270065 3.99791966122082 0.000230133916705659 0.000612719415364013 0.265982393845339
"Q7Z3Y7" 2.42315207964899 0.378250244393938 3.99477348729578 0.000232408293143041 0.000616174928459072 0.256690469431927
"F10" -3.0880554881907 1.80481524069034 -3.99221848157443 0.000234271322857308 0.000618515500932894 0.249147038453041
"APOC3" -2.99187454806583 1.19778688740857 -3.96995265771247 0.000251131035921083 0.000660265348609182 0.183505798836411
"HMGB2" -3.26701559881116 1.45785418284916 -3.95080219561486 0.000266566615228082 0.000697939975970622 0.127188710306708
"KRT20" -2.99898653312521 1.22298441785712 -3.94530051505826 0.000271168283025929 0.000707054490038682 0.111033656399474
"CPB2" -3.46800570309066 2.49092361437449 -3.89089992211 0.000321007249884173 0.000833562035707461 -0.0481195893773112
"TPI1" -2.65511191349083 1.16634827998241 -3.88618881416982 0.000325717653477871 0.000842327210428429 -0.0618514860679227
"FGB" -3.88110801774111 2.91781616788423 -3.85124166692985 0.000362805352837265 0.000934408888327814 -0.163457925761734
"C9" -3.16419912746901 2.59736352446115 -3.82530941987084 0.000392928005390775 0.00100787630651048 -0.238557768321671
"TGFBI" -3.54740138276496 2.44310842150736 -3.79998440705256 0.00042466595623534 0.0010848753780749 -0.311651656475589
"THBS3" 1.29236195461432 0.323629307052341 3.78839555150548 0.000440000624725743 0.00111951771855622 -0.345017368819692
"CHIA" -3.00911719976566 2.43697362564595 -3.77766164042773 0.000454679085290374 0.00115221888682019 -0.375875045108
"eNO1" -3.63564201589652 2.99192467694863 -3.76474793777346 0.000472964155245071 0.00119376152783856 -0.412939467760578
"YWHAZ" -2.81167974891718 1.67445722854013 -3.74015399115157 0.000509765423442674 0.00128152184140369 -0.483346308352524
"P08697" 1.78808835111392 0.422768746850354 3.73357398962749 0.000520069597357738 0.00130223776163783 -0.502142621789335
"HRNR" 1.41175644415938 0.465822623919104 3.71403609439961 0.000551860251442598 0.00137637872988253 -0.557852037334645
"F13A1" -2.44856384314658 1.66628805992448 -3.6775535181329 0.000616293861373287 0.00153102923829348 -0.661463123906688
"TAGLN2" -3.78580199360741 1.7896858980515 -3.67595004959401 0.000619285605528387 0.0015324283023075 -0.666004522293263
"HBe1" 1.68152877668999 0.355476418673161 3.6193691590114 0.000734252264468037 0.0018064254596485 -0.825571625955518
"P14923" 3.06836271720807 0.931804160540682 3.61869468462219 0.000735739054088215 0.0018064254596485 -0.827465658876132
"SeRPINA3-8" -3.44310064626835 2.76356503180944 -3.61545470468032 0.000742921500652142 0.00181699018182753 -0.836561361491647
"KRT17" -5.54617889785742 3.15566229471789 -3.60323524476392 0.000770619539827219 0.00187745532676052 -0.870825374351865
"BLVRB" -3.02231759259034 1.35086998416588 -3.58596018343147 0.000811471348132562 0.0019693785410448 -0.919156883086534
"IGFBP4" -1.8732909874538 0.316080397760248 -3.52883642629702 0.000961847158502681 0.00232538527592027 -1.07805636487518
"ANXA5" -1.88045358707183 0.794981727204845 -3.50269801804829 0.00103922482548814 0.00250286589650006 -1.15028652625206
"CFD" -2.30525144520899 1.75420206290034 -3.47056116285306 0.00114252664403433 0.002741195104128 -1.23867354099875
"RAN" -1.81020699213306 0.736928979129569 -3.45266560625677 0.00120422654070792 0.00287828389085869 -1.28768951342883
"LBP" -2.9063933789696 1.85962211188047 -3.43740019143184 0.00125935816672014 0.00299869812528457 -1.32938573461111
"P00747" 2.86967202768327 1.01723332705427 3.41706364372225 0.00133655129846792 0.0031705408621551 -1.38476637068248
"LYSM" -1.75788525605208 1.03729602438514 -3.39052591002989 0.00144407932140477 0.00341278671088544 -1.45674453520824
"FBLN1" 1.95366054715584 1.2055395696611 3.38073057979465 0.00148581120627642 0.00349830922074783 -1.48322879757212
"PeBP1" -2.21535056100592 0.681304612077119 -3.37919325091822 0.00149246410472205 0.00350091022334429 -1.48738125821437
"RAC1" -1.96760842109985 0.591880443610741 -3.37342754894974 0.0015176689167008 0.00354684846828965 -1.50294495826632
"LOXHD1" 1.19973028159103 0.305129942147082 3.355545321379 0.00159844136909574 0.00372183211771 -1.55111502097408
"DSG1" -2.53668744731717 1.03087995997917 -3.35171175965057 0.00161628133044889 0.00374953499821048 -1.56142177356427
"Q08188" 2.32002695244342 0.494699043019943 3.34700084290638 0.00163846337821462 0.00378707103169752 -1.57407770350172
"LTF" -4.09854580696155 2.26415786302272 -3.33795164193978 0.00168188689110534 0.00387325046820244 -1.59835857600163
"TLN2" 2.4816258094915 0.966455129892931 3.32600018271775 0.00174091447512226 0.00399460739564416 -1.63036629560623
"HSPA1B" -3.2460741237005 2.41794247840277 -3.32219631089225 0.00176011064184757 0.00400949391698851 -1.64053910756624
"HSPA1A" -3.2460741237005 2.41794247840277 -3.32219631089225 0.00176011064184757 0.00400949391698851 -1.64053910756624
"H2BC12" -2.19842779038331 0.94148834362549 -3.27182951873283 0.00203399267537238 0.00461672438187041 -1.77456994983032
"FLNB" 1.59202201088067 0.413331594768217 3.26352008789791 0.00208289004129345 0.00471076564894684 -1.79656192414689
"MYH11" 1.60657323312457 0.652544957969425 3.25995165460548 0.00210422865598657 0.00474202957831258 -1.80599569553815
"RBP4" -3.34390924521636 1.85734450256641 -3.25709127932616 0.00212148252220984 0.00476389847514024 -1.81355300833893
"JUP" -3.6164082438394 1.93676595742777 -3.23595483035158 0.00225319310990642 0.00504171933457785 -1.8692700380773
"H2B1" -2.14898530182963 0.855501407010386 -3.21914210048368 0.00236344685277486 0.00526973485548035 -1.91342883217735
"C5" 2.49007780685814 0.771532167322534 3.20953795759217 0.00242869778164947 0.005396155986693 -1.9385898941863
"H1-3" -2.01119885653917 1.0433624240056 -3.18822417570559 0.00257963643819083 0.00571140558771372 -1.99425985691258
"HP" -3.08831723501053 0.619022881242853 -3.15033880204511 0.00287002365227474 0.00633211512092784 -2.09263563499672
"KRT78" -3.06282451422227 1.21398713660327 -3.13557086120299 0.00299135529364321 0.0065768125097173 -2.13078064964842
"TUBA4A" -3.23171401885035 2.94213655683537 -3.13097960431524 0.00303005069612092 0.00663875690712605 -2.14261636255782
"KRT72" -3.74501171318879 1.78368945396979 -3.11670720845221 0.00315337167833013 0.00688504335303221 -2.17933791948451
"ACTA1" -4.73784554896686 2.17781526642366 -3.10313367123353 0.00327502439217906 0.00712600134987926 -2.21416128814104
"P02647" 2.48250090362304 0.803771327597334 3.09863185102145 0.00331633756455292 0.00719109623104088 -2.22568921658202
"P09210" 1.64816874438098 0.330527392169844 3.08434978507542 0.00345067138693819 0.00745675905876027 -2.26219000461809
"GARIN1B" -1.91072652824912 0.931787480834391 -3.06437381918178 0.00364715880908307 0.00785446146256455 -2.31305894924328
"C4A" 1.94661216225814 1.69571761681544 3.05428341167318 0.00375035873782669 0.00804923933186612 -2.33867228016753
"P08238" 2.21350439106585 1.08591880466753 3.04111630633817 0.00388915051671457 0.0083188270374471 -2.37201223388626
"H1-2" -1.99258584417625 1.01099196772226 -3.0317620919528 0.00399066312010401 0.00850712307022171 -2.39564020476234
"CSN2" -2.23231876413089 0.719409121077165 -3.02818903382384 0.00403008985698296 0.00856224478032407 -2.40465280301299
"F12" -2.19549789447712 1.40352742793015 -3.00629640125317 0.00427974723772754 0.0090621493523694 -2.45972086671508
"FKBP4" -1.75019671089433 0.307773610383954 -3.00108930559707 0.0043412234420958 0.00914046685232736 -2.47277965236088
"COMP" -2.89662702319106 2.11674356416753 -3.00071239137369 0.00434570531806372 0.00914046685232736 -2.47372432548675
"PROC" -2.59422658044097 1.68102634411129 -2.99731144824764 0.00438634216789854 0.00917241792714658 -2.48224465993377
"PGK2" 1.20135393991686 0.431077244658023 2.99700937955249 0.00438996864342039 0.00917241792714658 -2.48300111766014
"RGN" -1.85112351202966 1.02697867734299 -2.96941387853578 0.00473335907803142 0.00985725933411823 -2.55189264849916
"GSTA2" -2.76083226326207 1.47844549928175 -2.96390643942753 0.00480483122103625 0.00997318585682194 -2.56559077550323
"ACTC1" -4.27628413206731 3.14765073265295 -2.9625544819455 0.00482252961076473 0.00997710224390998 -2.5689507608595
"FLNC" 1.24553764953152 0.271711608969947 2.92188728968531 0.00538424942125765 0.0111028149830509 -2.66953612527401
"TBA1B" -3.01662337004477 2.81683154113251 -2.90822390970562 0.00558628177926976 0.0114819016375219 -2.70311916727809
"CPN1" -3.03704950127887 2.23358421359915 -2.87551431267881 0.00609898190465203 0.0124906186632863 -2.78307831624083
"GSTA1" -2.25592674275403 1.18884112702396 -2.87443383360405 0.0061166421029405 0.0124906186632863 -2.78570897525094
"HNRNPR" 1.32707683891228 0.274976810390274 2.8426745875787 0.00665747674257289 0.0135255014947435 -2.86272867615293
"S100A12" -1.40595981132833 0.286516449992109 -2.84217700321495 0.00666629312973887 0.0135255014947435 -2.8639306598428
"IGF2" -1.82408295162181 0.705943254415119 -2.83640021801208 0.00676944485770602 0.0136725163026298 -2.87787458655182
"CSN1S1" -2.01532633951062 1.04968891000601 -2.83569778983163 0.00678208811842018 0.0136725163026298 -2.87956875419505
"NACA" -2.02366534847377 0.816083855863542 -2.81812293886794 0.00710564685233752 0.014279182050398 -2.92186191679463
"eZR" -2.68276975496702 1.29807461408825 -2.81341479516321 0.00719472454936742 0.0144122894941297 -2.93316070884179
"RPS25" -1.65951875310169 0.528543909319453 -2.80792040985541 0.00729998622232933 0.0145768712224361 -2.946329646406
"P31946" 1.07280346567844 0.416300648724564 2.80290252249034 0.00739736409644094 0.0147247215926001 -2.95834076190839
"P08727" 2.40893406193658 1.29650660735389 2.78340331257246 0.00778730254545684 0.0154521632269914 -3.00487195087742
"CAPNS1" -1.68881431599675 0.739184125827107 -2.74942571217017 0.00851252571343043 0.0168382561917699 -3.08540459618338
"NeFH" 1.75487713908334 0.384919047854502 2.74412558972516 0.00863112079836579 0.0170194913242776 -3.09790349115676
"Q14624" 2.2921513653952 0.627085872180991 2.7383696650296 0.00876164119577898 0.0172230392353163 -3.11145781963875
"KRT24" 1.66206062626447 0.307843755544185 2.72635650186038 0.00903993671314606 0.0177149070372521 -3.13968156568265
"MST1" -2.03383442633138 1.60785553826297 -2.71484726465795 0.00931418202571053 0.0181958168985243 -3.16663811694449
"Q13509" 2.15495215525843 0.919595553811429 2.69826686705223 0.00972275825554193 0.0189353717877992 -3.20532823470207
"PPIA" -2.20646120858783 1.35382875730019 -2.69013437613276 0.00992913377400803 0.0192777951119971 -3.22424290612558
"ACTG2" -3.45322345005374 1.10752783647369 -2.67712383722571 0.0102676936331846 0.0198131947478272 -3.25441725772233
"ACTA2" -3.45322345005374 1.10752783647369 -2.67712383722571 0.0102676936331846 0.0198131947478272 -3.25441725772233
"Q14533" 1.97557825470438 0.451527797045678 2.67035732058121 0.0104479365915285 0.0200995365526052 -3.27006846806533
"PGLYRP1" -2.45675013047792 1.52650722953648 -2.66482294035381 0.0105975149673896 0.020325325059036 -3.28284834395167
"CCN2" -1.71264013146695 0.732630820155657 -2.65625426869413 0.0108329853134487 0.0207139810084429 -3.30259694145926
"FGG" -3.09839561443139 1.88977614221664 -2.62138510781299 0.0118415665280848 0.0225741041668323 -3.38248243418798
"HSPA6" 1.65275732460361 0.711514689119529 2.59548506276982 0.012645610472829 0.0240342777360093 -3.44131787866496
"KRT222" -1.72956585138322 0.871570823600914 -2.55629641153474 0.0139573937756215 0.0264331562297628 -3.52951775574486
"P13929" 1.62485443911414 0.395447519903641 2.55532136628477 0.0139915597159125 0.0264331562297628 -3.53169951889719
"HSPA8" -2.71146196596531 2.18840594973386 -2.54783488824297 0.0142564391312923 0.0268531734084938 -3.54843058974933
"CL43" -1.96905326516052 0.940884828078096 -2.5365292802239 0.0146651102253079 0.0275407278338372 -3.57362726643723
"PSMe4" -1.60815481074654 0.337757591140528 -2.53077914627353 0.0148770301178104 0.0278558041671761 -3.58641033768656
"H2A1" -2.02232643256095 1.08487554912278 -2.52630095168031 0.0150439991021974 0.027919892451431 -3.59635070418466
"H2AJ" -2.02232643256095 1.08487554912278 -2.52630095168031 0.0150439991021974 0.027919892451431 -3.59635070418466
"H2AC20" -2.02232643256095 1.08487554912278 -2.52630095168031 0.0150439991021974 0.027919892451431 -3.59635070418466
"UBA52" -1.723454235993 1.27572881511371 -2.51735839467036 0.0153825320541645 0.0284644508099056 -3.61616116978193
"AHCY" -2.39737642268709 2.07720855762668 -2.51430686678037 0.0154996273559143 0.0285972656771402 -3.62290913869754
"P61284" -1.03822238880439 0.272669072133968 -2.50956802818751 0.0156830758433238 0.0287894672581111 -3.63337611263232
"P27348" 1.03618486427891 0.290054174300835 2.50926045834592 0.0156950502960225 0.0287894672581111 -3.63405494769669
"PLeK" 1.0098133286407 0.356570434842956 2.49882866803956 0.016106136355194 0.0294578899713839 -3.65704171082328
"COL3A1" 0.746776478688668 0.302753326489726 2.48608720118432 0.0166214883223106 0.0303125986456011 -3.68501972219535
"BPT2" -1.76824007896658 0.60882521501471 -2.48411105177274 0.0167027436735667 0.0303730007435753 -3.68934929850486
"AMY2B" 1.44961741000078 0.74822742113586 2.4651369479409 0.0175014471168491 0.0317339457779649 -3.73078691107379
"P00751" 1.67604563873008 0.338174304148422 2.46305422815649 0.017591192190474 0.0318052787168742 -3.73532065550728
"KRT86" 1.94898141180991 0.501964950096177 2.45801202436008 0.0178101900513008 0.0321092283496309 -3.74628463064064
"O75083" 1.0225171214825 0.280586141774954 2.36616110992075 0.0222554621799149 0.0400091072237216 -3.94298279921114
"KRT15" 2.70857389858249 0.898171136215576 2.35710092281321 0.0227439700027592 0.0407711507719917 -3.96207076513174
"AMY1A" 1.45798462595365 0.755503261094872 2.34428074546645 0.023451651235333 0.041684484308437 -3.9889826678183
"AMY1B" 1.45798462595365 0.755503261094872 2.34428074546645 0.023451651235333 0.041684484308437 -3.9889826678183
"AMY1C" 1.45798462595365 0.755503261094872 2.34428074546645 0.023451651235333 0.041684484308437 -3.9889826678183
"eNO3" -2.58954068302353 0.800492843654084 -2.3266328647835 0.0244581020380096 0.0431846524590293 -4.02584096948538
"MYH10" -2.53400081085081 1.59849695958135 -2.32564777184432 0.0245154042347161 0.0431846524590293 -4.02789194264045
"RPL30" 0.730388997865246 0.316838166991133 2.32517243643683 0.0245430971266294 0.0431846524590293 -4.02888135186155
"FeRMT3" -2.15144417896289 1.78631223336103 -2.32472143596176 0.0245693981502242 0.0431846524590293 -4.02981996126861
"P37802" 0.86329866309673 0.354293361291635 2.31480510134671 0.0251540987237939 0.0440895452630943 -4.05042141025075
"HSP90AA1" -2.56994090587839 2.00619567514892 -2.31258434492049 0.0252867349415728 0.0441992513798683 -4.05502560213622
"RPS27A" -1.85624196752811 1.43074905315533 -2.30601365596017 0.0256828424885173 0.0446710507344128 -4.06862793431594
"P11021" 1.40653416187147 0.437578763486024 2.30576002107856 0.0256982431324752 0.0446710507344128 -4.06915238630822
"SeRPINA3-6" -3.18511472232509 3.76802438787071 -2.28743750475621 0.0268328374304541 0.0465151659852102 -4.10691819837816
"SeRPINA6" -2.4910244622873 1.96150691123315 -2.26633362871673 0.0281948505219965 0.0487423306284379 -4.150121216139
"F9" -1.83332815053579 1.26479360370761 -2.26505759679745 0.0282791431175822 0.0487544789814053 -4.15272326971146
"P04272" -2.50504328811222 1.21847887840817 -2.2501446366753 0.0292810208598679 0.0503442075274567 -4.18304696819167
"SPON1" -1.46692293862215 0.468705315670895 -2.21503188229923 0.0317654778661804 0.0544674362324995 -4.25381233580134
"CFL1" -1.44006855560628 0.963123840118628 -2.19914380908938 0.0329497678355294 0.0563449959463931 -4.28553926051796
"CSN1S2" -1.58514124903248 0.825354632457218 -2.19234399992525 0.0334684407443752 0.0570772597559479 -4.29906162076677
"KRT33A" 1.69265827935987 0.335776781552413 2.1859837545276 0.0339601007327293 0.0577596322435368 -4.31167927559015
"KRT33B" 1.71613918533076 0.421834264019887 2.16338779986997 0.0357587638088842 0.060655322482274 -4.35626604180383
"LDHA" -2.33951331110012 1.61294037748063 -2.15926403959576 0.0360959279180969 0.0610630844941531 -4.36436261357616
"TIMP3" -1.04425013472258 0.303581002833819 -2.15133098577634 0.0367524244966012 0.0620074327736774 -4.37990305419802
"Q86Y46" 1.90492650423387 1.05126095261204 2.14054226984821 0.0376620866110127 0.0633727377374641 -4.40096292485901
"CATHL4" -1.47343034797281 0.921576588262768 -2.13764813119417 0.0379094504194528 0.0636193170603052 -4.40659769528841
"OGN" -1.41204224260112 0.903564955960522 -2.12541804819993 0.0389705885881363 0.0652266350109125 -4.43034049086552
"RPS4X" 1.09062614114848 0.513292028294379 2.11633401260521 0.0397755414027792 0.0663977953046394 -4.44790367461772
"PFN1" -2.14890913684719 1.79396376116169 -2.10633257663133 0.0406786059809796 0.0677261223588341 -4.46716933093292
"B4GALT1" -1.53721516058421 0.604090201189785 -2.09391772736033 0.0418245168002442 0.0693961444634204 -4.49097975262642
"APOB" 1.96359885106512 1.56865439369341 2.09309296373277 0.0419016339787055 0.0693961444634204 -4.49255746967886
"LDHB" -2.11694864545207 1.58525526685111 -2.08808764465753 0.0423723133941234 0.0699919627007641 -4.50212134237431
"P05089" 1.10320258493346 0.390389495787338 2.08049109483491 0.0430954858226022 0.0710006567991175 -4.51660037540825
"HSPA2" -2.10174510467532 0.692878943111484 -2.07828341645797 0.0433076617553812 0.0711644129365769 -4.52080005961854
"MYLK" -1.62851435736581 0.407756496006438 -2.06493831296881 0.044609745287528 0.0731136344842343 -4.54610820772636
"P02675" 0.775747096012323 0.361465457081215 2.05424008678124 0.0456780783726647 0.0746706410703405 -4.56629939136865
"CDH5" -1.79254582128838 0.991980297507352 -2.04935737024188 0.0461730254259517 0.0752847003715129 -4.57548587306981
"P18065" 0.843156146496647 0.31297054960441 2.04323040446133 0.0468006920771097 0.0761114347955057 -4.5869876799767
"LASP1" -1.45233795656033 0.588559131748599 -2.02704870235924 0.0484941706786558 0.0785632854456032 -4.61722712532463
"IQGAP1" 1.55686285276402 0.787962784654897 2.02645464818531 0.0485573396573459 0.0785632854456032 -4.61833345498933
"CLIC1" -1.06363404956832 0.656642505144377 -2.02469961743557 0.0487443785721298 0.0786642017366084 -4.62160033876588
"P63000" 1.11712151317982 0.56948871392229 2.01831135836521 0.049430479813935 0.0795679407209004 -4.63347178691193
"ARFIP2" -1.36876134385628 0.436516442761799 -2.01179419562018 0.0501390324795592 0.080503128484992 -4.64555054746445
"RPS4" -1.49938772449739 0.663552093265655 -2.00856504983085 0.0504933549540418 0.0808662613604071 -4.65152329423436
"CSRP1" -1.10693661110095 0.533260908749307 -1.99514662635059 0.051989015439953 0.0830508069433173 -4.67625659985876
"FAM124B" -1.25804865609656 0.542232326333978 -1.98738558749264 0.0528714398911955 0.0842471681094555 -4.69049867072017
"P19827" 1.56426788800388 0.489176403833407 1.97906073489609 0.0538323108495211 0.0854996851663979 -4.70572364109362
"Q32LP2" -1.69768241102615 0.846657908552228 -1.97812464880003 0.053941291793779 0.0854996851663979 -4.7074322549176
"RAP1BL" 1.16382300008534 0.558280460192407 1.97601131400944 0.054188029934583 0.0854996851663979 -4.71128717437156
"KRT80" -1.90151710557223 1.37415635638299 -1.97591341506791 0.0541994834652285 0.0854996851663979 -4.71146566728832
"KRT35" -2.29849572821643 1.03842056043664 -1.97086203381668 0.0547932997227437 0.0862208781173348 -4.72066544595603
"DDBX" -1.47492830203629 1.09075362379658 -1.96322435284847 0.0557017877154508 0.0874324080807201 -4.73453788527467
"RAB8A" -0.783312422547099 0.302377082886402 -1.93841512650471 0.0587427497487124 0.0919768612690757 -4.77928585292728
"UBC" -1.68287038517806 1.09692025673344 -1.9289481600164 0.0599401310048108 0.0936193630297912 -4.7962344625341
"H2AZ2" -1.47718862889614 0.622406535074498 -1.92425892634241 0.0605409275828604 0.0943242600118146 -4.80460352394182
"CFL2" -1.24250824136587 0.374442757648552 -1.90917622594686 0.0625084333143875 0.0971498064565974 -4.83140501974346
"PGK1" -1.8912595008209 1.44964417635107 -1.90069193366195 0.0636390111595256 0.0986639214782817 -4.84640258054864
"RAP1B" -1.59317601931543 1.39753022001263 -1.89357600822576 0.0646006562755455 0.099909348308503 -4.85893745673677
"K2C4" -2.43610175034005 1.07211431784201 -1.84598137789084 0.0713561485691232 0.110087358794906 -4.9417427785806
"H2AZ1" -1.5041936960794 0.669371869306268 -1.8359065445655 0.0728604274607459 0.112133974945685 -4.95903912165613
"RNASe4" -1.32340724503928 0.790744822982162 -1.82497326108915 0.0745231231767846 0.114413846045136 -4.97771705843971
"LGALS3BP" -1.22439217536271 0.705418077214483 -1.81023896689153 0.0768144164928954 0.117407999705879 -5.00273625499088
"C4B" 2.007637647995 0.648270272682259 1.81004170943627 0.0768454895063835 0.117407999705879 -5.00307001511909
"B4GAT1" -0.874714685463632 0.601513335851212 -1.80350045981877 0.0778819106018697 0.118704071472898 -5.01412001864609
"HSPA5" -1.25585688431473 0.826080446789921 -1.77492192788492 0.0825488562509625 0.125514044082789 -5.06199054736563
"COL10A1" -1.03515354415115 0.836743477537966 -1.7707034370206 0.0832571962320197 0.126286756784626 -5.06900051448421
"CATHL1" -1.12730712086776 0.572803420151975 -1.7621666576047 0.084706197908418 0.128176524892594 -5.08314189174949
"P05786" -2.4378846506311 1.54148494534518 -1.75395573922518 0.0861197099881754 0.130003677039566 -5.09668731813842
"GDI2" -1.02167832618462 0.851446839452645 -1.73585814639052 0.0893047931698667 0.134490034582783 -5.12634769258853
"GFAP" -1.64587706326947 1.07772854627193 -1.7284312636917 0.0906399553724294 0.136175742476197 -5.13844188615299
"HSP90AB1" -1.65836360967125 1.67089272268817 -1.7176942214769 0.0925994828517037 0.138789248644715 -5.15584617767197
"IGKC" 1.40136982757268 0.647521334386395 1.69930921890373 0.096036294576881 0.143599293549791 -5.18542648614329
"GPX3" -0.779512022603318 0.481329126730382 -1.67164737521605 0.101405377417739 0.151269014540409 -5.22940464247754
"MDH1B" -1.80068197214243 1.30473120409333 -1.63187843410862 0.10955472231198 0.163040164572781 -5.29151258026985
"TRAP1" -1.24830780477573 0.607607333279489 -1.60637736018547 0.115056299449098 0.170824764593837 -5.33063907497294
"APOM" 0.98539678122959 0.449846401681055 1.58342438497825 0.120198150914212 0.178039984100628 -5.36538597516194
"SeRPIND1" 0.92313508315807 0.688028441939677 1.5813360578417 0.120675055065837 0.178327774582068 -5.36852516780232
"COL1A1" -1.46226411893621 1.249747684195 -1.56989867547127 0.123314161805016 0.181801953502254 -5.38565216820665
"KRT40" -1.18700415985414 0.28844792166748 -1.56059296424561 0.1254955739622 0.184586730000345 -5.39950487422899
"CDH1" -1.01439418035315 0.600999147693407 -1.54926550741527 0.128192716533316 0.188115358447726 -5.41626744394866
"CALD1" -0.999283066215908 0.613608729397705 -1.54610453686755 0.128953616012222 0.18879288098309 -5.42092552491084
"MSN" -1.90564014184766 1.31140299204594 -1.53361610373961 0.131995299634159 0.192798689974894 -5.43924507130723
"THBS2" -1.30217447965723 0.556608593747009 -1.5232899226585 0.134553482267783 0.196081402565753 -5.45429168676465
"F11" -1.1323195952099 0.767003666770929 -1.50569532583226 0.139003364935327 0.202099362382929 -5.47971800567823
"RAB1B" -0.906780719298457 0.359511205731281 -1.488551039705 0.143451191343258 0.20808667066114 -5.50423658164196
"PRDX6" -1.14328263584465 0.846047017692961 -1.4728138893721 0.14763252764732 0.21366083703087 -5.52651874259164
"HP252" -0.728369067885721 0.395237456647379 -1.43085342111423 0.159252099001792 0.229949827162771 -5.58487714246312
"PROS1" -1.72455812632903 2.03387790338065 -1.39597016474076 0.169445838522534 0.244110329013057 -5.63221955344695
"C1S" -0.92951721169996 0.664569223577313 -1.38748011488287 0.172001764902533 0.247228049324598 -5.64357996289776
"P02751" 1.48249701212204 0.622009498720353 1.37950016190637 0.174431197201153 0.250150194168018 -5.65419981397078
"TUBB6" -1.40096541039018 0.781667074279942 -1.36890388605519 0.177697944171472 0.254257149143307 -5.66821449389665
"HNRNPK" -0.775124661228306 0.431388864781368 -1.36449246892173 0.179071741893567 0.255643142839006 -5.67401974521647
"ARHGDIB" -0.529456037081683 0.279676009478865 -1.32751748377183 0.190908915704767 0.271926694830041 -5.72199783801738
"LOX" -0.720576535397216 0.69202037673911 -1.32151467003314 0.192885571588931 0.274123413677062 -5.72967209921719
"GPLD1" -1.26740951596936 1.27736996011665 -1.31879300575572 0.193786885575713 0.274785448984887 -5.73314099225339
"COL1A2" -0.983960319273768 1.33481183586698 -1.31120931957866 0.19631516720483 0.277746346426564 -5.74277183920939
"TUBB4A" -1.4145121114986 0.741573985655821 -1.2542288386946 0.216114803112415 0.305074811552425 -5.813483222561
"P0CG53" -1.04231666613839 1.03241699431888 -1.23161256484448 0.224372721241776 0.316024971213305 -5.84073782452862
"HMGCR" -0.769233074930915 0.299332174844075 -1.22402390117894 0.227195148007123 0.319287613346313 -5.84977898823284
"P02753" 0.706724921360547 0.304305999228133 1.21574931120551 0.230302392172363 0.322935132135024 -5.8595777756118
"KRT83" -1.25742410252225 0.457778587254636 -1.2116937714008 0.231836662623785 0.324365707573411 -5.86435762836742
"SPP2" -1.05683006044742 0.907685424247359 -1.21031023555404 0.232361785834009 0.324381165622256 -5.86598483899018
"PPIe" -0.817954589721543 0.534199470938428 -1.19826949804063 0.236968713528159 0.330082247762181 -5.88007266395404
"CATHL2" -0.53991520341547 0.348458948683919 -1.18807560065744 0.240920853994557 0.334848147291995 -5.89189634946057
"CRYZ" -1.07919362870342 0.771489576565082 -1.18423793247588 0.242421062899067 0.336192726789695 -5.89632300129605
"FTL" -0.76023395495291 0.686434797671335 -1.1659952921375 0.249645234087867 0.345452067345272 -5.9171812570245
"CTSC" -0.700571881956292 0.512298981811556 -1.16342732931125 0.250674510633699 0.346117322122241 -5.92009294787786
"P80209" -0.534206090905354 0.368808821772609 -1.14582408078291 0.257812577511473 0.355195931025632 -5.93988956265892
"SePTIN7" -0.630870075545423 0.378903709138505 -1.13536112551506 0.262123674787019 0.360348668389127 -5.95152129629837
"YWHAG" -0.7922025254129 0.468170897201404 -1.12865649939677 0.264913117477449 0.363391689409283 -5.95892190030862
"IGF2R" -1.05534171126211 0.877479878395385 -1.11393239501514 0.271113025449266 0.371089629194115 -5.9750290130199
"KRT81" -1.22776679979024 0.615608932666368 -1.10470937586372 0.275048511014182 0.375661494480409 -5.98501637288803
"LeCT2" -0.724916558546635 0.40535114520609 -1.05038808861833 0.299044063520236 0.407552492616131 -6.04223986785136
"PKP1" -0.730268785164794 0.315565674847234 -1.02998866966447 0.308417623749525 0.419421380573168 -6.06301999983461
"B2M" -0.521239841166948 0.513877245340613 -1.01755110145212 0.314230215837121 0.426407024071448 -6.07549890650589
"GNPTG" -0.460801463885366 0.334506007324156 -1.01387774548649 0.315961074568228 0.427835703975433 -6.07915678016428
"TIe1" -0.463361756907011 0.329321550699608 -1.01019406292877 0.317703280808893 0.42927359783814 -6.08281224482125
"C4BPA" -0.885622159027055 1.09352212121896 -1.00381958624773 0.320733443358482 0.432441886237612 -6.08910784615806
"PF4" -0.730089363541978 0.493140774575256 -1.00092348734901 0.322116553790858 0.43338069390625 -6.09195552104229
"TUBB4B" -1.13351658853498 1.99452773543662 -0.994444837419788 0.325225146032709 0.436138923170517 -6.09829734739441
"KRT10" -1.93560865742031 1.86919749840774 -0.993772244037426 0.325549021891147 0.436138923170517 -6.0989534783355
"ACTN4" -0.629338186962829 0.364055589207912 -0.938495509108736 0.352907041348768 0.471359505664925 -6.15142155125935
"IGFBP6" -0.546067829489297 0.599377808165143 -0.937657835209006 0.353332878255958 0.471359505664925 -6.15219448335825
"Q3SWY2" -0.701478597510792 0.975216442046511 -0.926072327248654 0.359256839331417 0.478251193287182 -6.16281647175493
"DSC1" -0.602101373161018 0.453335524236637 -0.90534602783801 0.370014557597128 0.491535128092185 -6.18150173117
"KRT74" -1.1285203929866 0.857335682092491 -0.902368355647417 0.371576900576712 0.492573580386355 -6.18415268328781
"OMD" -0.53784807913507 0.579161880070687 -0.885189448303542 0.380672774927457 0.503573419243659 -6.19928209181116
"ARG1" -0.677821372117107 0.789853158760867 -0.852920636837545 0.398136553709366 0.525573567762782 -6.22694121382482
"COL2A1" -0.508019142052441 0.598477585239702 -0.831097165091347 0.410225478395386 0.540401413084528 -6.24508339505194
"VASP" -0.479674077536238 0.502140227184709 -0.829144755265058 0.411317877699945 0.540711626726386 -6.24668424774362
"YWHAe" -0.592790691496429 0.894440115061187 -0.819516045152597 0.416731307411641 0.544786305630648 -6.2545257506662
"SeRPINA3-1" -1.1701972571129 3.84999949266226 -0.819356078141899 0.416821608808614 0.544786305630648 -6.25465527521854
"CD44" -0.458857597004519 0.274022207389356 -0.819026693211273 0.417007584183206 0.544786305630648 -6.25492189938701
"CRYZL1" -0.885939432692091 0.725116975696209 -0.814264949561805 0.419701774471075 0.547173181180266 -6.25876471650074
"TUBA1D" -1.12531147854444 1.70209257780935 -0.811087451547627 0.421505465839909 0.548391647309242 -6.2613169143432
"CAP1" -0.837985163532813 1.32920007249191 -0.802925779923633 0.426159874710672 0.553306339387724 -6.26782802304035
"TUBB3" -1.0076901890233 1.54141251624483 -0.794608751111333 0.430934601400721 0.558356742266642 -6.27439723210439
"ARF1" -0.406163734325916 0.648213854274732 -0.763965940587877 0.448800814559986 0.580314168006867 -6.29802601989887
"P08603" 0.657907768212893 0.361869046592644 0.759922677238729 0.451190259522585 0.582210743882926 -6.30107621241134
"IGHA1" 0.611288652988027 0.533600844183805 0.741448133417462 0.462202318565955 0.595203393908403 -6.31481236874009
"HABP2" -0.466552989108006 1.13805930585204 -0.736304945932316 0.465295360222101 0.597966135030847 -6.31857772603021
"RAP1A" -0.557838997011453 0.599993751912971 -0.682081274067063 0.498618564784798 0.639488443860179 -6.35671578441987
"CNTN1" -0.50328132543023 0.660028748805807 -0.678703961227619 0.500736641367126 0.64090227323054 -6.35899678308447
"ARF3" -0.366015208358467 0.662656135431604 -0.657101693614583 0.514400240425589 0.657057796980863 -6.37332415647857
"MAML2" -0.462847658019148 0.395914935966484 -0.652077491050486 0.51760656059927 0.659817656036645 -6.37659123446709
"HSPA1L" -0.668637711602163 1.39618597961092 -0.650227460654673 0.518789889482003 0.659992782788596 -6.37778805154757
"GPI" -0.462814561498814 1.05996408749265 -0.642125004677539 0.523989395127188 0.665266213934116 -6.38299035225709
"CD14" -0.523070589203212 0.896772712450706 -0.586206260455786 0.560611539059756 0.710333094672101 -6.41714496531601
"TUBB2B" -0.667362798389452 0.765486657853197 -0.576137677523429 0.567339307625315 0.717417040303756 -6.42296953943484
"FMOD" -0.462284095026166 1.06522880756232 -0.566198573933566 0.574019505969086 0.724412616532987 -6.42862167761821
"HP20" -0.346758427033112 0.680981753881348 -0.547060846719436 0.586989571930312 0.739302235305442 -6.4392316632966
"UTP15" 0.515001274724845 0.509960648013274 0.529389046942169 0.599089287702017 0.753038526972057 -6.44870920996921
"APCS" -0.45905809321466 0.693876707081285 -0.517040854033234 0.607612695667235 0.762233819017943 -6.45514924197987
"POSTN" 0.344013808138319 0.858096457429997 0.506803226042106 0.614721367918998 0.76725018760781 -6.46037464609918
"AOC3" 0.358892420762423 0.499763080736666 0.50608370845787 0.61522239697179 0.76725018760781 -6.4607380109108
"VCL" 0.41274007770954 0.917727114954689 0.504122190264977 0.616589222232083 0.76725018760781 -6.46172600814482
"GSTP1" -0.261206312687348 0.538057025454663 -0.503866554980313 0.616767455326045 0.76725018760781 -6.46185448967818
"CKB" 0.205017665458448 0.278064743634779 0.502542304348349 0.617691117757159 0.76725018760781 -6.46251902259732
"GGH" -0.323978110591833 0.577545365003286 -0.494377830630208 0.62339957975191 0.771436397625274 -6.46657789936727
"CORO1A" -0.271544710003458 0.546552496626269 -0.49422531731846 0.623506438651172 0.771436397625274 -6.46665309399582
"AOCY" 0.243236438270877 0.299076449280129 0.472470004014479 0.63883232418975 0.788851656680493 -6.47714401673162
"FAP" 0.306771038925096 0.55780279319837 0.457035643938848 0.649803285717258 0.800831783764824 -6.4843032943373
"COL6A3" 0.21590902159365 0.260466421892031 0.454912067542026 0.651318983104147 0.801135045494575 -6.48526988934587
"CST3" 0.149544601846091 0.296271887536228 0.451676798463641 0.65363101107291 0.802414723710129 -6.48673392243704
"PRDX2" -0.270121630729803 0.559004630605749 -0.444130153342694 0.659037423274456 0.807480804050838 -6.49010869891687
"AOCX" 0.387408712110434 0.648107272474439 0.422997826045496 0.674274074092851 0.824393155440008 -6.49925883767999
"LRP1" 0.224974014388085 0.614868001325349 0.421369918477486 0.67545366301503 0.824393155440008 -6.49994535763574
"UTRN" 0.183589042680248 0.277898308571694 0.413019622043941 0.681517219971974 0.830187964869335 -6.50342554494359
"WDR1" 0.212938482425499 0.49446527816826 0.393025324637477 0.696122049230757 0.845900589421358 -6.51147762761253
"GALK1" 0.143548088110807 0.276395954789196 0.391696152026127 0.697097157684796 0.845900589421358 -6.51199884899121
"ACTN3" 0.198002380001934 0.28601249898022 0.385113701895776 0.701933772484846 0.850134760917347 -6.51455423904074
"P12814" 0.289872490399188 0.537805322538134 0.383245204218628 0.703308982719791 0.850168521257066 -6.51527177401493
"ARF4" 0.154481282444356 0.30652531458429 0.377384287631965 0.707629095383618 0.853755180089986 -6.51749997017654
"IGFBP5" -0.244495333860639 0.517686905947146 -0.354314283391304 0.724727555111855 0.870835329079197 -6.52593909132477
"ACTBL2" 0.231324268679248 0.466625960054164 0.353579537067857 0.72527450901 0.870835329079197 -6.52619917109513
"eeF2" 0.222134607455648 0.411835233384375 0.352704451308981 0.725926122180123 0.870835329079197 -6.52650822659911
"Q0VCM4" 0.273942640602756 0.998684414612892 0.335634989583233 0.738676965534971 0.881587540824683 -6.53238431724179
"PGM1" 0.162278098412309 0.393637497378766 0.334163068175289 0.73978003207983 0.881587540824683 -6.53287744083824
"PFKL" 0.145696583080513 0.353274024389126 0.333634644001275 0.7401761713146 0.881587540824683 -6.53305394759079
"HSP90B1" 0.151262767997571 0.401908665735753 0.333232555609322 0.740477649187135 0.881587540824683 -6.5331880688435
"ACO1" 0.167897906008849 0.368919030414894 0.32851566597635 0.744017342375109 0.884133602709405 -6.53474942333404
"PCYOX1" 0.175006093859912 0.410504855434628 0.319432590630489 0.750849251138322 0.890110521812214 -6.53769363890197
"BRN" -0.213559071674606 0.463884710841 -0.316486654129501 0.753069432648901 0.890110521812214 -6.53863089667688
"UBA1" 0.136220556053907 0.371507614924474 0.316208790104593 0.753278951898133 0.890110521812214 -6.53871885371453
"MAPRe2" 0.135434530246032 0.42282012260482 0.307953067658236 0.759512556293713 0.894261455911944 -6.54129708291063
"MAN2B1" 0.147130710755984 0.257721982999801 0.307802742168389 0.759626212945804 0.894261455911944 -6.5413433993971
"POTee" 0.176140349021176 1.22222899345803 0.29972040858347 0.765744860180521 0.899785859914169 -6.54380047288675
"CHI3L1" -0.18916798605824 0.759499594345939 -0.297826192579933 0.767181059603157 0.89979785986913 -6.54436690636075
"CA2" 0.14183277198782 0.345645323777982 0.294962839297599 0.769353628884636 0.900671873518006 -6.5452163534713
"PGAM1" 0.124372650066793 0.402911325504952 0.28606166026023 0.776119280351473 0.904676730010915 -6.54780478274178
"YWHAB" 0.194029718928946 0.691992842911427 0.284915387160555 0.776991834505399 0.904676730010915 -6.54813237160072
"TUBB5" -0.324564516314512 2.02978074745611 -0.284805189679763 0.777075733226491 0.904676730010915 -6.54816379545104
"CAPN1" 0.152649893884023 0.388832623725532 0.281215147463119 0.77981047119156 0.906188595436232 -6.54918090446615
"HPD" 0.146624910578831 0.415668077339158 0.275135884724462 0.784447797278426 0.90990176485788 -6.55087392332025
"ANG1" -0.135056046259515 0.327357710119103 -0.269782916502085 0.788537660158627 0.912967456073566 -6.55233414493937
"SeRPINA3-3" 0.311895512201464 0.50964773980268 0.260495202269511 0.795648055769686 0.919512679836395 -6.55479985855711
"FTH1" -0.093936586956846 0.282484824372127 -0.256218147208892 0.798928385886977 0.921615743134703 -6.55590637779574
"Q32Le4" -0.13316938973547 0.358614391703744 -0.245026033670706 0.807529510401038 0.928648547389384 -6.55871545427603
"IGHG1" -0.23049249949682 0.493334150531808 -0.242766195242668 0.809269151311339 0.928648547389384 -6.55926746397923
"COLeC11" 0.122032405534372 0.487477162491397 0.242544201121585 0.809440096773631 0.928648547389384 -6.55932141520827
"PYGL" 0.0913649685551486 0.289094199092255 0.232844765507424 0.816918157558827 0.934815722590811 -6.56163059936307
"ACTN1" -0.206100424859345 0.758090282966487 -0.231730213506395 0.817778571901945 0.934815722590811 -6.56188992405244
"eIF4A1" 0.0924316327054593 0.281091213558205 0.223663057569052 0.824012971821308 0.938975140337568 -6.56372991196427
"TUBB2A" 0.159510236632253 0.306442143454817 0.222057078177825 0.825255477106557 0.938975140337568 -6.56408844673472
"PYGB" 0.112424790843526 0.383107542668964 0.221248192802608 0.825881462579002 0.938975140337568 -6.5642680540879
"CATHL3" -0.140835769766364 0.337409403174493 -0.212991976274116 0.832277308156922 0.944544930660104 -6.56606388029978
"RASA1" -0.125375751877969 0.310522415542501 -0.210144569128663 0.834485796293154 0.944914584482718 -6.56666742080798
"ARHGeF9" -0.139227507350592 0.399278493642343 -0.208711262604731 0.83559800022402 0.944914584482718 -6.56696815905261
"GDF6" -0.1168812753084 0.295749412812816 -0.205029687922723 0.83845634601126 0.945247013608862 -6.56773121674008
"ACO2" -0.115241375316955 0.361765483052936 -0.200036072936659 0.84233686372177 0.945247013608862 -6.56874455146896
"YWHAQ" 0.148949677980273 0.514867348909609 0.199073492179083 0.843085339371466 0.945247013608862 -6.56893701712682
"PRDX1" -0.133539408609874 0.546049595625712 -0.198723692421913 0.843357370110681 0.945247013608862 -6.56900672914684
"KPRP" -0.153021559769934 0.531270244173194 -0.193429987435564 0.847476493500557 0.945247013608862 -6.57004677661994
"SULT1e1" 0.118678422479342 0.516658063393535 0.191457661995257 0.849012301767914 0.945247013608862 -6.57042710904181
"TCN2" -0.11666003102911 0.440545433393437 -0.189561547905701 0.850489324284046 0.945247013608862 -6.57078907628904
"P01009" -0.168119367474554 0.384859138319171 -0.186657880445166 0.852752253124038 0.945247013608862 -6.57133641325621
"IGHG3" -0.164587294159132 0.378716402118438 -0.184430143079118 0.854489256346728 0.945247013608862 -6.57175061971008
"P62258" 0.0865771058281087 0.499107347535886 0.183657363184555 0.855091976154542 0.945247013608862 -6.57189314376852
"P02787" -0.187330839442532 0.814725741700157 -0.183218390144299 0.855434386494811 0.945247013608862 -6.57197383759231
"ADORA1" -0.180597422722386 0.406560103967575 -0.179487781771661 0.858345486069034 0.945247013608862 -6.57265183079679
"Q00610" 0.114446186048025 0.270744400877645 0.179187261245168 0.858580077951932 0.945247013608862 -6.57270584065985
"ATIC" 0.109813809380235 0.543629985578278 0.177993937093946 0.859511735966126 0.945247013608862 -6.57291941416253
"MBL" 0.0794913558317391 0.373473500404577 0.175923662126538 0.861128530075228 0.945247013608862 -6.57328655790147
"KRT84" -0.148892699705612 0.579494009436698 -0.175059151852041 0.861803853144767 0.945247013608862 -6.57343860108036
"IGHG2" -0.157443472095619 0.404079427542237 -0.173081980314309 0.863348737053438 0.945247013608862 -6.57378351871423
"DYNC1H1" 0.113764616015144 0.327439591398445 0.171558028496094 0.864539861727935 0.945247013608862 -6.57404670211206
"P00738" -0.138756514796723 0.333793307575117 -0.169555444666475 0.866105569546629 0.945247013608862 -6.57438901004442
"IGHG4" -0.129072428796752 0.354738482674643 -0.164926038834421 0.869727110004607 0.945247013608862 -6.57516496315239
"P68871" -0.107150160098628 0.444238308283867 -0.163183842517768 0.871090749439741 0.945247013608862 -6.57545142366355
"CLTC" 0.123493271151623 0.392360977696785 0.161023004291311 0.872782614933692 0.945247013608862 -6.57580249787633
"TG" 0.146372932486848 0.830439203374032 0.160894818071429 0.87288299951161 0.945247013608862 -6.57582317758575
"ACe" 0.0814562355637514 0.353554485651329 0.160716422093061 0.873022707633334 0.945247013608862 -6.57585193003359
"P02763" -0.0881855394216254 0.32012740065791 -0.159173806226236 0.874230954153697 0.945247013608862 -6.57609922767203
"CCDC168" 0.151317723832142 0.497858398849557 0.158395923453312 0.874840342230706 0.945247013608862 -6.57622302692495
"P02790" -0.12599461884005 0.311598705911339 -0.154014442190367 0.878274186710612 0.947335062930592 -6.57690901877239
"TUBA1C" -0.112303115596419 0.335330475246119 -0.151857792331808 0.879965264885893 0.947395165187061 -6.57723961815366
"KRT18" -0.0870001167251533 0.340387878901831 -0.149161412997602 0.882080352099128 0.947395165187061 -6.57764640287005
"K2CA" 0.101591071913563 0.49157497204076 0.14655628721676 0.88412468396059 0.947395165187061 -6.5780325057814
"IGLC3" -0.0809267559427272 0.303549571080174 -0.146287594364002 0.884335582084277 0.947395165187061 -6.57807194183262
"P01042" -0.0871951216143117 0.328975594078848 -0.139673531906445 0.8895296184432 0.951344388538405 -6.57901989294703
"MAP4" -0.0852290941461689 0.337161908363979 -0.121937135097336 0.903481619325807 0.964630967503527 -6.58134564271302
"MPV17L" -0.0801240069772887 0.315558794847105 -0.119697274263363 0.905245849326274 0.964881977913646 -6.58161694092904
"O43707" 0.0759933071011121 0.363742985490342 0.113544253960097 0.910094746020778 0.966816316586922 -6.58233634166769
"ReG1" -0.0608304439955544 0.282004772270175 -0.112446492848971 0.910960207505667 0.966816316586922 -6.58246070239927
"CP" 0.0926831912023887 0.486714698212137 0.11156248989963 0.911657224039967 0.966816316586922 -6.58255996966698
"FABP1" -0.0800612932940208 0.585698847704855 -0.104906225153806 0.916907756481274 0.970753010637054 -6.58328227454815
"KRT25" -0.143925015461337 0.870916214072822 -0.0988136404672788 0.921716942149163 0.972122029235717 -6.58390449275104
"O60814" -0.0369002352775947 0.497880389597874 -0.0841242546952645 0.933323834999171 0.972122029235717 -6.58525169877196
"H2BC14" -0.0369002352775947 0.497880389597874 -0.0841242546952645 0.933323834999171 0.972122029235717 -6.58525169877196
"H2BC9" -0.0369002352775947 0.497880389597874 -0.0841242546952645 0.933323834999171 0.972122029235717 -6.58525169877196
"H2BC5" -0.0369002352775947 0.497880389597874 -0.0841242546952645 0.933323834999171 0.972122029235717 -6.58525169877196
"H2BC15" -0.0369002352775947 0.497880389597874 -0.0841242546952645 0.933323834999171 0.972122029235717 -6.58525169877196
"H2BC4" -0.0369002352775947 0.497880389597874 -0.0841242546952645 0.933323834999171 0.972122029235717 -6.58525169877196
"ASS1" 0.0520120939119541 0.346997363117123 0.081744437265736 0.935205706817193 0.972122029235717 -6.58544960051728
"P46781" -0.0355189141774626 0.294764093673969 -0.0796585307633219 0.936855472701058 0.972122029235717 -6.5856183923565
"GAPDHS" -0.0431888265198837 0.322370115713481 -0.0794378268839482 0.937030046285153 0.972122029235717 -6.58563599658869
"COLGALT1" 0.03676221973356 0.276744504294037 0.0769763456895148 0.938977252330603 0.972122029235717 -6.58582902513218
"AKR1A1" 0.0349537142823104 0.457750447432581 0.0764414361142845 0.93940045398446 0.972122029235717 -6.58587016920062
"TRPC4" 0.0319910153248717 0.269665615237759 0.076343163319728 0.939478205891295 0.972122029235717 -6.585877696939
"P02656" -0.0299430540994304 0.312947293834637 -0.0759752289759308 0.939769315109013 0.972122029235717 -6.58590579488983
"CHAD" 0.0488988135028058 0.459959781554867 0.0690304939843057 0.945265495961704 0.976068617920953 -6.58641068622918
"ALDOB" 0.0372841587071143 0.356123696946491 0.0672459256722262 0.946678279187993 0.976068617920953 -6.58653261803952
"eeF1A2" -0.0636262756099762 0.504483922437861 -0.0609023807226902 0.9517016229891 0.977159167599375 -6.58694019827488
"H2BC12L" -0.0254199775017564 0.477914723900764 -0.0593248793954532 0.95295113499315 0.977159167599375 -6.58703529066028
"H2BC13" -0.0254199775017564 0.477914723900764 -0.0593248793954532 0.95295113499315 0.977159167599375 -6.58703529066028
"TUBA8" -0.056977804771758 0.601496485451664 -0.0580887392241228 0.953930344280848 0.977159167599375 -6.58710806208311
"LPA" 0.0263671675581622 0.288490087895019 0.052245974040324 0.958559641442198 0.97882874576813 -6.58743129016562
"TUBA1A" -0.0460993083796574 1.19948842838369 -0.0518166065041737 0.958899893723711 0.97882874576813 -6.58745369313593
"ITIH2" -0.0192016311081135 0.271640739549629 -0.0483669691912886 0.961633833899339 0.97882874576813 -6.58762697521673
"Q9BUF5" -0.0309334481963941 0.589043054365598 -0.0482012665504361 0.961765170168368 0.97882874576813 -6.58763499844523
"KRT28" -0.0580713920222629 1.15356301224141 -0.0433110220265231 0.965641655326325 0.98119144043625 -6.58785938542909
"ASL" 0.0215389711646263 0.347499488022769 0.0368040087968172 0.970801033952648 0.983750551895543 -6.58812077486747
"RDX" -0.0176910061038811 0.501332519865363 -0.034639487864363 0.972517562756322 0.983750551895543 -6.58819831384934
"POTeF" -0.0293171906928442 0.49537561069465 -0.0342363057563456 0.972837312809538 0.983750551895543 -6.58821223786006
"NCAM1" 0.0173965989632513 0.308761910501216 0.0296822174445158 0.976449306288578 0.985498845601258 -6.5883581952875
"Q9BQe3" -0.0284356306121695 0.969807632327124 -0.0281182960222774 0.977689821468126 0.985498845601258 -6.58840352119255
"GAL3ST4" 0.0183075101693414 0.370598323564226 0.0257999997029938 0.97952881458638 0.985777802239244 -6.58846619787499
"KRT27" 0.0279323052607636 0.822600485886249 0.0211142479306077 0.983246129079165 0.987943164727632 -6.58857642452175
"P54652" 0.0101144856339508 0.339616098038885 0.0163624986259271 0.987016184318931 0.990154550564778 -6.58866571802923
"BCL2L14" -0.00577798987011337 0.278345186011782 -0.0131017167100124 0.989603479149415 0.991174278322668 -6.58871389310839
"Q9NY65" 0.00303393717926435 0.771076784687933 0.00372506234510048 0.997043995851217 0.997043995851217 -6.58879300757923
