"logFC" "AveExpr" "t" "P.Value" "adj.P.Val" "B"
"P63261" 5.07807852126273 2.45979019689723 19.0459953037928 2.0615725170525e-23 6.50426129130064e-21 41.9537405868642
"P60709" 5.07807852126273 2.45979019689723 19.0459953037928 2.0615725170525e-23 6.50426129130064e-21 41.9537405868642
"P13645" 5.67190880788484 2.97643993189695 17.5926078464622 5.11125113662508e-22 1.07506648907014e-19 39.0445906884844
"P02768" 6.35911556043394 3.23301415862248 16.466989840039 7.06358032603266e-21 1.11427979643165e-18 36.6342428960456
"KRT1" 6.05956198061887 3.24960602826261 15.750649952825 4.02184481171437e-20 5.07556815238353e-18 35.0239388062608
"KRT9" 5.3961704177577 2.75795260815414 14.7461706992687 5.06756359220832e-19 5.32938771113909e-17 32.66029569021
"TLN1" 5.66857917441688 2.71389669310979 13.2247314668065 2.94250236456778e-17 2.65245570291753e-15 28.8319275531901
"P68366" 3.91684635911152 1.76508982753113 8.97612559160973 1.15673788702716e-11 9.12377008392673e-10 16.4568089291377
"eeF1A1P5" 2.98770348443435 1.86671378928113 8.41334077570415 7.50664795189399e-11 5.26299428627234e-09 14.6412434409034
"KRT14" 4.62499946144361 2.44276934440136 8.25214001480438 1.29001545142375e-10 8.13999749848388e-09 14.1151367226472
"KRT2" 5.55171146318915 2.86031237617989 8.21558060728814 1.45904695042876e-10 8.36962387018678e-09 13.995472289445
"FLNA" 4.64702101815002 1.75658537855711 7.75331262721592 6.9893509377764e-10 3.67523370144742e-08 12.4723150501157
"P19823" 3.09863186280059 1.72378064659439 7.72515394571732 7.69332956792432e-10 3.73422381335404e-08 12.3789798158163
"TUBB1" 2.87402467295746 1.29215683445709 7.42778794720998 2.12644015573904e-09 9.58416955908098e-08 11.3900378322023
"KRT16" 4.07070260923703 2.30697925096178 6.75837334841728 2.1317234137249e-08 8.48222576096549e-07 9.14780051837679
"P13647" 4.49341287413401 2.44539382196407 6.75579394800715 2.15080209469806e-08 8.48222576096549e-07 9.1391355182351
"VTN" 2.19750498943596 1.30500717022259 6.61432591560242 3.50668640523911e-08 1.25071112414419e-06 8.66380245693986
"TUBA1B" 3.75152074209723 1.66164867095912 6.60932723199071 3.56779718456345e-08 1.25071112414419e-06 8.64700475117514
"P68104" 2.98770348443435 1.79940580014137 6.52599916007391 4.75870753064262e-08 1.58039181675552e-06 8.36698832496376
"POTee" 3.38032894827307 1.22222899345803 6.4629697233399 5.91713433438812e-08 1.86685588249945e-06 8.15520462421047
"P01024" 4.2192735297113 2.16965196404416 6.20218078454779 1.45704526631017e-07 4.33315451727496e-06 7.27962218595029
"P07996" 3.91882174890922 1.8511055360765 6.19169562253242 1.51076702662518e-07 4.33315451727496e-06 7.24445642525828
"PKM" 2.27070438025719 1.39826985526521 6.00106691427044 2.91629015398494e-07 8.00077863984563e-06 6.60590178869314
"COL6A1" 2.13845118286928 0.906037327762269 5.98296617330982 3.1040051379966e-07 8.16094684198272e-06 6.54536060963413
"P11142" 2.88452665793375 1.29353643577238 5.90778292972657 4.02144006534966e-07 1.01501147249426e-05 6.29410065278394
"P68371" 3.30420691676907 1.45345865388749 5.8067820078259 5.69193749027827e-07 1.381389444756e-05 5.95713789817492
"P07900" 3.25576615332267 1.26570801424459 5.7835981201813 6.16391691726609e-07 1.440530212887e-05 5.87989515782413
"FBLN1" 2.96223538947112 1.2055395696611 5.7596582482818 6.69215782640748e-07 1.50812556730826e-05 5.80017759041136
"P68032" 4.21314873733711 1.87318986533482 5.74906453073926 6.94005515899609e-07 1.5100602776988e-05 5.76491612798503
"Q04695" 3.46923809468077 2.00730714342483 5.72976562431699 7.4153560608909e-07 1.55969655814072e-05 5.70070289770915
"C4A" 3.21306137636287 1.69571761681544 5.66453958320355 9.27430870665401e-07 1.88777057867699e-05 5.48391273823012
"P02788" 2.31709554873489 1.24423163318215 5.54670476183801 1.38812258667238e-06 2.7372042255946e-05 5.09327859703135
"P63104" 1.96052308466268 0.884129142970355 5.52996407962481 1.46983835021477e-06 2.81050908783491e-05 5.03789612256932
"P02771" 2.42387291952997 1.20445681963199 5.43337380708793 2.0435322088738e-06 3.79255536411578e-05 4.7189593404768
"MYH9" 3.44342063400468 1.83979858127324 5.32733484229662 2.93104731992123e-06 5.28425959677227e-05 4.37011793559177
"CKM" -3.36606614769915 1.31106230670835 -5.30704421902933 3.14004155262185e-06 5.5037950547344e-05 4.30353371142808
"TUBB" 3.24809792123825 1.37916446976825 5.22610254863252 4.13096050481058e-06 7.0449623744202e-05 4.03849236892913
"KRT6A" 4.13065771545955 2.4219735959836 5.16094182198425 5.1485661653955e-06 8.54932960622252e-05 3.82582463353833
"P01023" 4.67449151469691 2.29391897658004 5.09990882098674 6.32472122514425e-06 0.000102330745976052 3.62723144641702
"P01008" 3.47947113077101 1.58182119686144 5.07925529058353 6.7799770270499e-06 0.000106954137601712 3.56016550473742
"KRT13" 2.36662582905517 1.5651524960697 4.83678562583152 1.5258092621819e-05 0.000234825766935799 2.77853762530362
"eHD3" 1.5729843453825 0.929085257842862 4.82754401390747 1.5734162875485e-05 0.000236387066057882 2.74897055555372
"KRT3" 2.50488419085228 1.58048859238809 4.57633501778959 3.60477955699185e-05 0.000528980441967874 1.95243127949366
"APOB" 3.78326818049892 1.56865439369341 4.53125569330163 4.17733719125078e-05 0.000599068129018009 1.81106559489122
"LYSM" -2.05861085170021 1.03729602438514 -4.46135204904983 5.24554704333867e-05 0.000735542263188156 1.59288081106423
"APOA2" -2.17670317709726 2.08661494538222 -4.30741791789049 8.62597412335596e-05 0.00118325862431252 1.1170926634592
"KRT6C" 4.0261732320682 2.16427141361773 4.276366733207 9.52959744539572e-05 0.00127939914639249 1.02194009853601
"P04406" 2.22819732941457 1.46040235764334 4.21451769846557 0.00011612618618079 0.0015265754891683 0.833276083195885
"HBA1" 2.33990749446377 1.70191375070829 4.0816935596707 0.000176922581569207 0.00227832957081979 0.432180141473554
"GARIN1B" -2.24160328042782 0.931787480834391 -4.0394074005681 0.000202087325718652 0.00255034205056939 0.305706475902115
"LRP1" 1.89325347476214 0.614868001325349 3.98433298024493 0.000240112869934763 0.00297080825350658 0.141906810735928
"P08238" 2.48761451794728 1.08591880466753 3.84017855621586 0.000375373109250949 0.00455500830648748 -0.281666724184957
"Q5XKe5" 2.36046374149446 1.3958302434628 3.71958379911629 0.000542648240520687 0.00646058565601045 -0.629939656261788
"P06396" 2.78368791123402 1.8637240805787 3.69279650171481 0.000588538531917523 0.00687718173407328 -0.70651090285288
"QSOX1" 0.888240086625115 0.805070645396471 3.52918586674168 0.000960851012135176 0.0110235816119508 -1.16763307254091
"TRAP1" -2.42937407667956 0.607607333279489 -3.51265886662622 0.00100906096590122 0.0113699548122084 -1.21356511902358
"HP" -3.02844814457308 0.619022881242853 -3.47113250394602 0.00114060736638805 0.0126267236524713 -1.32843259159379
"SeRPINA3-3" -3.69227424939024 0.50964773980268 -3.4649761369522 0.00116145118855056 0.0126357879306104 -1.34539513325728
"H4" -1.99813050052911 1.60037448391229 -3.44815244392322 0.00122028163280508 0.0130508086491526 -1.39166035185981
"APOD" -1.90663205243291 2.04941190125326 -3.37830962726405 0.00149630086419203 0.0157360974217529 -1.58231766410061
"P61224" 1.11879336385279 0.922756113454085 3.3452127628664 0.00164695831366257 0.0170365687855915 -1.67185725100735
"HSP90B1" -1.34722671875664 0.401908665735753 -3.33481511406179 0.00169719133524167 0.0172730279441531 -1.69987771456429
"PSMe4" -1.83028434857592 0.337757591140528 -3.23638852203228 0.00225041449056577 0.0225398657705873 -1.96248726170958
"POSTN" 1.95008176505137 0.858096457429997 3.22798873624716 0.00230481205814726 0.0227240063857957 -1.98467370083536
"AMY2A" 1.24886306905585 0.570364073266519 3.19959586217627 0.00249803603161403 0.0242501651684377 -2.05940128331969
"KRT76" 2.73485517448084 1.50032032286503 3.17949834248644 0.00264395066262513 0.0252777707290372 -2.11204532014288
"KRT8" 2.3268406584642 1.37402142304736 3.16471233025579 0.00275639942058492 0.0259595229013296 -2.15064227209845
"P26038" 1.82542549550738 1.1333406550057 3.11991338279801 0.0031252639550138 0.0290006111119663 -2.26688307641156
"TUBA1A" 2.46504492138644 1.19948842838369 3.11325782974401 0.00318387713923107 0.0291163257225334 -2.28406163162906
"SeRPIND1" 1.6107691626588 0.688028441939677 3.10032996338439 0.00330069675387629 0.0297534235956563 -2.31736188481107
"PARVB" 0.758992744395539 0.408945657906606 3.09464637334584 0.00335332084347258 0.0298020486229746 -2.33197358804733
"KRT6B" 2.99093327944468 2.22641661277503 3.07963746361078 0.00349610525241572 0.0306394779760322 -2.37047567316278
"VCL" 2.2270051699611 0.917727114954689 3.05630077467479 0.0037295093657047 0.0322372658871187 -2.43009828618715
"GDI2" -1.57766126835719 0.851446839452645 -3.01182343804501 0.00421538622935778 0.0359447123070913 -2.54290617551565
"P26583" 1.75099545422525 1.11725100709765 2.97321177484941 0.00468465258554803 0.0394135437530775 -2.63994518818927
"CLeC3B" -1.82909944255707 2.73407577761207 -2.94651641797215 0.00503718230077338 0.0418218688393158 -2.70654449979957
"FKBP4" -1.51050864314147 0.307773610383954 -2.91025446313473 0.00555581673976776 0.0455288358804345 -2.79635826980982
"P35900" 0.976265166359975 0.909107359925009 2.8921078546182 0.00583365365927771 0.0471927622949261 -2.8410188808547
"P08727" 2.21327958507288 1.29650660735389 2.87344705108563 0.00613281239358325 0.0487992410440611 -2.88674488247045
"PZP" 2.80616217915704 1.58382233784497 2.87016336266796 0.00618690853173517 0.0487992410440611 -2.89477005875575
"P34931" 1.55770559769421 0.704760182144938 2.86478635098529 0.00627644955697511 0.0488943169191518 -2.9078975349537
"P61204" 0.903252485243014 0.540338427439164 2.85336616862854 0.00647063523584686 0.0497923272416996 -2.93572235545045
"HRG" -2.02537553943388 1.90016836831577 -2.82652302098397 0.00694925307385505 0.0528310685494281 -3.00082046987632
"COL3A1" 0.743273477794006 0.302753326489726 2.78028973868029 0.0078512998859377 0.0589782170003177 -3.11193125641807
"ADAMTS13" 0.956472866912395 0.332982228000967 2.76769793525101 0.00811510962339198 0.0602427549689452 -3.14196872762044
"CFD" -1.62289561099559 1.75420206290034 -2.74528652697715 0.00860501405517358 0.063136789172262 -3.19519112895728
"P62258" 1.14745736105983 0.499107347535886 2.73500125988365 0.00883886497650557 0.0641071701169542 -3.21951324621042
"GSTA1" -1.88745085833104 1.18884112702396 -2.70220734461711 0.00962418866854327 0.0690098073846682 -3.29662567908492
"HSPA2" -2.42372804739046 0.692878943111484 -2.6929253189343 0.00985785897206412 0.069891112487331 -3.31833008749317
"AMY2B" 1.40256843399497 0.74822742113586 2.67995442580364 0.0101931453474452 0.0714652746026439 -3.34856983747404
"MST1" -1.77839982869629 1.60785553826297 -2.6673186924417 0.0105298201071948 0.0730031238222629 -3.3779264222728
"P31946" 0.906460020007808 0.416300648724564 2.66104472541247 0.0107007562887469 0.0730031238222629 -3.39246526153495
"APOC3" -1.78338677041727 1.19778688740857 -2.65890721539212 0.0107595729246758 0.0730031238222629 -3.3974128822508
"TIe1" -1.07921830596837 0.329321550699608 -2.64368448088502 0.0111871067847489 0.0750964295869848 -3.43256454379235
"HSPA6" 1.4741845440965 0.711514689119529 2.60121943559948 0.0124634059089534 0.0827832539847323 -3.52984006948424
"P84077" 0.903252485243014 0.497523308665411 2.59589102627245 0.0126326316814613 0.0830332353229383 -3.54196399321586
"TCN2" -1.40214797212135 0.440545433393437 -2.55998664905893 0.0138287740951027 0.0899583139588638 -3.62317749676967
"KRT79" -2.13669853073477 2.41563447401021 -2.53994819418791 0.0145404133679949 0.0922145465061513 -3.66813650964402
"AMY1A" 1.40256843399497 0.755503261094872 2.53394059938602 0.0147601730540749 0.0922145465061513 -3.68156382570021
"AMY1B" 1.40256843399497 0.755503261094872 2.53394059938602 0.0147601730540749 0.0922145465061513 -3.68156382570021
"AMY1C" 1.40256843399497 0.755503261094872 2.53394059938602 0.0147601730540749 0.0922145465061513 -3.68156382570021
"FTL" -1.46229562390303 0.686434797671335 -2.51999922759624 0.0152818459618672 0.094537694136649 -3.7126315663203
"LIMS1" 0.735696746394035 0.626390033840329 2.4986497610887 0.0161132710352675 0.0987133400315903 -3.75995750906136
"ANXA5" -1.1806709643725 0.794981727204845 -2.47106775872225 0.0172481531786641 0.10464985245901 -3.82064764312526
"SYNCRIP" 1.20581667575522 0.978798074633221 2.46599621472236 0.0174645419839625 0.104953580875051 -3.83175108723119
"KRT7" -1.52769322378386 3.18158863035919 -2.4544655462616 0.0179656989019584 0.1069467547843 -3.85693114905983
"GNPTG" -0.9878221901456 0.334506007324156 -2.4421155644406 0.018516863704341 0.109032835933631 -3.88380033373882
"P00747" 1.82289616704937 1.01723332705427 2.43892490468389 0.0186617215227134 0.109032835933631 -3.89072520931572
"PPIA" -1.75904001407371 1.35382875730019 -2.40973391342105 0.0200352970562944 0.115984150848824 -3.95375701210664
"TUBB4A" -2.40223057137487 0.741573985655821 -2.39331848419126 0.0208471516340379 0.119586842555254 -3.9889454531635
"TLN2" 1.58436777420546 0.966455129892931 2.38592982045318 0.0212221432196006 0.120641192536649 -4.00472317516655
"Q13509" 1.65054090523732 0.919595553811429 2.32214456663232 0.0247201578960592 0.13879157841562 -4.13934722678624
"FAM124B" -1.30507348977766 0.542232326333978 -2.31651629288076 0.0250523212767774 0.13879157841562 -4.15108889020701
"O43505" 0.524995772319846 0.29264576963563 2.31613672510639 0.0250748651971167 0.13879157841562 -4.15187993477442
"THBS3" 0.697524346735228 0.323629307052341 2.29745079043443 0.0262073609827376 0.143798650261804 -4.19069629100864
"C1S" -1.35829340156445 0.664569223577313 -2.27813059187495 0.0274260920183551 0.149188483306742 -4.23056872440662
"P36955" 1.21697821773711 0.746790949493321 2.26395393892546 0.0283522297540807 0.152908179272008 -4.25965608381599
"eNO3" -2.23225672120739 0.800492843654084 -2.25353834757314 0.0290502931138684 0.154365346119278 -4.28093449088486
"ADIPOQ" -1.05913107059974 2.93752513994763 -2.25263294960146 0.0291116896801809 0.154365346119278 -4.28278046860742
"P61981" 0.599012732931332 0.3862453650712 2.2338692927761 0.0304103091203533 0.159907542124524 -4.32090349216533
"KRT73" -1.54156291882231 2.38515311888049 -2.20210721082436 0.0327259590469897 0.170661819492979 -4.38485305180635
"FLNB" 0.946228669301702 0.413331594768217 2.17946057907338 0.0344709693458077 0.177447836390295 -4.4299988411917
"H2BC12" -1.30167604329255 0.94148834362549 -2.17669242716671 0.0346898013297304 0.177447836390295 -4.43549124025153
"KRT71" -1.54970129024919 2.06923573706999 -2.17158729400483 0.0350965955370773 0.177447836390295 -4.4456057076893
"APOA4" -1.64213065572832 2.28641850567132 -2.17089469350886 0.0351521070503755 0.177447836390295 -4.44697642932672
"P23528" 0.65119193443343 0.716620014092231 2.16117652670649 0.0359392138964492 0.179260507811375 -4.46617218824604
"C5" 1.49108026682878 0.771532167322534 2.15946572217778 0.0360793732045082 0.179260507811375 -4.46954420823047
"LTF" -2.29878863373598 2.26415786302272 -2.10360881407671 0.040927633267841 0.20176044212506 -4.57844115664948
"ARF4" -0.758955618286045 0.30652531458429 -2.08324343501641 0.0428322346710564 0.209512713778578 -4.6175624696779
"Q86Y46" 1.61756283233113 1.05126095261204 2.04231363443413 0.0468952440297565 0.22762229986751 -4.69523605717476
"CD44" -1.01217453330998 0.274022207389356 -2.02997752353595 0.0481837743607644 0.232091310088873 -4.71839579129121
"Q32LP2" -1.54193930863782 0.846657908552228 -2.01873902630963 0.0493842881520436 0.234268149609502 -4.73939315349765
"SULT1e1" -1.11260758834797 0.516658063393535 -2.01678079627977 0.0495960999967521 0.234268149609502 -4.74304185401782
"SeRPINA5" -0.785199418237254 4.39741935957571 -2.01536714627277 0.0497494961135868 0.234268149609502 -4.7456740213768
"TUBA1D" 2.46504492138644 1.70209257780935 1.99634439584515 0.0518539695499282 0.242369294711146 -4.78094364730334
"DSP" 1.59424454505681 1.36211428931009 1.98461194635808 0.0531899217219939 0.246785592695427 -4.80255681262399
"HSPA5" -1.2449640820145 0.826080446789921 -1.97702253463395 0.0540698457990924 0.249037027001659 -4.81648084070549
"HBD" 1.32285676230523 0.814906290238242 1.93419271676024 0.0592742420419226 0.271029324119226 -4.89421595844248
"RAP1A" -1.39532518277791 0.599993751912971 -1.91698352741826 0.0614832709189236 0.27879838324802 -4.92504444186299
"P15311" 0.850931745644587 0.776083929513556 1.91412444924797 0.061857010546312 0.27879838324802 -4.93014353079012
"P09429" 1.10079877353077 1.13960692870907 1.90152192456519 0.0635276457118985 0.284297478327716 -4.95254264973004
"GSTA2" -1.55814453613856 1.47844549928175 -1.87952411953589 0.0665360382426697 0.294779255757399 -4.99133821256185
"APOM" 1.03992570556819 0.449846401681055 1.87760484147728 0.0668041736502506 0.294779255757399 -4.99470478679467
"CAPN1" -0.897635714713583 0.388832623725532 -1.85805266853049 0.0695884805087296 0.304932855562558 -5.02883311139511
"GPI" -1.16425202241731 1.05996408749265 -1.81499428399168 0.0760685300362701 0.331029258295768 -5.10290819135948
"POTeI" 0.97483162613638 0.510637212644928 1.80420787791135 0.0777692604399307 0.336112351627372 -5.1212297161979
"RBP4" -1.64408001353423 1.85734450256641 -1.79934354792207 0.0785466386132738 0.337162782074665 -5.12946123125027
"P49747" 0.693674576675181 0.476961206766378 1.78645393857602 0.0806381910031818 0.343802017047349 -5.15118014112385
"Q14CN4" 1.06785902356866 1.04825329384874 1.77478243189364 0.0825721985365271 0.349684948164756 -5.17072961136044
"COL2A1" -0.963513860810982 0.598477585239702 -1.77110938457953 0.083188811875716 0.349947601957179 -5.1768588271714
"PCYOX1" -0.857901731769767 0.410504855434628 -1.75945956320497 0.0851700678878421 0.355909356537936 -5.19622575512612
"KRT75" -1.11713483341784 3.74408656908985 -1.743832838343 0.087889406644085 0.364856681529064 -5.22202893130943
"RAP1B" -1.29578055100222 1.39753022001263 -1.7304781985179 0.0902703237671725 0.365645569664654 -5.24392095390351
"H2A1" -1.23165949422441 1.08487554912278 -1.7287817917731 0.0905765685854143 0.365645569664654 -5.2466913004955
"H2AJ" -1.23165949422441 1.08487554912278 -1.7287817917731 0.0905765685854143 0.365645569664654 -5.2466913004955
"H2AC20" -1.23165949422441 1.08487554912278 -1.7287817917731 0.0905765685854143 0.365645569664654 -5.2466913004955
"NACA" -1.10249933541258 0.816083855863542 -1.72510394965818 0.091243478343144 0.365645569664654 -5.25268929166961
"CFH" -1.01491727112697 4.64711187182647 -1.72338672218111 0.0915562599160306 0.365645569664654 -5.25548599097739
"GAPDH" -0.924475042523262 3.07871804506745 -1.68360311267654 0.0990552308643591 0.389292213771424 -5.31959272207359
"C4BPA" -1.32133933330646 1.09352212121896 -1.68281838225395 0.0992080968925575 0.389292213771424 -5.32084396835746
"FLNC" 0.634561883083564 0.271711608969947 1.67261610533586 0.101213260971467 0.389292213771424 -5.33706456300305
"ARFIP2" -1.01217453330998 0.436516442761799 -1.67157904743024 0.101418939352889 0.389292213771424 -5.33870850455365
"APOe" -1.00998555901602 3.49230270079397 -1.67004891215012 0.101723036902287 0.389292213771424 -5.34113242621199
"CSN1S1" -1.05617144817615 1.04968891000601 -1.66980085850241 0.101772405396473 0.389292213771424 -5.34152518882554
"KRT4" 0.873823494507082 0.841445248595557 1.66968282494792 0.101795903759564 0.389292213771424 -5.34171206242287
"Q8N1N4" 1.12264814293584 0.896992418578169 1.6651493980292 0.102701809300701 0.390390612462302 -5.34888065803479
"PFN1" -1.50489166323652 1.79396376116169 -1.65740949262572 0.104263760210111 0.393954686781918 -5.36107973649196
"KRT222" -0.993347715456121 0.871570823600914 -1.64964729451586 0.105849730733051 0.39756654816997 -5.37326340936009
"TUBB2A" 1.04862954360617 0.306442143454817 1.64026434403311 0.107793180715835 0.400877178685342 -5.38792334990035
"FTH1" 0.534882630237425 0.282484824372127 1.63926549657091 0.108001775557065 0.400877178685342 -5.38947958205654
"O95678" 1.4714194202711 1.40815289159792 1.63264921966726 0.109391836426171 0.403662273595989 -5.39976667168485
"OMD" -0.875173470066415 0.579161880070687 -1.61840213940779 0.112434723771561 0.412478550580552 -5.42179266754542
"SePTIN7" -0.794970144656351 0.378903709138505 -1.60753561893336 0.114801639695923 0.418727367908253 -5.43847675654062
"TRPC4" -0.595324345531838 0.269665615237759 -1.59628879051375 0.117293873995193 0.423977583247799 -5.45563917251635
"DDBX" -1.06645548332037 1.09075362379658 -1.59498810412311 0.117584908190753 0.423977583247799 -5.45761705169153
"VASP" -0.812241882952999 0.502140227184709 -1.57755744404383 0.121541851190631 0.435755159666409 -5.4839837268068
"APOH" -0.736445080053926 3.60746490795528 -1.56797611230767 0.123762318535792 0.441209169469405 -5.49836652898281
"P02675" 0.524658596179019 0.361465457081215 1.56107413343133 0.125382023378849 0.444472228944122 -5.50867859265575
"CLeC11A" 0.350382932274211 0.313556625083039 1.54290841955677 0.12972665662792 0.45577714627539 -5.53562416180128
"PIP" 0.519571364830443 0.463104733121213 1.54171743281354 0.130015667717227 0.45577714627539 -5.53738086941655
"F10" -1.05743015789849 1.80481524069034 -1.53601901181201 0.131405626719063 0.458104698672534 -5.54576915121481
"IGF2R" 1.29234489007087 0.877479878395385 1.53270951675509 0.132218325297123 0.458405292651015 -5.55062800591665
"HP252" -0.689244867157002 0.395237456647379 -1.52136312704393 0.13503517691581 0.463445008056775 -5.56721454523551
"SeRPINA3-5" 1.32796414063908 4.1074092998534 1.52094113255141 0.13514085813383 0.463445008056775 -5.5678292868483
"COL6A3" 0.636220454465646 0.260466421892031 1.5061907952004 0.138876472099752 0.473557634919517 -5.58922007795829
"RAB1B" -0.815078332687676 0.359511205731281 -1.50340674706128 0.139590681608606 0.473557634919517 -5.59323633609151
"P62826" 0.429038498765813 0.748294253470853 1.4986937659989 0.140806384914011 0.475127427169738 -5.6000199422012
"TUBA8" -1.29855654835142 0.601496485451664 -1.48751994557182 0.14372224828732 0.48238690781542 -5.61602584329092
"Q7Z3Y7" 0.800369530127176 0.378250244393938 1.4825786006219 0.14502687803089 0.484190264748634 -5.62306943123673
"IGFBP6" -0.758955618286045 0.599377808165143 -1.46429934786596 0.149934616868634 0.49755254546131 -5.64894042566118
"YWHAZ" -0.978045241342001 1.67445722854013 -1.46183470582767 0.150606238008099 0.49755254546131 -5.65240636590515
"LUM" -0.814391210249395 3.19119097981736 -1.45070497371711 0.153668659866804 0.505025647791422 -5.66799154033427
"KRT15" 1.47656212724435 0.898171136215576 1.44379291778671 0.155595041002285 0.506952376573803 -5.67761600476968
"ACTBL2" 0.839859081184629 0.466625960054164 1.44240772924011 0.155983359101395 0.506952376573803 -5.67953972491925
"RNASe4" -0.929348125042661 0.790744822982162 -1.43998218212054 0.156665155993489 0.506952376573803 -5.68290421673505
"HBBF" -0.469368649946628 5.04709494072043 -1.42141233372522 0.161962543023132 0.521257819080552 -5.70849124492201
"PeBP1" -0.826789166183774 0.681304612077119 -1.41703651068913 0.163230936538844 0.521257819080552 -5.71447641337837
"COLGALT1" -0.600226306316151 0.276744504294037 -1.41216772732299 0.164651299314927 0.521257819080552 -5.72111599907084
"P0DMV8" 0.899579426852527 0.839672292936283 1.41023965093857 0.165216424431237 0.521257819080552 -5.72373954520201
"P0DMV9" 0.899579426852527 0.839672292936283 1.41023965093857 0.165216424431237 0.521257819080552 -5.72373954520201
"P02765" 1.29722227495411 1.06939274474532 1.3940018738538 0.170035756753039 0.533793843339144 -5.74570406758536
"COLeC11" -0.618398318627193 0.487477162491397 -1.38101920138215 0.173966709418585 0.541041778962052 -5.7630975423823
"GDF6" -0.700513967638696 0.295749412812816 -1.38071582209738 0.174059399570993 0.541041778962052 -5.76350220586955
"CORO1A" -0.667740933371292 0.546552496626269 -1.36554914765732 0.178741931543743 0.552873327471087 -5.78362809622857
"ACTN4" -0.812241882952999 0.364055589207912 -1.36097199109554 0.180173926266934 0.554584134021637 -5.78966170259433
"ORM1" -0.601573695905643 3.86425014046426 -1.35510926788821 0.182020959811742 0.557549639034998 -5.79736267829897
"A1BG" -0.476531328078217 4.15117798268516 -1.34502097962802 0.185233155470825 0.564647928029424 -5.81054237333553
"P68133" 1.33443004945888 1.11980822651831 1.33989570232708 0.186881592601364 0.565589097571885 -5.81720339693955
"HBA" -0.500254534125268 4.52126570357216 -1.33849332506402 0.187334582238548 0.565589097571885 -5.81902189294895
"DSG1" -0.897635714713583 1.03087995997917 -1.33264821052224 0.189231667305631 0.56695374463519 -5.82658244303248
"COMP" -1.14397395299283 2.11674356416753 -1.33156883872628 0.189583581803526 0.56695374463519 -5.82797524607432
"GFAP" -1.1205352043301 1.07772854627193 -1.3221962438842 0.192660358600837 0.570788544280103 -5.84002560070065
"P08729" 0.822620010364547 0.723712998452794 1.3219838092843 0.192730532111237 0.570788544280103 -5.84029781539012
"CALD1" -0.758955618286045 0.613608729397705 -1.3194179868038 0.193579633083902 0.570788544280103 -5.84358247481914
"CFL2" -0.758955618286045 0.374442757648552 -1.31032435487619 0.196611819600622 0.577015140617238 -5.85517617399295
"CDH5" -1.01606715618191 0.991980297507352 -1.30522546607088 0.198327646561113 0.577015140617238 -5.86164436162811
"ACTA1" -1.77314715302337 2.17781526642366 -1.30490849183785 0.198434683857275 0.577015140617238 -5.86204568687281
"P12814" 0.875350990479386 0.537805322538134 1.30037211551585 0.199971331908894 0.578816102910607 -5.86777934682586
"RGN" -0.712064151347319 1.02697867734299 -1.28342398801791 0.205791769786345 0.592943409749698 -5.8890365554431
"P02787" 1.15516434257428 0.814725741700157 1.26946067435434 0.210681930215185 0.598539024301488 -5.9063552282828
"GPX3" 0.524658596179019 0.481329126730382 1.26419578853274 0.212548146802638 0.598539024301488 -5.91283946823743
"CLU" -0.895112184876575 3.10692691815279 -1.25884953669647 0.214455796703173 0.598539024301488 -5.91939822454914
"Q7RTS7" 0.851214852801806 1.14685695489893 1.25856631830904 0.214557209250014 0.598539024301488 -5.91974495295967
"ACTB" -0.370600464991618 4.58489953713887 -1.25855574011828 0.214560997694662 0.598539024301488 -5.91975790183731
"ACTG1" -0.370600464991618 4.58489953713887 -1.25855574011828 0.214560997694662 0.598539024301488 -5.91975790183731
"AOC3" 0.793285522379859 0.499763080736666 1.25690742553679 0.215151929449 0.598539024301488 -5.92177438180774
"MYH11" 0.550601896838958 0.652544957969425 1.2553476939564 0.215712218306882 0.598539024301488 -5.92368022399572
"POTeF" 0.955534798590974 0.49537561069465 1.25379561207195 0.216270836039206 0.598539024301488 -5.92557452827555
"KRT28" -1.49163485931256 1.15356301224141 -1.25001266452376 0.217636880798293 0.599689396435472 -5.930182429574
"Q9BQe3" 1.12251571893326 0.969807632327124 1.24719470812429 0.218658618924718 0.599885167571726 -5.93360645835591
"P16402" 0.476247760086645 0.535435086540311 1.23808962732984 0.221984275412387 0.606372631104832 -5.94462049144388
"CL43" -0.848429323938279 0.940884828078096 -1.22804358079636 0.225696881333901 0.613134545015629 -5.95668525283637
"APOA1" -0.520519724883777 5.65700133956763 -1.22614646422312 0.226403088730018 0.613134545015629 -5.95895326923176
"P12259" 0.791357618164886 0.759135697267659 1.21562002039606 0.230351189443257 0.619297837215907 -5.97147807882756
"CRYZ" -0.985297784343202 0.771489576565082 -1.21485038257723 0.230641825270584 0.619297837215907 -5.97238985966286
"P54652" 0.663855240822144 0.339616098038885 1.20668774680106 0.233740836166553 0.624959608563961 -5.98202673506387
"CHAD" -0.758955618286045 0.459959781554867 -1.20385653184238 0.234822820271069 0.625203373801876 -5.98535506490105
"SeRPINF1" -0.416378165638678 4.38231994384435 -1.19770324185894 0.237187000289361 0.627406800770485 -5.99256348122092
"UTRN" 0.473352465531774 0.277898308571694 1.19653185341152 0.237639025965366 0.627406800770485 -5.99393180463949
"ANXA2" 0.584619840407101 1.02910085649948 1.18965035299136 0.240307215042666 0.629169333414743 -6.00194484648054
"SeRPINA3-6" 1.47322479758477 3.76802438787071 1.18880020630206 0.240638353071034 0.629169333414743 -6.00293177263607
"OGN" -0.701905085766852 0.903564955960522 -1.18710943696169 0.241297906000583 0.629169333414743 -6.00489259888514
"F12AI" -0.73730686121356 4.11224061514221 -1.17988730313709 0.244129991596924 0.633934258015059 -6.01323875488593
"RAP1BL" 0.616157835459511 0.558280460192407 1.17546623926701 0.245875521746088 0.635850222220415 -6.01832426518105
"IGFBP3" -0.917084139126157 1.43521702137938 -1.17025077853073 0.247946295969174 0.637645695395006 -6.02430047220127
"UBA52" -0.712061402992813 1.27572881511371 -1.16863377393626 0.248590873323568 0.637645695395006 -6.02614826014929
"FMOD" -0.84376835536575 1.06522880756232 -1.16117785962365 0.251578641909979 0.641213203342595 -6.03463718264429
"Q9NY65" 0.839859081184629 0.771076784687933 1.15864149390707 0.252600901017327 0.641213203342595 -6.03751329257338
"MYLK" -0.812241882952999 0.407756496006438 -1.15722168670814 0.25317444511622 0.641213203342595 -6.03912069473949
"SPP2" -0.897635714713583 0.907685424247359 -1.15506750292646 0.254046435555703 0.641213203342595 -6.04155595736197
"KRT77" 0.952673908770317 1.11212838504281 1.14909818937367 0.256474024209199 0.642112018016168 -6.04828179729129
"ACe" -0.517724279877589 0.353554485651329 -1.14775751746964 0.25702152699519 0.642112018016168 -6.04978786085542
"HMGB1" -0.815244482359074 1.37648863820139 -1.1458006644998 0.257822168779976 0.642112018016168 -6.05198314328672
"MYH10" -1.10956838475692 1.59849695958135 -1.14421321017228 0.258472983480359 0.642112018016168 -6.05376142172059
"TPI1" -0.690290272975785 1.16634827998241 -1.13524216454338 0.262172984869589 0.648749621383179 -6.06376711421552
"eIF4A1" 0.41522846606802 0.281091213558205 1.12895451699491 0.264788680959088 0.650368556540027 -6.07073558534867
"CFL1" -0.657806564154464 0.963123840118628 -1.12871516214652 0.264888619700138 0.650368556540027 -6.07100013482235
"MDH1B" -1.10249933541259 1.30473120409333 -1.12265112593903 0.267429520595698 0.654062122077075 -6.07768478381692
"PYGB" -0.504794595876523 0.383107542668964 -1.11621546160838 0.270145018358602 0.658152535074433 -6.08474183958565
"S100A7" 0.430667883046919 0.524428888572263 1.10834330236349 0.273493121618266 0.663035595564073 -6.09332187532204
"AHCY" -0.938891111185856 2.07720855762668 -1.10640205166384 0.274323239274716 0.663035595564073 -6.09542884784179
"FGA" -0.794586933994788 3.17249349353836 -1.09976592956259 0.277174398315755 0.663035595564073 -6.10260505684964
"P21291" 0.238503799220534 0.410715326481604 1.09322897823631 0.280003276521592 0.663035595564073 -6.1096340111343
"KRT17" -1.49291895408699 3.15566229471789 -1.0898096973993 0.281491023050121 0.663035595564073 -6.11329481256671
"CAPNS1" -0.595324345531838 0.739184125827107 -1.08900387369623 0.281842446395823 0.663035595564073 -6.11415597144019
"P62979" 0.379134490199788 0.649622135978336 1.08880950745199 0.281927256388781 0.663035595564073 -6.11436359416517
"PROC" -0.838045899207108 1.68102634411129 -1.08794631715885 0.282304117871965 0.663035595564073 -6.11528523229384
"KRT72" 1.16235721158471 1.78368945396979 1.08692138349349 0.282752053149158 0.663035595564073 -6.11637866490671
"P63000" 0.534882630237425 0.56948871392229 1.08583025171483 0.283229466124302 0.663035595564073 -6.11754164496437
"eNO1" -0.931212550289333 2.99192467694863 -1.08347602106245 0.284261455176487 0.663035595564073 -6.12004711899607
"KRT27" -1.27432687637962 0.822600485886249 -1.08234414814362 0.284758552136076 0.663035595564073 -6.12124986940426
"eeF1A1" -0.726682145461208 3.10639466574768 -1.07359236878382 0.288622672747063 0.669562156262488 -6.13050937344218
"KRT5" -0.66321080800704 4.67624021226336 -1.06156304310544 0.293993252959657 0.67416466107733 -6.1431199545291
"BCL2L14" 0.415625951270377 0.278345186011782 1.05893616009594 0.295175196283211 0.67416466107733 -6.1458557887746
"MYH14" 0.389580705207469 0.505922711842503 1.05689345608319 0.296096562892355 0.67416466107733 -6.1479787569645
"KRT33B" 0.745381815616137 0.421834264019887 1.0557871095298 0.296596412400265 0.67416466107733 -6.14912694661288
"SeRPINB12" 0.429038498765813 0.57571456833276 1.05503269094668 0.296937594353229 0.67416466107733 -6.14990924166172
"S100A9" 0.555724131327389 0.734901277775447 1.0548570249431 0.297017077305068 0.67416466107733 -6.15009132228603
"H4C1" 0.429038498765813 0.852768548672937 1.03688445189918 0.305226785227347 0.687337533292798 -6.16856752644089
"KRT31" 0.791357618164887 0.616384676505695 1.03595092020821 0.305657423260433 0.687337533292798 -6.16951895014032
"BLVRB" -0.776366099361553 1.35086998416588 -1.03501732789487 0.306088505317395 0.687337533292798 -6.17046961833918
"RAC1" 0.534882630237425 0.591880443610741 1.03040249804885 0.308225495251498 0.689681870580479 -6.17515684709797
"H2BC18" 0.360535890010583 0.730843712997558 1.01808453470231 0.313979402553516 0.700074215587522 -6.18757015687392
"ILK" 0.566423404855806 0.589892980239292 1.00570548625122 0.319834939010271 0.708769126229019 -6.19990133448063
"PYGL" 0.350382932274211 0.289094199092255 1.0033337155058 0.320965203818903 0.708769126229019 -6.20224747039973
"F13A1" -0.594189388248198 1.66628805992448 -1.00273957190261 0.321248764027733 0.708769126229019 -6.20283436253234
"AMBP" -0.520656229314834 3.34141423414827 -0.999018430734061 0.32302855429289 0.709879426508695 -6.2065025238944
"FGB" -0.894189611049534 2.91781616788423 -0.996988972691021 0.324002020339943 0.709879426508695 -6.20849758882572
"eZR" -0.840330327440268 1.29807461408825 -0.990184437440101 0.327280328502157 0.712882782208611 -6.2151584706428
"Q02413" 0.638096431167816 0.973412188118829 0.989456517693691 0.327632340476224 0.712882782208611 -6.21586843710357
"KRT25" -1.27432687637962 0.870916214072822 -0.983053494026003 0.330739687607034 0.715642142768985 -6.22209199099336
"B2M" 0.446894646777115 0.513877245340613 0.980255913147464 0.332103499494578 0.715642142768985 -6.2247990070812
"THBS1" -0.545185824739923 3.82406536567389 -0.979847468771697 0.332302928417294 0.715642142768985 -6.2251936106093
"LYZ" 0.390077059658752 0.618327282928133 0.974698823346508 0.334823681047742 0.718618172588861 -6.23015426720249
"CATHL4" -0.595324345531838 0.921576588262768 -0.970456214274482 0.336910383433474 0.720095199499133 -6.23422313620464
"CHIA" -0.681392206532827 2.43697362564595 -0.96116247826061 0.341511574969846 0.720095199499133 -6.24307677162285
"PPIe" -0.582858927929595 0.534199470938428 -0.959410478344802 0.34238359728842 0.720095199499133 -6.24473664599459
"YWHAG" 0.599012732931332 0.468170897201404 0.958908816680123 0.342633559808567 0.720095199499133 -6.24521139332247
"P80209" -0.396815755152132 0.368808821772609 -0.956343059013704 0.343913881460284 0.720095199499133 -6.24763576913395
"TTR" -0.397698049771426 3.61322770476154 -0.952472818616424 0.345851105886147 0.720095199499133 -6.25128094399329
"C9" -0.697130175337831 2.59736352446115 -0.946961534795606 0.348622116244421 0.720095199499133 -6.25644722013215
"FHL1" 0.341666223566378 0.658231571395055 0.946826095300624 0.348690396638434 0.720095199499133 -6.25657381838394
"H2BC12L" 0.360535890010583 0.477914723900764 0.945422424557066 0.349398559226243 0.720095199499133 -6.25788483519664
"H2BC13" 0.360535890010583 0.477914723900764 0.945422424557066 0.349398559226243 0.720095199499133 -6.25788483519664
"P0CG53" -0.712061402992813 1.03241699431888 -0.945382519938762 0.349418705189183 0.720095199499133 -6.25792207844967
"ASL" -0.492123120082115 0.347499488022769 -0.944842963632757 0.349691176545194 0.720095199499133 -6.25842550169847
"P00488" 0.322609588078395 0.373297292501453 0.943544566782164 0.350347426697676 0.720095199499133 -6.25963581506007
"CCDC168" 0.791357618164886 0.497858398849557 0.930770652235653 0.356846737298153 0.722263801402391 -6.27145779895645
"KRT19" -0.898155945771767 2.96099265043905 -0.924385600005663 0.360124652402118 0.722263801402391 -6.27730889844896
"O60814" 0.360535890010583 0.497880389597874 0.923541235875854 0.360559583901352 0.722263801402391 -6.27807974925848
"H2BC14" 0.360535890010583 0.497880389597874 0.923541235875854 0.360559583901352 0.722263801402391 -6.27807974925848
"H2BC9" 0.360535890010583 0.497880389597874 0.923541235875854 0.360559583901352 0.722263801402391 -6.27807974925848
"H2BC5" 0.360535890010583 0.497880389597874 0.923541235875854 0.360559583901352 0.722263801402391 -6.27807974925848
"H2BC15" 0.360535890010583 0.497880389597874 0.923541235875854 0.360559583901352 0.722263801402391 -6.27807974925848
"H2BC4" 0.360535890010583 0.497880389597874 0.923541235875854 0.360559583901352 0.722263801402391 -6.27807974925848
"UBC" -0.712061402992813 1.09692025673344 -0.91707114190808 0.363903619736055 0.726655645738768 -6.28396401497684
"HBB" -0.745984377588161 3.60338993350591 -0.914371109018626 0.36530502461687 0.727152903890362 -6.28640778975682
"KRT10" -1.56894821280867 1.86919749840774 -0.905093839871631 0.370146713467236 0.734473510056057 -6.29475162612791
"PLeK" 0.321820548630142 0.356570434842956 0.894797671663196 0.37556813346159 0.742894959919321 -6.30391575333401
"H2B1" -0.522269155625438 0.855501407010386 -0.879056468541378 0.383954003514148 0.75710930067946 -6.31773054852345
"AOCX" 0.714004567790511 0.648107272474439 0.875962341747863 0.385616170035434 0.757460544523266 -6.32041815775982
"NCAM1" -0.456029144213883 0.308761910501216 -0.874259343491573 0.386532956159258 0.757460544523266 -6.32189350166457
"MAN2B1" 0.369103663413791 0.257721982999801 0.86762728399544 0.390116314753622 0.762115772784939 -6.32761254007601
"TG" -0.697984282763992 0.830439203374032 -0.862070174771856 0.39313487730629 0.763049068191064 -6.33237217755375
"ACTC1" 1.10557153485485 3.14765073265295 0.860601966299146 0.393934827530565 0.763049068191064 -6.33362474919207
"LBP" -0.646842936336784 1.85962211188047 -0.859587783486411 0.394487996785146 0.763049068191064 -6.33448877165696
"AZGP1" 0.429038498765813 0.618569799322471 0.854228968063064 0.39741892538002 0.763049068191064 -6.33903778606753
"AGT" -0.347699559188231 5.10974841269168 -0.853900235905405 0.397599161316125 0.763049068191064 -6.33931594508417
"HSP90AB1" -0.732678465191059 1.67089272268817 -0.852697943907603 0.398258782527175 0.763049068191064 -6.34033238996548
"Q0VCM4" -0.618342826935605 0.998684414612892 -0.851241154489623 0.399058942160144 0.763049068191064 -6.34156213449012
"KRT33A" 0.58268008355321 0.335776781552413 0.845519265217884 0.402211422143349 0.765193509979902 -6.34637254026124
"Q9BUF5" 0.482515089526528 0.589043054365598 0.844805453523051 0.402605777041723 0.765193509979902 -6.34697043838807
"B4GAT1" -0.357809273316174 0.601513335851212 -0.828928601436289 0.411438928216079 0.779633524637676 -6.36014256049684
"MPV17L" -0.492466177518546 0.315558794847105 -0.826634834757388 0.412724829028748 0.779728644063292 -6.36202553201925
"eeF2" -0.456029144213883 0.411835233384375 -0.813585140860083 0.420087270044295 0.791268857904329 -6.37264176585707
"AOCY" 0.370156333089436 0.299076449280129 0.807879305848785 0.423331311052624 0.793303707974754 -6.37723205375521
"AKR1A1" -0.328521969016677 0.457750447432581 -0.807264057055982 0.423682012024552 0.793303707974754 -6.37772514090025
"P00558" 0.369103663413791 0.750630568987068 0.803642637452781 0.425749831046705 0.793592282318615 -6.38062010661008
"P14923" 0.605666174003853 0.931804160540682 0.802590949567835 0.426351479724264 0.793592282318615 -6.38145845670468
"Q3SWY2" -0.523813533980909 0.975216442046511 -0.77700334874611 0.441146821851034 0.818716601729419 -6.4015264807213
"VNN1" 0.522820318489554 2.79085309958901 0.774356677280486 0.442694349820252 0.819179280752431 -6.40356611950815
"AFP" 0.247437326355029 5.63990601640145 0.771184967405398 0.444553089332945 0.820213448447626 -6.40600144789874
"CP" 0.566423404855806 0.486714698212137 0.766079963073285 0.447554451080778 0.823343611171927 -6.4099007662642
"YWHAe" 0.490994481480966 0.894440115061187 0.762690593094563 0.449553703870898 0.824617404484117 -6.41247570545348
"YWHAB" -0.459752003816872 0.691992842911427 -0.75855482303068 0.452000300018062 0.82670199800405 -6.41560261852769
"LOXHD1" 0.238503799220534 0.305129942147082 0.749532524747451 0.457364517339455 0.832246014925529 -6.42236653555772
"P18065" 0.275086541405631 0.31297054960441 0.749021646195276 0.457669361615148 0.832246014925529 -6.42274717425771
"PGLYRP1" -0.612688551463274 1.52650722953648 -0.746728675593214 0.459039040968162 0.832338031180777 -6.4244524724663
"HRNR" 0.251759390969457 0.465822623919104 0.744196655547136 0.460554266644789 0.832692671211638 -6.4263296268354
"Q08554" 0.275086541405631 0.505329989393162 0.740327793424119 0.462875064095212 0.833150054663093 -6.42918585412671
"HP20" -0.417099953091673 0.680981753881348 -0.739374457791816 0.463447970185017 0.833150054663093 -6.42988743266214
"CPN1" -0.692790128644776 2.23358421359915 -0.737023010851384 0.464862813313495 0.833319418184134 -6.43161413627465
"THBS2" -0.552083742750243 0.556608593747009 -0.7256614317833 0.471733821592286 0.84324091055165 -6.43988144385496
"MAPRe2" -0.281356590181815 0.42282012260482 -0.718832847681986 0.475891138018095 0.846453547884537 -6.44478992436242
"FeRMT3" -0.591632144849225 1.78631223336103 -0.718304014153131 0.476213961171174 0.846453547884537 -6.44516816499316
"GSN" -0.247387559718939 4.6420356331314 -0.707142093571527 0.483056533987435 0.856204137488964 -6.45308807119993
"RPS27A" -0.503670555436232 1.43074905315533 -0.703055392409706 0.485575526199031 0.858258142945627 -6.45595743858458
"TBA1B" -0.643022894457163 2.81683154113251 -0.696544518379297 0.489603875987942 0.862961021643551 -6.46049525865807
"KRT78" -0.600226306316151 1.21398713660327 -0.690438856060929 0.493398340204002 0.867226609105084 -6.46471311437665
"GALK1" 0.2235531485585 0.276395954789196 0.685406749564064 0.496537814716083 0.87032044746069 -6.46816201292187
"ITIH4" -0.287246647947505 5.50207756163405 -0.666522570336331 0.508416943117741 0.88679056198153 -6.4808843650089
"COL1A2" -0.444802148006193 1.33481183586698 -0.666004267339726 0.508745140154222 0.88679056198153 -6.48122863547971
"HNRNPR" 0.275086541405631 0.274976810390274 0.662088605767014 0.511228296565884 0.888664063727474 -6.48382103376889
"P00742" 0.204165508921041 0.369009306496356 0.657688869674314 0.51402621667983 0.891072919574102 -6.48671602910819
"APCS" -0.514470794861233 0.693876707081285 -0.651078915329491 0.518245097056562 0.892553901404962 -6.49102973389842
"HSPA1L" -0.59434297389288 1.39618597961092 -0.64942240221247 0.519305276824771 0.892553901404962 -6.49210408563614
"KNG2" -0.449505762199867 4.12277039415999 -0.648715737070147 0.519757899040688 0.892553901404962 -6.49256158450162
"COL10A1" -0.336884835877258 0.836743477537966 -0.647497674368863 0.520538566904954 0.892553901404962 -6.49334901727306
"HPX" 0.298130217188113 4.43467162277725 0.645123332097396 0.522062097411383 0.892740334597785 -6.49487976632717
"H2AZ2" -0.436516518218006 0.622406535074498 -0.638916243937239 0.526056123888806 0.897138957226585 -6.49885541838048
"RPS4X" 0.288445841896998 0.513292028294379 0.628909687997828 0.532528770625457 0.905729526319848 -6.50518514138918
"FN1" -0.573492126292089 3.63302739964173 -0.623173062859965 0.536258146584549 0.907917798703786 -6.50876960866782
"P35625" -0.102492738707182 0.334972889619899 -0.622505378070122 0.536693088615709 0.907917798703786 -6.50918470676057
"PGK2" 0.220685685319671 0.431077244658023 0.618595821735423 0.539243518167596 0.90885485957135 -6.51160648886621
"KRT80" -0.528655315120808 1.37415635638299 -0.617242710338739 0.540127689919582 0.90885485957135 -6.51244118187087
"P05109" 0.291724180889914 0.687321161041491 0.609634262191126 0.545113236032727 0.914479968754401 -6.51710112971168
"Q14533" 0.400142789686101 0.451527797045678 0.607723219606313 0.546369173090982 0.914479968754401 -6.51826265330714
"H2AZ1" -0.436516518218006 0.669371869306268 -0.598636484213735 0.552361166877365 0.921354440169239 -6.52373643663297
"UBA1" -0.228917565517723 0.371507614924474 -0.597071170391843 0.553396723968529 0.921354440169239 -6.52467117597304
"SeRPINB3" 0.38380572425049 0.783301319974117 0.582097180924277 0.563352377516029 0.933190373171896 -6.53349121626394
"RAB8A" -0.209287725711972 0.302377082886402 -0.581930644977939 0.563463600916787 0.933190373171896 -6.53358806940889
"FAP" -0.34401637901082 0.55780279319837 -0.575878053885694 0.567513313709458 0.937436913483424 -6.53708957542127
"P11021" 0.309499587831289 0.437578763486024 0.57008496636128 0.571402832911211 0.939875940233458 -6.54040716408258
"KRT35" -0.590188427637107 1.03842056043664 -0.568615776912609 0.572391335626911 0.939875940233458 -6.54124328465757
"KRT86" 0.400142789686101 0.501964950096177 0.567031250984256 0.573458378747831 0.939875940233458 -6.54214265962479
"C7" -0.451202444267273 3.19095786669979 -0.558546615922172 0.579188570952441 0.946808259769405 -6.54691642374796
"TUBA4A" -0.503824321531933 2.94213655683537 -0.548456437677164 0.586039024228732 0.955531328910413 -6.55250111033225
"eRC1" -0.102492738707182 0.453126800778874 -0.537193840655125 0.593731016890203 0.963783279689883 -6.55861603836956
"GPLD1" 0.454041041667969 1.27736996011665 0.530848355588412 0.598085700371894 0.963783279689883 -6.56200609419245
"TF" 0.173203049487548 6.43319179890424 0.530837944375455 0.598092857517787 0.963783279689883 -6.56201162366335
"ARF1" -0.250943961944818 0.648213854274732 -0.530353326961627 0.598426050227329 0.963783279689883 -6.56226888897227
"ALDOB" 0.261479450490687 0.356123696946491 0.529901178361834 0.598736997842209 0.963783279689883 -6.56250870853442
"HSPA8" -0.499736017952447 2.18840594973386 -0.527623473423868 0.600304550644014 0.963847764520033 -6.563713730733
"SLC2A1" -0.102492738707182 0.273565477653511 -0.51989539987793 0.605637366559699 0.968577910508113 -6.56776406032038
"TUBB6" -0.471508774640474 0.781667074279942 -0.517667638414711 0.607178710162062 0.968577910508113 -6.56892067888015
"ARF3" -0.250943961944818 0.662656135431604 -0.506204380609232 0.615138355149859 0.968577910508113 -6.57479459631234
"P27348" 0.184553675341 0.290054174300835 0.502165521169226 0.617954037586746 0.968577910508113 -6.57683317868742
"TUBB3" 0.565933555262113 1.54141251624483 0.501426695477511 0.618469737930479 0.968577910508113 -6.57720434788955
"PGM1" -0.213504929851548 0.393637497378766 -0.493994530715259 0.623668155528839 0.968577910508113 -6.58090803074663
"ACO1" 0.224271178888125 0.368919030414894 0.493060218986896 0.624323038241474 0.968577910508113 -6.58136975679841
"HSP90AA1" -0.48471445896804 2.00619567514892 -0.490090306275222 0.62640676008197 0.968577910508113 -6.58283170977404
"UBB" 0.170743642643207 0.577739721944097 0.488771108301923 0.627333313571499 0.968577910508113 -6.58347828791693
"P0CG48" 0.170743642643207 0.577739721944097 0.488771108301923 0.627333313571499 0.968577910508113 -6.58347828791693
"KRT20" -0.329121481572379 1.22298441785712 -0.486494008911858 0.628934088480781 0.968577910508113 -6.58459030460035
"CSRP1" 0.238503799220534 0.533260908749307 0.483017717551394 0.631381358200441 0.968577910508113 -6.58627803312929
"CA2" 0.204954548369294 0.345645323777982 0.478921096673881 0.634270698027999 0.968577910508113 -6.58825155314543
"IQGAP1" 0.327407281004058 0.787962784654897 0.478840150846589 0.634327847231586 0.968577910508113 -6.58829038062975
"TUBB5" -0.473023851549217 2.02978074745611 -0.466386095398649 0.643147287616653 0.968577910508113 -6.59418683252854
"SeRPINF2" -0.20494449546915 4.3277909011828 -0.46605880243215 0.643379772096852 0.968577910508113 -6.59433971644522
"RPS4" -0.309575387034516 0.663552093265655 -0.46596582794591 0.643445820807332 0.968577910508113 -6.59438312696658
"P19827" 0.31196631888315 0.489176403833407 0.443477299373699 0.659505998957332 0.968577910508113 -6.60463111630364
"HBG1" -0.102492738707182 0.477156268145192 -0.443428776521424 0.659540830986054 0.968577910508113 -6.60465268500927
"HBG2" -0.102492738707182 0.477156268145192 -0.443428776521424 0.659540830986054 0.968577910508113 -6.60465268500927
"P07737" -0.102492738707182 0.41744026887899 -0.44056175774511 0.66160026579165 0.968577910508113 -6.6059229391433
"P16070" -0.102492738707182 0.292146950984891 -0.432557139330994 0.667364113801519 0.968577910508113 -6.60942619664895
"P62987" 0.170743642643207 0.600125432816278 0.429566826478631 0.669522570374856 0.968577910508113 -6.61071857647925
"P05786" -0.53092952751544 1.54148494534518 -0.429198355664748 0.669788734334338 0.968577910508113 -6.61087721008696
"H2AC6" -0.102492738707182 0.321811550347599 -0.427607752861247 0.670938193509293 0.968577910508113 -6.61156044494388
"CST3" -0.123727943410865 0.296271887536228 -0.419894831846327 0.676523228790438 0.968577910508113 -6.61483779963539
"Q14624" 0.31196631888315 0.627085872180991 0.418766742276049 0.677341646879706 0.968577910508113 -6.61531218324854
"KLKB1" 0.29579009749957 2.45522538487941 0.417232958962528 0.678455023148715 0.968577910508113 -6.6159551376122
"TAGLN2" -0.378102176208701 1.7896858980515 -0.412511989978736 0.681886527548874 0.968577910508113 -6.61791945053655
"RPL12" -0.102492738707182 0.361472331618091 -0.410399087882146 0.683424530679283 0.968577910508113 -6.61879140593595
"ACTN1" -0.320712819164851 0.758090282966487 -0.405168606291859 0.687237683090345 0.968577910508113 -6.62093080810099
"PGK1" -0.358507144486509 1.44964417635107 -0.404831331759988 0.687483848313482 0.968577910508113 -6.62106782716811
"ITIH2" 0.141992084717631 0.271640739549629 0.401874621337585 0.68964331329537 0.968577910508113 -6.62226415238264
"NeFH" 0.228224382609202 0.384919047854502 0.400991347499575 0.690288929622862 0.968577910508113 -6.62261984793667
"AFM" 0.286570713185231 3.6330774368852 0.39984377441336 0.691128079458401 0.968577910508113 -6.6230808164722
"SeRPINA7" -0.23481377872475 3.61633860496395 -0.393995133888783 0.695410904317437 0.968577910508113 -6.62540977504234
"CD14" -0.311036444234241 0.896772712450706 -0.391667127154729 0.697118456704459 0.968577910508113 -6.62632731623892
"O00299" -0.102492738707182 0.309808546473659 -0.388460366774948 0.699473155499215 0.968577910508113 -6.62758235830668
"CSN2" -0.253830599562738 0.719409121077165 -0.386889053006852 0.700628051299483 0.968577910508113 -6.62819358792392
"KNG1" -0.179146686685527 4.54464354662345 -0.384725090176805 0.702219707020545 0.968577910508113 -6.62903132515588
"P35443" -0.102492738707182 0.314705057137273 -0.384259436219102 0.702562385398856 0.968577910508113 -6.62921098393914
"C4" -0.166782914975472 4.59241938916497 -0.383193080621363 0.70334735997936 0.968577910508113 -6.62962159132569
"CKB" -0.138214047841908 0.278064743634779 -0.38067050003596 0.705205602494088 0.968577910508113 -6.63058841481634
"P62851" 0.136142839248626 0.538293948984258 0.377815591012553 0.707310845651878 0.968577910508113 -6.63167495511579
"P11171" -0.102492738707182 0.343269224856955 -0.3769630157959 0.707939993993065 0.968577910508113 -6.63199785782349
"KRT24" 0.204165508921041 0.307843755544185 0.376299682427669 0.708429635941964 0.968577910508113 -6.6322485860237
"BLMH" -0.102492738707182 0.34131178630279 -0.373023557354389 0.710849742172796 0.968577910508113 -6.63348046688342
"RPL30" -0.102492738707182 0.316838166991133 -0.366614581930756 0.715592812911579 0.968577910508113 -6.63585939548602
"P07195" -0.102492738707182 0.331726118496806 -0.366276965395127 0.71584298842681 0.968577910508113 -6.63598357810767
"P29279" -0.102492738707182 0.375357173522509 -0.364414778551502 0.717223443788602 0.968577910508113 -6.63666648667605
"C3" -0.140778767316457 6.60985039740058 -0.360089312669294 0.72043362683526 0.968577910508113 -6.63823938401184
"MFGe8" -0.102492738707182 0.28800563179801 -0.358188942411834 0.721845618806429 0.968577910508113 -6.63892452373071
"TUBB4B" -0.361744529456486 1.99452773543662 -0.356591086210432 0.723033598505332 0.968577910508113 -6.6394978083865
"SeRPINC1" -0.226502812893651 4.95379030804966 -0.35374460921394 0.725151614719833 0.968577910508113 -6.64051276317378
"CATHL1" 0.199045071418655 0.572803420151975 0.349600343834681 0.728239176979236 0.968577910508113 -6.64197600117457
"Q06830" -0.102492738707182 0.336582340418348 -0.348085723525819 0.729368740850672 0.968577910508113 -6.64250649691181
"F5" -0.311854106060496 4.62038982616386 -0.347887186166123 0.729516849828744 0.968577910508113 -6.64257586478458
"CAP1" 0.319381799948056 1.32920007249191 0.343846755084783 0.732533271369707 0.968577910508113 -6.64397901654809
"HNRNPK" 0.170743642643207 0.431388864781368 0.337722366852953 0.737113625434404 0.968577910508113 -6.64607478781398
"P04272" -0.334405219369429 1.21847887840817 -0.337507898290381 0.737274199893813 0.968577910508113 -6.64614750005086
"CLIC1" -0.157244242279898 0.656642505144377 -0.336324739567933 0.738160253802636 0.968577910508113 -6.64654780552822
"HGFAC" 0.10303064561057 0.363443167339019 0.336038254056081 0.738374853594044 0.968577910508113 -6.64664452361368
"GC" 0.105064633965902 4.99867536177431 0.333639467048449 0.740172555339944 0.968577910508113 -6.64745114064602
"LGALS3BP" -0.199250594831905 0.705418077214483 -0.331002050126839 0.742150784394015 0.968577910508113 -6.64833136262366
"HMGB2" 0.243292430690933 1.45785418284916 0.330581365434755 0.74246648763716 0.968577910508113 -6.64847112073087
"P00338" 0.141992084717631 0.339952528327364 0.329185086507525 0.743514647075109 0.968577910508113 -6.64893371884088
"P23526" -0.102492738707182 0.434848844648397 -0.327957935091449 0.744436251422897 0.968577910508113 -6.64933867478448
"AHSG" -0.10144188591527 6.27250171719331 -0.327359401951557 0.744885893749707 0.968577910508113 -6.64953564262808
"B4GALT1" -0.212653802318856 0.604090201189785 -0.325472125850188 0.746304279414101 0.968577910508113 -6.6501543706974
"IGKC" 0.238503799220534 0.647521334386395 0.324960553485889 0.746688905771004 0.968577910508113 -6.65032147213608
"P37802" 0.105898108849399 0.354293361291635 0.319048906354636 0.751138291513016 0.968577910508113 -6.65223348741868
"RPL22" 0.0829224575792457 0.348742198865514 0.311482293281473 0.756845759889167 0.968577910508113 -6.65462978002571
"PLG" -0.199877823756824 5.08341324061474 -0.308097301514775 0.759403510388518 0.968577910508113 -6.65568324329548
"P16403" 0.136142839248626 0.413501804493008 0.300177413985064 0.76539848180958 0.968577910508113 -6.65810325025028
"H1-4" 0.136142839248626 0.413501804493008 0.300177413985064 0.76539848180958 0.968577910508113 -6.65810325025028
"P62937" -0.102492738707182 0.554483106393435 -0.29663983156334 0.768080982806359 0.968577910508113 -6.65916391710204
"A2M" 0.100814496170792 6.85398639709391 0.294638582451246 0.769599777082825 0.968577910508113 -6.65975840092791
"P02656" -0.102492738707182 0.312947293834637 -0.292203029389796 0.771449406676016 0.968577910508113 -6.66047648930021
"CSN1S2" 0.184553675341 0.825354632457218 0.286799985190846 0.775557414714482 0.968577910508113 -6.66204830131377
"P09210" 0.136142839248626 0.330527392169844 0.28626776472563 0.775962422559576 0.968577910508113 -6.66220154947296
"K2C4" 0.32871295844548 1.07211431784201 0.279875195683895 0.780831912034488 0.968577910508113 -6.66402006950848
"F11" 0.186984762291875 0.767003666770929 0.279376575218157 0.781212108645102 0.968577910508113 -6.66416019357046
"P61284" -0.102492738707182 0.272669072133968 -0.278366759805521 0.781982255289506 0.968577910508113 -6.6644432126239
"YWHAQ" 0.184553675341 0.514867348909609 0.277148325021477 0.782911801710312 0.968577910508113 -6.66478334140628
"IGFBP2" -0.291648111949255 2.40775523204748 -0.272921557416187 0.786138885722746 0.968577910508113 -6.66595172615028
"HPD" 0.127378918489282 0.415668077339158 0.268567049168871 0.789467471466738 0.968577910508113 -6.66713670486081
"WDR1" 0.129158244802904 0.49446527816826 0.267857745052054 0.790010041402828 0.968577910508113 -6.66732792629421
"MBL" 0.105636300390677 0.373473500404577 0.262683762818086 0.793970955234346 0.968577910508113 -6.66870753060345
"GGH" 0.151379943033884 0.577545365003286 0.259553775169445 0.796369774794294 0.968577910508113 -6.66952909567048
"RPS25" 0.136142839248626 0.528543909319453 0.2588291142423 0.796925438638572 0.968577910508113 -6.66971790628461
"P46781" -0.102492738707182 0.294764093673969 -0.258274424550034 0.797350841856415 0.968577910508113 -6.66986207521809
"DCD" 0.0829224575792457 0.409362076418307 0.255403582682259 0.799553542063016 0.968577910508113 -6.67060330485621
"P05452" -0.102492738707182 0.63467875107243 -0.255161686183618 0.799739216639968 0.968577910508113 -6.67066538333307
"HSPA1B" -0.221259668885036 2.41794247840277 -0.254439662303726 0.80029349622706 0.968577910508113 -6.67085032922545
"HSPA1A" -0.221259668885036 2.41794247840277 -0.254439662303726 0.80029349622706 0.968577910508113 -6.67085032922545
"CATHL2" -0.102492738707182 0.348458948683919 -0.253412078772152 0.801082525391741 0.968577910508113 -6.6711126428879
"THeMIS" -0.102492738707182 0.314023317558594 -0.252088760421489 0.802098943061564 0.968577910508113 -6.67144889015259
"F9" -0.181335779732079 1.26479360370761 -0.251731892230175 0.802373106588616 0.968577910508113 -6.67153926767323
"Q00610" 0.14199208471763 0.270744400877645 0.249796090051141 0.803860721185426 0.968577910508113 -6.67202728841683
"P05543" -0.102492738707182 0.424580065328214 -0.247899451268113 0.805318951829352 0.968577910508113 -6.6725017922277
"HBe1" -0.102492738707182 0.355476418673161 -0.247877649268215 0.805335718373986 0.968577910508113 -6.67250722571562
"FGG" -0.260748304938285 1.88977614221664 -0.247874097434752 0.805338449874102 0.968577910508113 -6.67250811085736
"Q86UX7" -0.102492738707182 0.290262389270065 -0.244561058929474 0.807887371494958 0.968577910508113 -6.67332823451907
"H1-3" 0.136142839248626 1.0433624240056 0.242495863135448 0.809477320443635 0.968577910508113 -6.67383389314056
"P08697" -0.102492738707182 0.422768746850354 -0.240460961813642 0.811044741355321 0.968577910508113 -6.67432795083809
"F12" -0.155704476765643 1.40352742793015 -0.23956069527657 0.81173843870975 0.968577910508113 -6.67454520331605
"MSN" -0.264716913002672 1.31140299204594 -0.239371891025987 0.811883940578331 0.968577910508113 -6.67459066248183
"TIMP3" -0.102492738707182 0.303581002833819 -0.237252875042222 0.813517417990917 0.968577910508113 -6.67509841422861
"LPA" 0.105898108849399 0.288490087895019 0.235772554590586 0.814659044519431 0.968577910508113 -6.67545045180677
"ARHGDIB" 0.0829224575792457 0.279676009478865 0.233613643649374 0.816324730047219 0.968577910508113 -6.67595992585173
"S100A12" -0.102492738707182 0.286516449992109 -0.232802160179394 0.816951043932957 0.968577910508113 -6.67615021614546
"H1-2" 0.136142839248626 1.01099196772226 0.232749402454477 0.816991767241895 0.968577910508113 -6.67616256479552
"P01009" 0.184553675341 0.384859138319171 0.230232682973361 0.818934995823749 0.968577910508113 -6.67674839309087
"ANG1" -0.102492738707182 0.327357710119103 -0.230043096661771 0.81908142735541 0.968577910508113 -6.67679226660868
"PGAM1" 0.0882174909083192 0.402911325504952 0.227984415964817 0.820671917343234 0.968577910508113 -6.67726635886427
"P51884" -0.102492738707182 0.355631198281322 -0.227645784248402 0.820933609683829 0.968577910508113 -6.67734393492163
"P02649" -0.102492738707182 0.591694934187602 -0.226489253749026 0.821827523844989 0.968577910508113 -6.67760801335305
"RDX" -0.102492738707182 0.501332519865363 -0.225490225843038 0.822599892385015 0.968577910508113 -6.67783504785283
"ACTN3" -0.102492738707182 0.28601249898022 -0.223989340736162 0.823760590425317 0.968577910508113 -6.67817424979224
"FLG2" 0.0829224575792457 0.546101704521524 0.22234603392179 0.825031885955689 0.968577910508113 -6.67854304702086
"H2AC4" 0.0530886029341064 0.328575956505916 0.219064777977134 0.827571747687187 0.968577910508113 -6.67927133179684
"H2AC25" 0.0530886029341064 0.328575956505916 0.219064777977134 0.827571747687187 0.968577910508113 -6.67927133179684
"IGFBP4" -0.102492738707182 0.316080397760248 -0.2169377220483 0.829219196524059 0.968577910508113 -6.67973766619443
"O75083" 0.0829224575792457 0.280586141774954 0.215606366901139 0.83025075404003 0.968577910508113 -6.68002724120538
"P35580" -0.102492738707182 0.441271939685429 -0.215382123590614 0.830424531518495 0.968577910508113 -6.68007583996395
"HABP2" -0.121409243835881 1.13805930585204 -0.215290164287569 0.83049579790929 0.968577910508113 -6.68009575509917
"ReG1" -0.102492738707182 0.282004772270175 -0.212879440279769 0.832364566793465 0.968577910508113 -6.68061480502444
"Q32Le4" -0.102492738707182 0.358614391703744 -0.211893001031344 0.833129527454562 0.968577910508113 -6.68082551225983
"GAPDHS" -0.102492738707182 0.322370115713481 -0.211818916619214 0.833186984789722 0.968577910508113 -6.68084129754578
"LOX" -0.102492738707182 0.69202037673911 -0.211203282765328 0.833664484916973 0.968577910508113 -6.68097225854758
"P06733" -0.102492738707182 1.00307738353785 -0.208190952619773 0.836001829707368 0.968577910508113 -6.68160757291362
"IGLC3" -0.102492738707182 0.303549571080174 -0.208172883648677 0.836015854425847 0.968577910508113 -6.68161135626063
"CLTC" 0.141992084717631 0.392360977696785 0.20802927693661 0.836127320556957 0.968577910508113 -6.6816414135038
"eDIL3" 0.105898108849399 0.874239341804051 0.205292345721515 0.838252347109995 0.968577910508113 -6.68221030285154
"Q08380" -0.102492738707182 0.393787616540834 -0.200422631660485 0.842036327925745 0.968577910508113 -6.68320391115297
"ACO2" -0.102492738707182 0.361765483052936 -0.199898105799823 0.842444134060005 0.968577910508113 -6.68330951413853
"COL1A1" 0.165631900996469 1.249747684195 0.199804598565452 0.84251683825483 0.968577910508113 -6.68332831097183
"P02753" -0.102492738707182 0.304305999228133 -0.198108184235458 0.843836082668086 0.968577910508113 -6.68366779991533
"KRT18" -0.102492738707182 0.340387878901831 -0.197444683832118 0.844352188000292 0.968577910508113 -6.68379979447802
"RASA1" -0.102492738707182 0.310522415542501 -0.193024933611809 0.847791851769214 0.968577910508113 -6.68466776471172
"P01042" -0.102492738707182 0.328975594078848 -0.184472111563722 0.854456526070908 0.968577910508113 -6.68629169222593
"HMGCR" -0.102492738707182 0.299332174844075 -0.183248631599128 0.855410796474186 0.968577910508113 -6.68651798792593
"PRDX2" -0.0986601336755379 0.559004630605749 -0.182267102559274 0.85617651186113 0.968577910508113 -6.68669844521282
"CHI3L1" -0.102492738707182 0.759499594345939 -0.181310953038313 0.856922562562581 0.968577910508113 -6.6868733058515
"P13929" -0.102492738707182 0.395447519903641 -0.181108926576762 0.857080213810292 0.968577910508113 -6.68691013493197
"ASS1" -0.102492738707182 0.346997363117123 -0.180993368103933 0.857170392454936 0.968577910508113 -6.68693118261186
"IGF2" -0.102492738707182 0.705943254415119 -0.179073662959437 0.858668758236196 0.968577910508113 -6.68727887290474
"CCN2" -0.102492738707182 0.732630820155657 -0.178612693759533 0.859028631851139 0.968577910508113 -6.68736181081223
"H2AC7" 0.0530886029341064 0.298618059715194 0.177324096047922 0.860034786264697 0.968577910508113 -6.68759252378735
"CDH1" -0.102492738707182 0.600999147693407 -0.175884631991927 0.861159016698911 0.968577910508113 -6.68784827557632
"P68871" -0.102492738707182 0.444238308283867 -0.175385272755509 0.861549087414333 0.968577910508113 -6.68793651115589
"CATHL3" -0.102492738707182 0.337409403174493 -0.174164269615205 0.862503011583727 0.968577910508113 -6.68815120427383
"SPON1" -0.102492738707182 0.468705315670895 -0.173892749086039 0.862715168642438 0.968577910508113 -6.68819874306947
"DYNC1H1" -0.102492738707182 0.327439591398445 -0.173665132870688 0.862893028221387 0.968577910508113 -6.68823853786535
"DSC1" -0.102492738707182 0.453335524236637 -0.173162470913001 0.8632858342885 0.968577910508113 -6.68832623528847
"ARHGeF9" -0.102492738707182 0.399278493642343 -0.172635309997197 0.863697822616686 0.968577910508113 -6.68841793422034
"P02749" -0.102492738707182 0.451919943200276 -0.172497705434929 0.863805370039547 0.968577910508113 -6.68844182439439
"O43707" -0.102492738707182 0.363742985490342 -0.172067404553279 0.864141696564944 0.968577910508113 -6.6885164081847
"PRDX1" -0.102492738707182 0.546049595625712 -0.171375601035716 0.864682468870432 0.968577910508113 -6.6886359280816
"BRN" -0.102492738707182 0.463884710841 -0.170665669264934 0.865237479823076 0.968577910508113 -6.68875807997348
"P00751" -0.102492738707182 0.338174304148422 -0.169237626086604 0.866354104128655 0.968577910508113 -6.68900225727285
"P02763" 0.0829224575792456 0.32012740065791 0.168175250738781 0.867184982106305 0.968577910508113 -6.68918258074521
"IGFBP5" -0.102492738707182 0.517686905947146 -0.166888678846432 0.868191405867381 0.968577910508113 -6.68939944009581
"LeCT2" -0.102492738707182 0.40535114520609 -0.16686703902036 0.868208335561947 0.968577910508113 -6.68940307339366
"K2CA" -0.102492738707182 0.49157497204076 -0.166133686832161 0.868782102931979 0.968577910508113 -6.68952592405562
"MAP4" -0.102492738707182 0.337161908363979 -0.164761943423408 0.869855532588073 0.968577910508113 -6.68975426668376
"PKP1" -0.102492738707182 0.315565674847234 -0.162427104085378 0.871683181919644 0.968577910508113 -6.69013857934199
"GAL3ST4" -0.102492738707182 0.370598323564226 -0.162292783286414 0.871788346252652 0.968577910508113 -6.69016052178416
"MAML2" -0.102492738707182 0.395914935966484 -0.162244480068054 0.871826165061581 0.968577910508113 -6.69016840809209
"BPT2" -0.102492738707182 0.60882521501471 -0.161785117395753 0.87218583631667 0.968577910508113 -6.69024328954564
"LASP1" -0.102492738707182 0.588559131748599 -0.160733087478944 0.873009656214264 0.968577910508113 -6.69041398366191
"Q06033" -0.102492738707182 0.590504811827602 -0.159275785677499 0.874151069849687 0.968577910508113 -6.69064859641674
"PF4" -0.102492738707182 0.493140774575256 -0.157882374879583 0.875242694740297 0.968577910508113 -6.69087092716058
"TUBA1C" -0.102492738707182 0.335330475246119 -0.155723468516999 0.876934507279859 0.968577910508113 -6.6912115453104
"KRT40" -0.102492738707182 0.28844792166748 -0.151407083938807 0.880318747310466 0.968577910508113 -6.69187850963587
"SeRPINA3-8" -0.128283752872298 2.76356503180944 -0.151356318952212 0.880358562914497 0.968577910508113 -6.69188624237834
"P78385" -0.102492738707182 0.434649580733642 -0.150466802873692 0.881056271937659 0.968577910508113 -6.6920213169396
"IGHG4" -0.102492738707182 0.354738482674643 -0.147151447105201 0.88365757074267 0.968577910508113 -6.6925177526137
"KPRP" -0.102492738707182 0.531270244173194 -0.14557271121686 0.884896737991524 0.968577910508113 -6.69275026617667
"ARG1" -0.102492738707182 0.789853158760867 -0.144911267685958 0.885415998977516 0.968577910508113 -6.69284693765148
"P02647" -0.102492738707182 0.803771327597334 -0.143743877868513 0.88633257296843 0.968577910508113 -6.6930164811467
"P02790" -0.102492738707182 0.311598705911339 -0.140772635588793 0.888666144325323 0.968577910508113 -6.69344182205191
"P00738" -0.102492738707182 0.333793307575117 -0.140723668665728 0.888704610657561 0.968577910508113 -6.69344875744763
"KRT84" -0.102492738707182 0.579494009436698 -0.13540048092384 0.892887875228717 0.968577910508113 -6.69418832701922
"Q08188" 0.0829224575792457 0.494699043019943 0.134415901684151 0.893661954902502 0.968577910508113 -6.69432199586123
"P08603" -0.102492738707182 0.361869046592644 -0.133018847843354 0.894760502968901 0.968577910508113 -6.69450999040626
"P02774" -0.102492738707182 0.817341281900046 -0.131771235344424 0.89574171687043 0.968577910508113 -6.69467621645488
"CTSC" 0.0693608438942384 0.512298981811556 0.129424537169295 0.897587777542684 0.968577910508113 -6.69498463860369
"IGHG3" -0.102492738707182 0.378716402118438 -0.129045952998373 0.89788564963392 0.968577910508113 -6.69503387644586
"FeTUB" 0.0506836567852824 4.53036562922424 0.128502368810851 0.898313370622049 0.968577910508113 -6.69510432178684
"IGHG2" -0.102492738707182 0.404079427542237 -0.126600665405236 0.899809971454606 0.968577910508113 -6.69534843323531
"P63267" -0.102492738707182 0.706404285464378 -0.126538331665489 0.899859033064956 0.968577910508113 -6.69535637312345
"P00734" -0.102492738707182 0.971546688862607 -0.126116390687473 0.900191144554143 0.968577910508113 -6.69541001597531
"CPB2" -0.096717736860104 2.49092361437449 -0.121924806938115 0.90349132828159 0.968577910508113 -6.69593318281301
"IGHG1" -0.102492738707182 0.493334150531808 -0.121294247875817 0.903987940519131 0.968577910508113 -6.69601035616054
"UTP15" -0.102492738707182 0.509960648013274 -0.118379210427499 0.906284250851612 0.968577910508113 -6.69636192643222
"ADORA1" -0.102492738707182 0.406560103967575 -0.114454305245824 0.909377356167652 0.968577910508113 -6.69682179155756
"JUP" 0.112834567179197 1.93676595742777 0.113444347354825 0.910173506629112 0.968577910508113 -6.69693761763001
"KRT83" -0.102492738707182 0.457778587254636 -0.110973654002359 0.912121546963175 0.968577910508113 -6.69721664166334
"P62736" -0.102492738707182 0.638998481544567 -0.110456888301741 0.912529064919081 0.968577910508113 -6.69727422535352
"eeF1A2" -0.102492738707182 0.504483922437861 -0.110231713651683 0.91270664357323 0.968577910508113 -6.69729923274984
"P02751" -0.102492738707182 0.622009498720353 -0.107160990825301 0.91512874196569 0.968577910508113 -6.69763516995557
"CRYZL1" -0.102492738707182 0.725116975696209 -0.105845037203505 0.916166979179992 0.968577910508113 -6.6977762317987
"C4B" -0.102492738707182 0.648270272682259 -0.10382741533965 0.917759092154152 0.968577910508113 -6.69798912490853
"KRT81" -0.102492738707182 0.615608932666368 -0.10361936965592 0.917923281273933 0.968577910508113 -6.69801084432302
"SeRPINA1" -0.0317968924266143 6.29018619540095 -0.098894355322241 0.921653210088835 0.97089010945919 -6.6984923984307
"KRT74" -0.102492738707182 0.857335682092491 -0.0920838008769264 0.92703257713329 0.974012918591407 -6.69914698111187
"ACTG2" -0.102492738707182 1.10752783647369 -0.089279668917848 0.929248457990535 0.974012918591407 -6.69940293121023
"ACTA2" -0.102492738707182 1.10752783647369 -0.089279668917848 0.929248457990535 0.974012918591407 -6.69940293121023
"PRDX6" 0.0593942753580142 0.846047017692961 0.0859715080954705 0.931863359925143 0.975133963702762 -6.69969471410194
"RAN" 0.0390650599544483 0.736928979129569 0.0837202408511674 0.93364328741477 0.975378997282649 -6.69988698106462
"SeRPINA3-2" 0.0451581082240784 4.68780865363659 0.0772005161683619 0.93879990181401 0.978281265910222 -6.70041501895487
"GSTP1" 0.0351970977128404 0.538057025454663 0.0762876805799336 0.939522103235491 0.978281265910222 -6.70048553647399
"F2" -0.0455273773820721 4.46967325870573 -0.0697301623215347 0.944711640138244 0.982064324427071 -6.70096746228659
"SeRPINA3-4" -0.0631944331155774 4.28063114130312 -0.0659284406177126 0.947721399584533 0.982504736203934 -6.70122704124923
"CFB" -0.0451729493117385 4.57360680274049 -0.0645450963436124 0.948816763699039 0.982504736203934 -6.70131788559211
"PFKL" -0.0245241916795349 0.353274024389126 -0.0631004082736069 0.949960807898411 0.982504736203934 -6.70141070238106
"CNTN1" 0.0393930896097652 0.660028748805807 0.0596905121753552 0.952661512726167 0.982504736203934 -6.7016214473557
"ITIH1" -0.049171687066309 3.80924768927212 -0.0593634279112462 0.952920599931549 0.982504736203934 -6.70164104732763
"LDHA" -0.0521608945271044 1.61294037748063 -0.0540929859882044 0.957096066652676 0.984657403283176 -6.70194202284537
"P50395" 0.015162301001919 0.305060164883725 0.052788925408194 0.958129390833392 0.984657403283176 -6.70201217816498
"PROS1" 0.0542958198190071 2.03387790338065 0.0493833318401653 0.96082828634785 0.984793635323157 -6.70218731874172
"CSTA" 0.015162301001919 0.381212035195322 0.0486830292098732 0.961383327034967 0.984793635323157 -6.70222188630688
"TUBB2B" -0.0440446797242444 0.765486657853197 -0.042724150251317 0.966106925430732 0.988028314338398 -6.70249605053654
"CTSD" 0.0151623010019191 0.404874234398911 0.0393921719476314 0.968748728514405 0.989126938013899 -6.70263377196114
"LDHB" 0.0322014039239948 1.58525526685111 0.0356885498080067 0.971685608829479 0.990522809646852 -6.70277373959241
"P05089" 0.0151623010019191 0.390389495787338 0.0321285701277973 0.974508958634999 0.991215688789972 -6.70289526353756
"CASP14" 0.0151623010019191 0.43547856288609 0.0308701839122673 0.975507040790131 0.991215688789972 -6.70293516809075
"ATIC" -0.0134662274914703 0.543629985578278 -0.0245250494955325 0.980540219895513 0.994637321387316 -6.70311209416167
"FABP1" 0.015162301001919 0.585698847704855 0.0223233550204718 0.982286877334922 0.994637321387316 -6.70316401391876
"IGHA1" 0.0151623010019191 0.533600844183805 0.0206640407349002 0.983603309898075 0.994637321387316 -6.70319991862854
"SeRPINA3-1" 0.0217743313317991 3.84999949266226 0.0171306611409095 0.986406698797811 0.99587620310627 -6.70326713945346
"TGFBI" 0.0120090194990179 2.44310842150736 0.0144542222078371 0.988530306972414 0.996425916453024 -6.70330969148323
"THBS4" 0.00783016759723232 2.70759369313272 0.0103447844076101 0.991791079513029 0.998118295331294 -6.70336098958052
"SeRPINA3-7" 0.00262597267255948 4.02428387310896 0.00626779926540443 0.995026241511388 0.999779551582302 -6.70339508230325
"SeRPINA6" -0.00348029576946907 1.96150691123315 -0.00355776859859765 0.997176750361286 1 -6.70340848578707
"ITIH3" -0.000248554492513264 4.69375702630809 -0.000312494860820481 0.99975202072153 1 -6.70341480812759
"ALB" 0 7.83356785233269 0 1 1 -6.70341485728306
