"logFC" "AveExpr" "t" "P.Value" "adj.P.Val" "B"
"P06733" -3.13551143487642 1.00307738353785 -6.36908644271957 8.18543207450077e-08 2.71459463285378e-05 7.89365105088301
"eDIL3" -3.27798733103621 0.874239341804051 -6.35465274824549 8.60410343218312e-08 2.71459463285378e-05 7.84624139692134
"MFGe8" -1.59567520949693 0.28800563179801 -5.57652398532732 1.25358078135387e-06 0.000263669824344765 5.3008451931434
"RDX" -2.47353184957272 0.501332519865363 -5.44191971475746 1.9848847195987e-06 0.000313115564516696 4.86463976171148
"P00558" -2.43395826778794 0.750630568987068 -5.29941270071398 3.22240799158366e-06 0.000406667888537857 4.40496257046491
"ANXA5" -2.29670298809203 0.794981727204845 -4.80685040666819 1.68538077710602e-05 0.00177245878392316 2.83848169236893
"P15311" -2.08120117374853 0.776083929513556 -4.68154828030065 2.55115812633294e-05 0.00229968682530869 2.44694326528275
"Q9BUF5" -2.49963863975627 0.589043054365598 -4.37646075851259 6.90601242200209e-05 0.00544711729785415 1.50859849046361
"ANXA2" -1.96426941834754 1.02910085649948 -3.99711683626756 0.000230712222786696 0.0161754902864895 0.377522908278882
"Q9BQe3" -3.37628521841593 0.969807632327124 -3.7512927315871 0.000492768659789242 0.0310937024327012 -0.329957167243573
"Q9NY65" -2.57090152194226 0.771076784687933 -3.54672973931481 0.000912087905265658 0.05232067892933 -0.900923391520365
"P26038" -2.05287007213904 1.1333406550057 -3.50864871065687 0.00102110267224256 0.0536929821820881 -1.00527895827969
"P02788" 1.45212910597265 1.24423163318215 3.4761326227137 0.00112394152748845 0.0545543926034778 -1.09388225080711
"P16070" -0.779123729728604 0.292146950984891 -3.28818934850732 0.0019408834570711 0.0874783901008473 -1.59656706208872
"O00299" -0.851980273736762 0.309808546473659 -3.22911236245082 0.00229746398996108 0.096646651844363 -1.75110781199673
"P07737" -0.705129918429349 0.41744026887899 -3.03097839144903 0.00399927973808009 0.151572497931334 -2.25647947156338
"P07195" -0.846015458897842 0.331726118496806 -3.0233944264849 0.00408356967485368 0.151572497931334 -2.27541274928358
"TUBB6" -2.63415515345463 0.781667074279942 -2.89202863413636 0.00583489445483324 0.202042755145099 -2.59833581156281
"HBG1" -0.660416993860026 0.477156268145192 -2.85725509216769 0.00640389081283989 0.202042755145099 -2.68218735895104
"HBG2" -0.660416993860026 0.477156268145192 -2.85725509216769 0.00640389081283989 0.202042755145099 -2.68218735895104
"Q32LP2" -2.0959525694599 0.846657908552228 -2.74406471484314 0.00863249174641837 0.254814298543767 -2.95023756863584
"P62937" -0.944298333075298 0.554483106393435 -2.73303750102027 0.00888417522656556 0.254814298543767 -2.97594339006305
"PYGL" -0.945217808718405 0.289094199092255 -2.706664077009 0.00951381442629225 0.261009430564801 -3.03712383061788
"P11021" -1.4352092368143 0.437578763486024 -2.64359385814977 0.011189697963723 0.293778198757135 -3.18170002307011
"MYH9" -1.69875343935981 1.83979858127324 -2.62815071054734 0.0116393898081274 0.293778198757135 -3.21672339011405
"TUBA1A" -2.05226327018016 1.19948842838369 -2.59193032920101 0.0127597782893958 0.309670003869567 -3.29827751545487
"COL3A1" 0.674725898418225 0.302753326489726 2.52388057402734 0.0151349505985466 0.353709401025294 -3.44923183395268
"KRT6C" 2.33406338671681 2.16427141361773 2.47910619956731 0.0169101470033346 0.381082241396577 -3.54691312504596
"P36955" 1.31947095644429 0.746790949493321 2.45462196907217 0.0179588141345296 0.390759024789248 -3.59976932290974
"PKM" -0.909106809475355 1.39826985526521 -2.40260724527364 0.0203841935668355 0.42874753802244 -3.71072782168819
"P68366" -1.00879028861089 1.76508982753113 -2.31181606220102 0.0253327665013037 0.515644376203957 -3.89999272953435
"HSPA5" -1.4352092368143 0.826080446789921 -2.27913483134819 0.0273615205598719 0.539534983539974 -3.96672213915875
"Q0VCM4" -1.62336700899018 0.998684414612892 -2.23480688494681 0.0303442186965776 0.580218242349712 -4.05602873442425
"VTN" 0.706179609744273 1.30500717022259 2.12554789010989 0.0389591874106385 0.718760151106169 -4.27012505549405
"P27348" -0.776741857930375 0.290054174300835 -2.11349342775677 0.0400302241420712 0.718760151106169 -4.29321259095095
"MYH11" -0.917375832497373 0.652544957969425 -2.09157585985168 0.0420438111063519 0.718760151106169 -4.33491526857928
"AMY2A" 0.80536568071416 0.570364073266519 2.06335247105986 0.044766721449618 0.718760151106169 -4.38808970532564
"ARF4" -0.751567595796033 0.30652531458429 -2.06296418682423 0.0448052294141664 0.718760151106169 -4.38881710309524
"LRP1" 0.978547987176982 0.614868001325349 2.05934444068636 0.0451656070833176 0.718760151106169 -4.3955927684594
"P06396" -1.54937732356363 1.8637240805787 -2.05537953346058 0.0455632425423879 0.718760151106169 -4.40300324907988
"P62826" -0.566202930053517 0.748294253470853 -1.9778290386586 0.0539757467893483 0.810307751763335 -4.54555731142228
"O43505" 0.448053009527352 0.29264576963563 1.97668645135014 0.0541091001022253 0.810307751763335 -4.54762339351432
"GALK1" -0.64049123620774 0.276395954789196 -1.96372549062327 0.0556417834342918 0.810307751763335 -4.57098987635716
"KRT71" 1.39056932779212 2.06923573706999 1.94859661191907 0.0574779491484195 0.810307751763335 -4.59810123844001
"C4A" 1.10386729755281 1.69571761681544 1.94608794204547 0.057787399095642 0.810307751763335 -4.60257977253426
"SLC2A1" -0.380056925033115 0.273565477653511 -1.92784239653283 0.0600813422116805 0.824159281208052 -4.6350055882306
"Q5XKe5" 1.19758357860328 1.3958302434628 1.88713446377289 0.065481819824727 0.879128261902186 -4.70641773838732
"PFKL" -0.722358374511052 0.353274024389126 -1.8586181737253 0.0695065889651172 0.905411968038029 -4.75566900419061
"TUBB" -1.15172769987431 1.37916446976825 -1.85309901782431 0.0703093287382939 0.905411968038029 -4.7651272139328
"Q08380" -0.925723800009147 0.393787616540834 -1.81023555940531 0.0768149531679227 0.963785800051666 -4.83775960784268
"eZR" -1.53047849120421 1.29807461408825 -1.80340508290763 0.0778971090374563 0.963785800051666 -4.84919859160239
"KLKB1" 1.26225608242755 2.45522538487941 1.78050193259245 0.0816196582064292 0.990423160158786 -4.88728141515593
"ADAMTS13" 0.602591677187538 0.332982228000967 1.74368954776022 0.0879146727160654 1 -4.94760619344932
"SeRPINA3-7" 0.728859121067928 4.02428387310896 1.73967639166641 0.0886247638290889 1 -4.9541162240495
"THBS3" 0.524552325931768 0.323629307052341 1.72772916311352 0.0907670286553859 1 -4.97341913518816
"APOB" 1.43838985992294 1.56865439369341 1.72277299176386 0.0916682625206384 1 -4.98139260040915
"PYGB" -0.776715140639407 0.383107542668964 -1.71749352376012 0.0926364424394772 1 -4.98986413322344
"IGF2R" 1.43752445052288 0.877479878395385 1.70489118099406 0.0949818490917571 1 -5.0099939723229
"TTR" 0.693389316291681 3.61322770476154 1.66064298496418 0.103608870906891 1 -5.07963895428224
"KRT3" 0.904542874827239 1.58048859238809 1.65256791043722 0.105250686986939 1 -5.09217445696254
"P02768" 0.63729705688019 3.23301415862248 1.65028675151434 0.105718334244789 1 -5.09570587113769
"FBLN1" 0.845037372559277 1.2055395696611 1.64305864762368 0.10721138050546 1 -5.10686703147153
"SeRPINA3-8" 1.38547142899494 2.76356503180944 1.63465638329809 0.10896860144286 1 -5.11978669712143
"SYNCRIP" 0.791914440148365 0.978798074633221 1.61953143546198 0.112191039554096 1 -5.14289528460681
"UBA1" -0.620253869051269 0.371507614924474 -1.61776883611773 0.112571569136973 1 -5.14557584934258
"MYH14" -0.595480205349893 0.505922711842503 -1.61547818936827 0.11306766919549 1 -5.14905559180099
"P63267" -1.28647582071079 0.706404285464378 -1.58829304528406 0.119092229821272 1 -5.19001736739301
"eeF2" -0.887067567904966 0.411835233384375 -1.5825852389993 0.120389600325639 1 -5.19853893500831
"P68371" -0.89821544023859 1.45345865388749 -1.57851532573781 0.121321643174681 1 -5.20459843894007
"P0DMV8" 1.00207216555971 0.839672292936283 1.57091398356962 0.123078018274909 1 -5.21587835031072
"P0DMV9" 1.00207216555971 0.839672292936283 1.57091398356962 0.123078018274909 1 -5.21587835031072
"TUBA1B" -0.88222317851233 1.66164867095912 -1.55427680647056 0.126993804565452 1 -5.24039666035868
"P61204" -0.490635118030823 0.540338427439164 -1.54991175756751 0.12803759786942 1 -5.24679068826427
"KRT79" 1.29729355265997 2.41563447401021 1.54212602714581 0.129916457957492 1 -5.25815532346865
"TUBB1" -0.590469244499356 1.29215683445709 -1.52604129629036 0.133868024618734 1 -5.28147078470084
"P02765" 1.39971501366129 1.06939274474532 1.5041411094904 0.139402008009788 1 -5.31286168757237
"CLeC3B" 0.925273917274264 2.73407577761207 1.49053393431612 0.142931060995933 1 -5.33215921099065
"SeRPIND1" 0.772895691148794 0.688028441939677 1.48763194962336 0.143692784717286 1 -5.33625424119034
"ADIPOQ" 0.699436036478057 2.93752513994763 1.48760876311272 0.143698883723346 1 -5.33628693089933
"ACTN4" -0.883000168936198 0.364055589207912 -1.47953278854045 0.145835699858416 1 -5.34764483907977
"P68133" 1.43692278816607 1.11980822651831 1.44280823803412 0.155871004125214 1 -5.39858528936535
"P84077" -0.490635118030824 0.497523308665411 -1.41005457596685 0.165270749703804 1 -5.44303312491851
"P16402" 0.540437649817273 0.535435086540311 1.40496251013453 0.166770883061447 1 -5.44985945422205
"P62736" -1.28647582071079 0.638998481544567 -1.38644081350111 0.172316682790619 1 -5.47449849103145
"FTH1" -0.450719181629391 0.282484824372127 -1.38132809203353 0.173872374535664 1 -5.48124703026136
"FN1" 1.27118039586298 3.63302739964173 1.38130123225792 0.17388057591588 1 -5.48128242341493
"APOA4" 1.04295957710184 2.28641850567132 1.37879126948668 0.1746482874887 1 -5.48458701575879
"P26583" 0.810680275084184 1.11725100709765 1.37654505824228 0.175337540351017 1 -5.4875396759941
"KRT14" 0.770867833161267 2.44276934440136 1.37541838549103 0.175684049893143 1 -5.48901903002591
"P49747" -0.533370396558672 0.476961206766378 -1.37361477224538 0.17623985124278 1 -5.49138491007982
"DYNC1H1" -0.803641706375336 0.327439591398445 -1.36170177008178 0.179945021736088 1 -5.50694004025684
"P19823" 0.545437718592476 1.72378064659439 1.35982282842706 0.180534828762082 1 -5.50938204590874
"P00734" -1.10014619802149 0.971546688862607 -1.35371997541611 0.182460771435274 1 -5.51729232992156
"P01008" 0.920124191728782 1.58182119686144 1.34317702121492 0.185824941661932 1 -5.53088046038665
"P08727" 1.03453225007765 1.29650660735389 1.34310805706036 0.185847102478579 1 -5.53096902138233
"QSOX1" 0.336416378041399 0.805070645396471 1.33666104986908 0.187927696808351 1 -5.53922948200551
"GPI" -0.856837340778535 1.05996408749265 -1.3357544980637 0.188221679951957 1 -5.54038809286527
"P62979" -0.465047139552984 0.649622135978336 -1.33553596427436 0.188292600060345 1 -5.54066727959279
"MYH10" -1.29076095468626 1.59849695958135 -1.33106328173739 0.189748582995483 1 -5.54637206724114
"Q7Z3Y7" 0.718236111996184 0.378250244393938 1.33043731646083 0.189953033860868 1 -5.54716905956795
"BCL2L14" 0.518118689977559 0.278345186011782 1.32006823530097 0.193364180060682 1 -5.56032079034847
"Q04695" 0.797919126104019 2.00730714342483 1.31783678576162 0.194104307188414 1 -5.56313863165979
"P61224" -0.44045141831048 0.922756113454085 -1.31695785259295 0.19439642064198 1 -5.56424732485593
"SeRPINA7" 0.783403773343887 3.61633860496395 1.31447684307066 0.19522278194611 1 -5.56737319729416
"P02771" 0.583412047100091 1.20445681963199 1.30778132381127 0.197466166113188 1 -5.57578178154288
"AOC3" 0.82386406957963 0.499763080736666 1.30535707191659 0.198283218117938 1 -5.57881647886263
"P23528" -0.391974248593052 0.716620014092231 -1.30088457847649 0.199797292225292 1 -5.58440148973538
"PIP" 0.437437946699451 0.463104733121213 1.29800399685381 0.20077706396796 1 -5.58798919943382
"POTeF" -0.986938605566191 0.49537561069465 -1.29500180931975 0.201802047138699 1 -5.59172051879923
"TLN2" 0.853060106079659 0.966455129892931 1.28463957603222 0.20537011626926 1 -5.60453779814533
"ASS1" -0.717621700248079 0.346997363117123 -1.2672582486399 0.211461117599015 1 -5.62582228885549
"COL6A1" 0.451728507506387 0.906037327762269 1.26384759286584 0.21267200334974 1 -5.62996719054909
"TUBA8" -1.10231575685731 0.601496485451664 -1.26272257971749 0.213072549332214 1 -5.63133211605199
"Q06830" -0.36805907269097 0.336582340418348 -1.25000180728804 0.217640810612316 1 -5.64668683997985
"KRT13" 0.610418517739324 1.5651524960697 1.2475413206834 0.218532752066511 1 -5.64964006765404
"FTL" -0.723908064935461 0.686434797671335 -1.24752323310585 0.218539318953684 1 -5.64966175738908
"COL1A2" 0.827370160088931 1.33481183586698 1.23882508157561 0.22171426696031 1 -5.6600581574995
"RAN" -0.566202930053517 0.736928979129569 -1.21342820745676 0.23117958485298 1 -5.6900245706343
"SeRPINB12" 0.493228388496441 0.57571456833276 1.21287967271845 0.231387245102918 1 -5.69066539480584
"KRT7" 0.742026103646482 3.18158863035919 1.19217489314772 0.239325844284254 1 -5.71465513141424
"AOCY" 0.544143875883915 0.299076449280129 1.18761327966999 0.241101224419047 1 -5.71988839736112
"AMBP" 0.610792628783859 3.34141423414827 1.17196925563452 0.247262594433542 1 -5.73769270811003
"YWHAQ" -0.776741857930375 0.514867348909609 -1.16645038090796 0.249463146578578 1 -5.7439207246015
"AKR1A1" -0.471118012528477 0.457750447432581 -1.15765968189051 0.252997413106537 1 -5.75378384584627
"Q06033" -0.738713193172827 0.590504811827602 -1.14797521967955 0.256932564954193 1 -5.76456840547482
"MBL" 0.456862277058629 0.373473500404577 1.13607066494721 0.261829703621451 1 -5.77770819818218
"TUBB5" -1.15172769987431 2.02978074745611 -1.13556596173239 0.262038784376629 1 -5.77826241475015
"C9" 0.835960382805925 2.59736352446115 1.13554448671885 0.262047683360048 1 -5.77828599139101
"LYZ" 0.45426694938938 0.618327282928133 1.1350922852074 0.262235120234607 1 -5.77878234935162
"PGK1" -1.00288147223038 1.44964417635107 -1.13246792496131 0.263324802422405 1 -5.78165928805519
"ORM1" 0.501905693079017 3.86425014046426 1.13059640228005 0.264103861900714 1 -5.78370709270622
"ACTG2" -1.28647582071079 1.10752783647369 -1.12062704921971 0.268281472787307 1 -5.7945615567989
"ACTA2" -1.28647582071079 1.10752783647369 -1.12062704921971 0.268281472787307 1 -5.7945615567989
"POSTN" 0.676394036604397 0.858096457429997 1.11964142763328 0.268697026350342 1 -5.79562974991132
"HMGB2" 0.810680275084183 1.45785418284916 1.10153773180392 0.276411123896112 1 -5.81509191932475
"TUBA4A" -1.00879028861089 2.94213655683537 -1.09815565547242 0.277869373622423 1 -5.81869448337853
"HPX" 0.507061264490337 4.43467162277725 1.09722877342259 0.278269960287075 1 -5.81967995950954
"COL1A1" 0.908836839232754 1.249747684195 1.09634544270712 0.278652102298069 1 -5.82061839743734
"P63261" -0.290172420395577 2.45979019689723 -1.08832947994079 0.282136788757657 1 -5.82910169312343
"P60709" -0.290172420395577 2.45979019689723 -1.08832947994079 0.282136788757657 1 -5.82910169312343
"SePTIN7" -0.535928290646114 0.378903709138505 -1.08371845433279 0.284155062049539 1 -5.8339547965377
"P04406" -0.571598638875032 1.46040235764334 -1.08114867034267 0.285284242413575 1 -5.83665101048338
"F13A1" 0.63516892387222 1.66628805992448 1.07189564035672 0.289376025004453 1 -5.84630894640084
"ACTA1" 1.43692278816607 2.17781526642366 1.05747159517815 0.295835590339199 1 -5.86120685547611
"KRT76" 0.908397541554037 1.50032032286503 1.05608827284176 0.296460288511345 1 -5.86262553826123
"CCDC168" 0.893850356872068 0.497858398849557 1.05131948005527 0.298620825277952 1 -5.8675026868586
"HP20" 0.59144366996276 0.680981753881348 1.0484257779262 0.299937119853014 1 -5.87045189877949
"KNG1" 0.486769182919899 4.54464354662345 1.0453574177617 0.301337222972783 1 -5.87357066607137
"ARF1" -0.490635118030823 0.648213854274732 -1.03692459924211 0.305208274593556 1 -5.88209717355596
"SeRPINA5" 0.402130895111604 4.39741935957571 1.03214721723636 0.307416372210134 1 -5.88689842914248
"AZGP1" 0.515992389426709 0.618569799322471 1.02735686334985 0.309641409521959 1 -5.8916914953314
"C5" 0.70531915294224 0.771532167322534 1.02148259074851 0.312384875297146 1 -5.89754006036618
"F11" 0.682273866083252 0.767003666770929 1.01939502305356 0.3133638059464 1 -5.89961078484559
"KRT16" 0.610420693668643 2.30697925096178 1.0134493583617 0.316163347697863 1 -5.90548631535523
"HRG" 0.723530002269918 1.90016836831577 1.00972593376937 0.317925148510588 1 -5.90914910471206
"P62258" -0.421021707299949 0.499107347535886 -1.00351868311705 0.320876960904243 1 -5.91522663316356
"PGAM1" -0.387117830703629 0.402911325504952 -1.00044596183602 0.322344994598112 1 -5.91822188378838
"Q3SWY2" -0.668711805928489 0.975216442046511 -0.991939457164603 0.326432668458214 1 -5.92646809455428
"ARF3" -0.490635118030823 0.662656135431604 -0.989709591349102 0.327509928765246 1 -5.92861858307837
"LUM" 0.554648745430716 3.19119097981736 0.988016181333649 0.328329615092964 1 -5.93024861775162
"ACTB" -0.290172420395577 4.58489953713887 -0.985422847003519 0.329587567017171 1 -5.93273971790662
"ACTG1" -0.290172420395577 4.58489953713887 -0.985422847003519 0.329587567017171 1 -5.93273971790662
"GC" 0.309473455538074 4.99867536177431 0.982752757744101 0.330886115789456 1 -5.93529799742519
"F10" -0.66963708236269 1.80481524069034 -0.97271227025299 0.33579968235209 1 -5.9448585234491
"PGK2" -0.34658747367814 0.431077244658023 -0.971506433562156 0.33639303641964 1 -5.94600038975851
"PZP" -0.94838762964004 1.58382233784497 -0.970017858703392 0.337126477387032 1 -5.94740812214165
"AMY2B" 0.503625438205619 0.74822742113586 0.962301153621488 0.340945610418356 1 -5.9546725625486
"TBA1B" -0.882223178512331 2.81683154113251 -0.955654494228684 0.344258013918641 1 -5.96088504638263
"APOM" 0.52132850961388 0.449846401681055 0.941268139069929 0.351499950221367 1 -5.97419003856047
"KRT33B" 0.663248397485145 0.421834264019887 0.939450217070677 0.35242211850446 1 -5.97585751505288
"KRT33A" 0.646869973283838 0.335776781552413 0.938664354489673 0.352821248341356 1 -5.97657738287217
"Q14CN4" 0.561902876230427 1.04825329384874 0.933882966902841 0.35525601858751 1 -5.98094475889967
"P34931" -0.504162231043941 0.704760182144938 -0.927207991237189 0.358673310967701 1 -5.98700588250263
"VNN1" 0.624189684473668 2.79085309958901 0.924496300102081 0.360067656081783 1 -5.98945624860612
"UTRN" 0.364586893443546 0.277898308571694 0.921596195451257 0.361562768167487 1 -5.99206922677644
"TPI1" -0.548215435395075 1.16634827998241 -0.901587783978271 0.371987153875999 1 -6.00988118044571
"S100A7" 0.348534464915927 0.524428888572263 0.896969230905769 0.374420508207817 1 -6.01393918517913
"KRT31" 0.677690085292345 0.616384676505695 0.887150955976907 0.37962710709981 1 -6.02249901487463
"TUBB4B" -0.89821544023859 1.99452773543662 -0.885419386899641 0.380550101583732 1 -6.02399920926805
"CST3" 0.260338091325563 0.296271887536228 0.883507929306951 0.381570635847326 1 -6.02565196904697
"HSP90B1" -0.355665430545678 0.401908665735753 -0.880385191905675 0.383241604899787 1 -6.02834465259924
"P21291" 0.191895235967248 0.410715326481604 0.879589480043928 0.383668127453835 1 -6.02902930931575
"KNG2" 0.605569933611753 4.12277039415999 0.873943737468255 0.386703009208651 1 -6.03386991535434
"DSP" 0.694665118204282 1.36211428931009 0.864761116217173 0.391671365166382 1 -6.04167865489828
"S100A9" 0.454440905357919 0.734901277775447 0.8626045809695 0.392843959782001 1 -6.04350096994027
"KRT10" -1.49342533850265 1.86919749840774 -0.861526252525066 0.393431113548492 1 -6.04441052838408
"APOe" 0.51959236267983 3.49230270079397 0.859165413117749 0.394718514828234 1 -6.04639802852595
"KRT17" -1.15693464478027 3.15566229471789 -0.844545908997339 0.402749225252779 1 -6.05858806454351
"KRT27" 0.992620109336868 0.822600485886249 0.843077695828483 0.403561290760017 1 -6.05980109623495
"IQGAP1" -0.575467736401083 0.787962784654897 -0.841633872223581 0.404360853438641 1 -6.06099198349626
"COL6A3" 0.355204670067764 0.260466421892031 0.840912926821263 0.40476046583416 1 -6.06158588980766
"F12" 0.546028743667075 1.40352742793015 0.840098038226348 0.405212443542549 1 -6.06225659175346
"Q8N1N4" 0.565841486899837 0.896992418578169 0.839275081173017 0.405669212540329 1 -6.06293329510708
"B2M" 0.378347067401334 0.513877245340613 0.829897947350288 0.410896245538218 1 -6.07059855743878
"C4" 0.358726989996209 4.59241938916497 0.824195334509487 0.414095125271549 1 -6.07521927692944
"FLNA" -0.493324996914441 1.75658537855711 -0.823087072978355 0.414718566413975 1 -6.07611369379815
"P11142" -0.401388163276508 1.29353643577238 -0.822080854297906 0.415285100613148 1 -6.07692474627182
"KRT9" 0.299590207189261 2.75795260815414 0.818693257074315 0.417195898395445 1 -6.07964820925148
"P31946" -0.275188476319178 0.416300648724564 -0.807855644198335 0.42334479529963 1 -6.08828779275553
"A1BG" 0.278424448250427 4.15117798268516 0.785859611053134 0.435991838194544 1 -6.10547873844749
"eHD3" -0.252356170828902 0.929085257842862 -0.774489921297618 0.44261636449591 1 -6.11418373205831
"P00747" 0.578226826538311 1.01723332705427 0.773632548738816 0.443118311114685 1 -6.11483515694914
"FLNB" 0.333353053145969 0.413331594768217 0.767816344839307 0.446532255035265 1 -6.11923571359587
"P63104" -0.267977712164684 0.884129142970355 -0.755873335031762 0.453590733661085 1 -6.12817040568608
"Q13509" -0.535495313596061 0.919595553811429 -0.753387891798642 0.455067798344842 1 -6.13001263180721
"SeRPINA3-5" 0.656267281672346 4.1074092998534 0.751634680559088 0.456111388532063 1 -6.13130856502487
"TG" 0.606856907202585 0.830439203374032 0.749520086587011 0.457371937864801 1 -6.13286770728465
"P02647" -0.530742198024741 0.803771327597334 -0.744354601651292 0.460459663226481 1 -6.13665833268919
"P08238" -0.480292826284576 1.08591880466753 -0.741437308270859 0.462208816188446 1 -6.138787852048
"Q7RTS7" -0.499471090877575 1.14685695489893 -0.738494505680292 0.46397713855182 1 -6.14092772546855
"GAPDH" -0.405363504865788 3.07871804506745 -0.738225725050161 0.46413884184536 1 -6.14112275675022
"KRT8" 0.540164668608422 1.37402142304736 0.734672475700126 0.4662795847162 1 -6.1436945352211
"HBBF" -0.239609418406764 5.04709494072043 -0.725621071281238 0.471758332606806 1 -6.15019104287606
"P01024" 0.49125160672662 2.16965196404416 0.722122245491523 0.473885930934164 1 -6.15268119333928
"FeTUB" 0.282748170967818 4.53036562922424 0.716874275670867 0.477087356515235 1 -6.1563941803919
"KRT73" 0.500635471588219 2.38515311888049 0.715152763807458 0.478140190553975 1 -6.15760640128248
"HABP2" 0.402170432922478 1.13805930585204 0.713152770249724 0.479364982846302 1 -6.15901114090504
"TLN1" -0.303430515700783 2.71389669310979 -0.707899980843129 0.482590188655066 1 -6.16268223859606
"RAP1BL" 0.369087946609584 0.558280460192407 0.704122216081854 0.484917241708517 1 -6.1653060568217
"ACTN3" -0.318478634724068 0.28601249898022 -0.69600852050798 0.489936329772335 1 -6.17089493851854
"P04272" 0.687112579114283 1.21847887840817 0.693487747897709 0.49150152543543 1 -6.17261839443839
"RBP4" 0.632889399161253 1.85734450256641 0.692658172080728 0.492017230718762 1 -6.17318423821621
"P78385" -0.471596402120973 0.434649580733642 -0.692337855041689 0.492216435827129 1 -6.17340254525916
"Q00610" -0.393274485500973 0.270744400877645 -0.69185848626969 0.49251463864018 1 -6.17372906687851
"C4BPA" -0.541948585943934 1.09352212121896 -0.690209562127268 0.493541154962495 1 -6.17485053973974
"GSTA2" 0.56755402275599 1.47844549928175 0.684616510322661 0.497031833846628 1 -6.17863499380869
"Q08554" 0.254005030846656 0.505329989393162 0.683592090854216 0.497672653521896 1 -6.17932488488841
"CLU" 0.478429675294884 3.10692691815279 0.672844125309112 0.50442328859041 1 -6.18650205033123
"ACO1" -0.301228111775753 0.368919030414894 -0.662250046989993 0.511125787887082 1 -6.19346736407913
"CLeC11A" -0.149821565312265 0.313556625083039 -0.659738055878133 0.512722056656331 1 -6.19510303281575
"KRT20" 0.444817552404066 1.22298441785712 0.657511242564777 0.514139347489891 1 -6.19654791226686
"CP" 0.484289986724814 0.486714698212137 0.654995630417767 0.515742977506095 1 -6.19817441624961
"YWHAe" -0.421021707299949 0.894440115061187 -0.653997769338945 0.516379826996451 1 -6.19881790298355
"RAB8A" -0.235123278929682 0.302377082886402 -0.653767156632878 0.51652706727548 1 -6.19896648037183
"RPS27A" -0.465047139552984 1.43074905315533 -0.649142372248182 0.519484612136948 1 -6.20193524682494
"GPLD1" 0.550326694492128 1.27736996011665 0.643422056592824 0.523155199688157 1 -6.20557864914996
"LTF" 0.690900691610095 2.26415786302272 0.632239416531592 0.530370352393381 1 -6.21260968146134
"SeRPINA3-2" 0.366506028907041 4.68780865363659 0.626564214560109 0.534051921141126 1 -6.21613162023888
"RGN" 0.345898927370233 1.02697867734299 0.623448013745166 0.536079091855109 1 -6.21805221352775
"KRT84" -0.471596402120973 0.579494009436698 -0.623013693014507 0.536361946351632 1 -6.21831914918924
"RPL22" 0.165807353149173 0.348742198865514 0.622823492085715 0.536485840495169 1 -6.21843599005669
"F12AI" 0.38826383996011 4.11224061514221 0.621325528263996 0.53746211211045 1 -6.219354967188
"ITIH1" 0.511653845848112 3.80924768927212 0.61770356084299 0.539826469472238 1 -6.22156799892898
"AFM" 0.441114166973416 3.6330774368852 0.615473756928717 0.541284716815581 1 -6.22292408950992
"MSN" -0.660172130909132 1.31140299204594 -0.596964695553015 0.553467199692801 1 -6.23399445830101
"RAP1B" -0.44045141831048 1.39753022001263 -0.588210385086468 0.559277172214284 1 -6.23911458549683
"CDH5" 0.456871311383564 0.991980297507352 0.586890410448687 0.560155845922117 1 -6.23988013723503
"ILK" -0.329427913833463 0.589892980239292 -0.584911317975903 0.561474571387207 1 -6.24102478730034
"HSP90AB1" -0.495189371283516 1.67089272268817 -0.57630594974324 0.567226541587171 1 -6.24595760288056
"CLTC" -0.393274485500973 0.392360977696785 -0.57617723564718 0.567312797125181 1 -6.24603083837004
"P18065" 0.209782972313046 0.31297054960441 0.571209287312808 0.570646932329335 1 -6.24884517424041
"POTee" 0.297379968667816 1.22222899345803 0.568571213996717 0.572421331634616 1 -6.25032987601144
"FGB" -0.509027860232348 2.91781616788423 -0.567547595244925 0.573110557923389 1 -6.250904142212
"P00338" 0.244484823424813 0.339952528327364 0.566797493740022 0.573615876744981 1 -6.25132431335985
"IGFBP2" 0.604833943506374 2.40775523204748 0.565997910072722 0.574154770168583 1 -6.25177159891062
"P35900" 0.189738971262869 0.909107359925009 0.562086601084551 0.576794427996369 1 -6.2539506073639
"CSN1S1" 0.353941409069047 1.04968891000601 0.559579289653811 0.578489661093581 1 -6.25533960603576
"O95678" 0.501282758846318 1.40815289159792 0.556210482061128 0.580771167265131 1 -6.25719621460677
"P62851" 0.200332728979254 0.538293948984258 0.555951593313186 0.580946678157513 1 -6.25733843522647
"KRT25" 0.720323503886718 0.870916214072822 0.555678884633319 0.581131585857471 1 -6.25748817720628
"SeRPINA3-4" 0.527939797917602 4.28063114130312 0.550780280805433 0.584457875706207 1 -6.26016561575975
"P02787" 0.498846228474836 0.814725741700157 0.548203962206412 0.586210932543653 1 -6.26156437410501
"AOCX" 0.444979482605969 0.648107272474439 0.545914252088707 0.587771077888277 1 -6.26280209346237
"FMOD" 0.394731032796453 1.06522880756232 0.543221291572297 0.589608521650364 1 -6.26425125105864
"PPIA" -0.394616596853679 1.35382875730019 -0.540590884021394 0.591405921349342 1 -6.26565991925037
"SeRPINA3-6" 0.664763803016323 3.76802438787071 0.536422783178459 0.594259365909526 1 -6.26787825118624
"KPRP" -0.377034200648753 0.531270244173194 -0.53551004200139 0.594885087213044 1 -6.26836176482368
"P12259" 0.347860229823192 0.759135697267659 0.534354948971427 0.595677395870125 1 -6.26897249608608
"RPS4X" 0.241837278643711 0.513292028294379 0.527287224727518 0.600536124665126 1 -6.27268104658827
"KRT72" 0.559905059300183 1.78368945396979 0.523567777284106 0.603100480971487 1 -6.27461311635947
"COMP" 0.449764148816127 2.11674356416753 0.523518847411693 0.603134249344162 1 -6.27463844299002
"DCD" 0.169876348240142 0.409362076418307 0.52322409658503 0.603337686726746 1 -6.27479095973649
"KRT75" 0.334804605347186 3.74408656908985 0.522625602360493 0.603750866219923 1 -6.27510038531674
"P12814" -0.350887346136114 0.537805322538134 -0.521258472961659 0.604695176901689 1 -6.27580588819772
"H2AC7" 0.155581341641288 0.298618059715194 0.519665601347752 0.605796275828652 1 -6.27662558196581
"LBP" 0.388995579809178 1.85962211188047 0.516935146772767 0.607685901460041 1 -6.2780249114177
"CKB" 0.186455821876871 0.278064743634779 0.513538472078258 0.610040371659017 1 -6.27975550438105
"AFP" 0.163989119388606 5.63990601640145 0.511102934846158 0.61173118298207 1 -6.28098946061746
"TUBA1D" -0.630114251074655 1.70209257780935 -0.510305123838289 0.61228550912139 1 -6.2813924080463
"GNPTG" 0.205523384317752 0.334506007324156 0.508099393500069 0.613819262837058 1 -6.28250320995408
"H4C1" -0.209470315582364 0.852768548672937 -0.506240148580054 0.615113445637052 1 -6.28343582801043
"PCYOX1" 0.24590627373468 0.410504855434628 0.50432599556833 0.616447142567706 1 -6.28439245741301
"CPB2" 0.396093368291141 2.49092361437449 0.499325242982253 0.619937612766758 1 -6.28687475669499
"F9" 0.358467975689281 1.26479360370761 0.497628333236319 0.621124055683871 1 -6.28771151893839
"CAP1" 0.462115323808046 1.32920007249191 0.497513805082798 0.621204168038033 1 -6.28776789237394
"CL43" 0.340435024228172 0.940884828078096 0.492756478808448 0.624536003495759 1 -6.2900982208619
"eeF1A1P5" 0.172568914398875 1.86671378928113 0.485952200978181 0.629315239161273 1 -6.29339273158751
"LDHA" -0.465927236844707 1.61294037748063 -0.483185645542698 0.63126304250544 1 -6.29471928748213
"P13929" -0.27229660545015 0.395447519903641 -0.481159412321537 0.632691300418866 1 -6.29568610594075
"VASP" -0.244484823424812 0.502140227184709 -0.474844823006835 0.637151413452445 1 -6.29867332191526
"TUBB3" -0.535495313596061 1.54141251624483 -0.474457898888508 0.637425149440059 1 -6.29885509233237
"KRT80" 0.402023880690436 1.37415635638299 0.469391496955926 0.641014164423721 1 -6.30122166547014
"NCAM1" 0.244484823424813 0.308761910501216 0.468705002592513 0.641501143875552 1 -6.3015403994239
"THBS2" 0.354252129676639 0.556608593747009 0.46563064210664 0.643683959667142 1 -6.30296213411339
"IGKC" 0.340996537927716 0.647521334386395 0.464606534838889 0.644411789354683 1 -6.3034336740725
"POTeI" 0.250602595547404 0.510637212644928 0.463812585670463 0.644976288887515 1 -6.30379853244097
"B4GALT1" 0.300791517476169 0.604090201189785 0.460369170751442 0.647427007848353 1 -6.30537379609028
"SeRPINA6" 0.447226741623921 1.96150691123315 0.457182194617173 0.649698740639641 1 -6.30682138501179
"APOD" 0.257952467039132 2.04941190125326 0.457058980867772 0.649786637340344 1 -6.30687715116666
"F2" -0.296500115747676 4.46967325870573 -0.454122384997752 0.651882997454118 1 -6.30820183811661
"YWHAB" -0.275188476319177 0.691992842911427 -0.454039447835716 0.651942245545125 1 -6.30823912790984
"TAGLN2" 0.410902976967681 1.7896858980515 0.448297881849705 0.656049365873354 1 -6.3108042159933
"PROS1" 0.489614668309502 2.03387790338065 0.445316116775465 0.65818657034426 1 -6.31212357916707
"ACTN1" -0.350887346136115 0.758090282966487 -0.44328922482622 0.65964101213055 1 -6.31301545029301
"P16403" 0.200332728979254 0.413501804493008 0.441707847826966 0.66077668869361 1 -6.31370848555441
"H1-4" 0.200332728979254 0.413501804493008 0.441707847826966 0.66077668869361 1 -6.31370848555441
"CFH" 0.2586766612816 4.64711187182647 0.439247548616286 0.66254517361763 1 -6.31478182525808
"ITIH3" 0.348142450532222 4.69375702630809 0.43770171089932 0.66365733137682 1 -6.3154531780005
"GGH" 0.253692113126292 0.577545365003286 0.434976684314805 0.665619724187352 1 -6.31663093432667
"HSPA1L" 0.389688125828128 1.39618597961092 0.425801616079321 0.672244374599363 1 -6.32054277216263
"HSPA8" -0.401388163276508 2.18840594973386 -0.423787378318067 0.673702258542777 1 -6.32139048033087
"PLG" -0.272653170106165 5.08341324061474 -0.420275268062551 0.67624731490238 1 -6.32285904210985
"THBS4" 0.317385409975904 2.70759369313272 0.41931205169634 0.676945980956501 1 -6.32325968495799
"KRT18" -0.216160271579724 0.340387878901831 -0.416416782471368 0.679047783135585 1 -6.32445845987053
"CHIA" 0.294407164489344 2.43697362564595 0.415286698505297 0.679868861516695 1 -6.32492413045771
"P09429" 0.239355291574888 1.13960692870907 0.413462792323524 0.681194873447285 1 -6.32567305354388
"P50395" 0.117655039709101 0.305060164883725 0.409626686234216 0.683987109117736 1 -6.32723753969012
"H2BC18" -0.144570568360208 0.730843712997558 -0.408239689580782 0.684997782346402 1 -6.32779963843694
"P05109" 0.195342915704758 0.687321161041491 0.408220305655335 0.685011911109549 1 -6.32780748062156
"P14923" 0.307386097210414 0.931804160540682 0.407328839273246 0.685661815591374 1 -6.32816774317802
"VCL" 0.295856844375883 0.917727114954689 0.406028470367064 0.686610252524211 1 -6.32869185096786
"P54652" 0.22035785248045 0.339616098038885 0.400543829661192 0.690616125272553 1 -6.33088410411638
"YWHAZ" -0.267977712164685 1.67445722854013 -0.400532719215646 0.690624249260617 1 -6.33088851500593
"RAB1B" -0.215357619214193 0.359511205731281 -0.397225744782171 0.693043950380073 1 -6.33219599716447
"P00742" -0.122452732634764 0.369009306496356 -0.394463294709761 0.695067708791284 1 -6.33327993895247
"PFN1" 0.357927082022861 1.79396376116169 0.394202292367459 0.695259034308956 1 -6.33338196375865
"Q86Y46" 0.30987112363728 1.05126095261204 0.391239219937943 0.697432492016445 1 -6.33453551495562
"ATIC" -0.214349513410776 0.543629985578278 -0.390379000285893 0.698063957540425 1 -6.33486878733642
"HBA1" -0.221101793382601 1.70191375070829 -0.385686087256291 0.701512699505721 1 -6.33667411836422
"ACe" 0.172810860793703 0.353554485651329 0.383109257737091 0.703409078243239 1 -6.33765618254857
"P13647" 0.254142805375162 2.44539382196407 0.382100749380609 0.704151794770466 1 -6.33803875784376
"HNRNPK" 0.193034665939894 0.431388864781368 0.381812893626254 0.704363839814947 1 -6.33814777146519
"KRT77" 0.316453454304672 1.11212838504281 0.381700483255507 0.704446651838903 1 -6.33819032014576
"P80209" 0.158363898457261 0.368808821772609 0.381663815313708 0.704473665667437 1 -6.33820419671147
"RPS25" 0.200332728979254 0.528543909319453 0.380864267864653 0.705062800081864 1 -6.33850644704818
"H2BC12L" -0.144570568360208 0.477914723900764 -0.379103054774072 0.706361167480978 1 -6.33917001128676
"H2BC13" -0.144570568360208 0.477914723900764 -0.379103054774072 0.706361167480978 1 -6.33917001128676
"CSTA" 0.117655039709101 0.381212035195322 0.37776612758987 0.70734734099499 1 -6.33967167895865
"P68104" 0.172568914398874 1.79940580014137 0.376939879171155 0.707957070279284 1 -6.33998083939582
"P02763" 0.185415196286428 0.32012740065791 0.376041039261899 0.708620588090781 1 -6.34031639777253
"CTSC" -0.200963200414969 0.512298981811556 -0.374989226506919 0.709397319570104 1 -6.34070805373931
"ITIH2" 0.130882219822077 0.271640739549629 0.370430807008841 0.712767170868337 1 -6.34239283887412
"O60814" -0.144570568360208 0.497880389597874 -0.370328960511372 0.712842528268777 1 -6.34243024730493
"H2BC14" -0.144570568360208 0.497880389597874 -0.370328960511372 0.712842528268777 1 -6.34243024730493
"H2BC9" -0.144570568360208 0.497880389597874 -0.370328960511372 0.712842528268777 1 -6.34243024730493
"H2BC5" -0.144570568360208 0.497880389597874 -0.370328960511372 0.712842528268777 1 -6.34243024730493
"H2BC15" -0.144570568360208 0.497880389597874 -0.370328960511372 0.712842528268777 1 -6.34243024730493
"H2BC4" -0.144570568360208 0.497880389597874 -0.370328960511372 0.712842528268777 1 -6.34243024730493
"KRT28" 0.436648106985685 1.15356301224141 0.365917744724721 0.716109207323254 1 -6.34404068445623
"AHCY" -0.309492928486794 2.07720855762668 -0.364710675150333 0.717004029145987 1 -6.34447801619267
"RPS4" 0.241837278643711 0.663552093265655 0.364007968627165 0.717525142754919 1 -6.34473195130309
"HBA" -0.135200053692865 4.52126570357216 -0.361744586148783 0.719204545750556 1 -6.34554655402051
"H4" -0.209470315582363 1.60037448391229 -0.361480684276344 0.719400449197972 1 -6.34564120481932
"P01009" 0.287046414048182 0.384859138319171 0.358093470217189 0.721916581377601 1 -6.34684996225633
"H1-3" 0.200332728979254 1.0433624240056 0.356830063896249 0.722855878599685 1 -6.3472979228306
"APOC3" 0.238635577955808 1.19778688740857 0.355789260412371 0.72363000289112 1 -6.34766577342354
"P02675" -0.116028802002052 0.361465457081215 -0.345233191369698 0.73149773052604 1 -6.35133621867135
"SeRPINB3" 0.226372551493316 0.783301319974117 0.343326885809799 0.732921695900968 1 -6.35198733891183
"H1-2" 0.200332728979254 1.01099196772226 0.342488251452172 0.733548437242282 1 -6.35227264807068
"TUBB2A" -0.216771625683665 0.306442143454817 -0.339073765921424 0.736102094266268 1 -6.3534271129499
"GAPDHS" -0.163896653453391 0.322370115713481 -0.338720693874671 0.736366325522456 1 -6.35354583294329
"HMGB1" 0.239355291574888 1.37648863820139 0.336406388601911 0.738099096223826 1 -6.35432096808331
"CNTN1" 0.221996882214667 0.660028748805807 0.336381526099965 0.738117718803248 1 -6.35432926662768
"CHAD" -0.21125831079541 0.459959781554867 -0.33509824715625 0.739079139244646 1 -6.35475676766399
"KRT19" 0.322242120245906 2.96099265043905 0.331652846115326 0.741662482197354 1 -6.3558964977281
"H2AC4" 0.0802815870151066 0.328575956505916 0.331273890498589 0.741946805347845 1 -6.35602113982001
"H2AC25" 0.0802815870151066 0.328575956505916 0.331273890498589 0.741946805347845 1 -6.35602113982001
"FeRMT3" -0.269812618268182 1.78631223336103 -0.327581062757488 0.744719362697787 1 -6.35722832175771
"AHSG" -0.10144188591527 6.27250171719331 -0.327359401951557 0.744885893749707 1 -6.35730035402736
"PLeK" 0.117690960129499 0.356570434842956 0.327230804707598 0.744982512933107 1 -6.35734212154305
"KRT1" 0.122692517512315 3.24960602826261 0.318915278257448 0.751238965865254 1 -6.36000827052164
"SeRPINA1" 0.10144188591527 6.29018619540095 0.31550347045443 0.753810871985925 1 -6.3610824109789
"H2AC6" -0.0752997546261818 0.321811550347599 -0.314156488282507 0.754827040001628 1 -6.36150331497087
"JUP" 0.307386097210414 1.93676595742777 0.309047272088189 0.758685422521906 1 -6.36308354032444
"CTSD" 0.117655039709101 0.404874234398911 0.305671781225007 0.76123794513276 1 -6.36411338992094
"P07900" -0.168543116117306 1.26570801424459 -0.299402845179999 0.76598557969453 1 -6.36599613465303
"KRT74" -0.330717121316384 0.857335682092491 -0.297130215564766 0.767708959044478 1 -6.36666907539144
"ARHGDIB" 0.105213480875932 0.279676009478865 0.29641312312736 0.768252991021525 1 -6.36688035124304
"KRT35" 0.307447287076476 1.03842056043664 0.296209430436608 0.768407546785928 1 -6.36694027217435
"SeRPINC1" 0.189072905398865 4.95379030804966 0.295287816424024 0.769106958000409 1 -6.36721087352594
"APOH" 0.137892803779839 3.60746490795528 0.293589608026284 0.770396233361717 1 -6.3677072961331
"FABP1" -0.196464575952286 0.585698847704855 -0.289253489781944 0.773691169667432 1 -6.36896189690697
"FHL1" 0.104031335398708 0.658231571395055 0.288291836565847 0.774422485667443 1 -6.36923761946336
"MAN2B1" 0.122033774563864 0.257721982999801 0.286856628301351 0.775514314287359 1 -6.36964741698374
"GSN" 0.09871912203538 4.6420356331314 0.28218252652216 0.779073285204149 1 -6.37096789648077
"P19827" 0.198298786010608 0.489176403833407 0.281892642782399 0.779294168035697 1 -6.37104907962821
"LYSM" -0.129493458823213 1.03729602438514 -0.28063385917856 0.780253537236296 1 -6.37140064277403
"HSPA6" 0.157684340757362 0.711514689119529 0.278236244919477 0.782081810012152 1 -6.37206593033979
"Q08188" 0.169876348240142 0.494699043019943 0.27536668823024 0.784271592276277 1 -6.37285469350089
"PGM1" -0.118828395975854 0.393637497378766 -0.274937809382454 0.784599025340319 1 -6.37297188064546
"DDBX" -0.18112791924385 1.09075362379658 -0.270894454608685 0.787687904806129 1 -6.37406774093816
"HSPA1B" -0.235388481901377 2.41794247840277 -0.270687225317564 0.787846308940298 1 -6.37412346984204
"HSPA1A" -0.235388481901377 2.41794247840277 -0.270687225317564 0.787846308940298 1 -6.37412346984204
"P13645" 0.0867903113872615 2.97643993189695 0.269198247860729 0.788984735578096 1 -6.37452264141503
"COL10A1" 0.140042493595003 0.836743477537966 0.269163759417827 0.78901110991366 1 -6.37453186122189
"CFL1" 0.154015878455824 0.963123840118628 0.264272305412238 0.792754265785417 1 -6.37582756861117
"OMD" 0.142429116991693 0.579161880070687 0.263385026554593 0.793433782397867 1 -6.37606006362006
"KRT24" 0.142761594174832 0.307843755544185 0.263125455591196 0.793632603752217 1 -6.37612793201687
"SeRPINF2" 0.114210569269937 4.3277909011828 0.259723204652029 0.796239873075102 1 -6.37701132938156
"PROC" 0.199595020993911 1.68102634411129 0.259113096572655 0.796707670712123 1 -6.37716853246452
"TGFBI" 0.214774481177417 2.44310842150736 0.258505540420281 0.797173586659044 1 -6.37732471170951
"HP" -0.225234022279995 0.619022881242853 -0.258157676277731 0.797440386493529 1 -6.37741396959578
"eeF1A1" 0.172568914398875 3.10639466574768 0.254951454009311 0.799900595857477 1 -6.37823100639371
"CSN1S2" 0.163472164782025 0.825354632457218 0.254038909558279 0.80060118889928 1 -6.37846168752752
"P05786" 0.312999237662162 1.54148494534518 0.25302559222422 0.801379343072717 1 -6.37871687650818
"CLIC1" 0.114652200043365 0.656642505144377 0.245225966696048 0.807375647621958 1 -6.38064705297056
"CATHL1" 0.138826019408058 0.572803420151975 0.243832332910044 0.808448308469547 1 -6.38098558991611
"H2B1" -0.144570568360208 0.855501407010386 -0.243333713869345 0.808832179189071 1 -6.38110624541809
"AMY1A" -0.134133870720166 0.755503261094872 -0.242332033526889 0.809603484147286 1 -6.38134788686454
"AMY1B" -0.134133870720166 0.755503261094872 -0.242332033526889 0.809603484147286 1 -6.38134788686454
"AMY1C" -0.134133870720166 0.755503261094872 -0.242332033526889 0.809603484147286 1 -6.38134788686454
"CASP14" 0.117655039709101 0.43547856288609 0.23954363612524 0.811751585057316 1 -6.38201531322305
"GPX3" -0.0964428626488357 0.481329126730382 -0.232384757788469 0.817273247788717 1 -6.3836935672648
"SeRPINA3-1" 0.28848738771481 3.84999949266226 0.226963556632912 0.821460893152013 1 -6.3849306614224
"CFL2" -0.129493458823213 0.374442757648552 -0.223568320472281 0.824086254885276 1 -6.38569060288024
"CRYZL1" -0.21125831079541 0.725116975696209 -0.218168077541311 0.82826616563572 1 -6.3868757714323
"IGFBP3" 0.169876348240142 1.43521702137938 0.216771744598491 0.829347782232827 1 -6.38717751382242
"LIMS1" -0.0621004668788087 0.626390033840329 -0.21091206056133 0.83389038581623 1 -6.38842268853647
"TUBB2B" -0.216771625683665 0.765486657853197 -0.210272467955607 0.834386567129049 1 -6.38855653984183
"P05089" 0.0980471965718462 0.390389495787338 0.207759774093245 0.836336515213207 1 -6.38907845815362
"O43707" -0.123574249266157 0.363742985490342 -0.207459578200905 0.83656954863731 1 -6.38914039387707
"F5" -0.184095127059629 4.62038982616386 -0.205366337960755 0.838194881452154 1 -6.3895697816892
"ASL" -0.105728768104806 0.347499488022769 -0.202992053250246 0.840039299310414 1 -6.39005155958481
"CORO1A" 0.0988282954947896 0.546552496626269 0.202106667320775 0.840727327413817 1 -6.39022978618738
"GFAP" -0.167796307799767 1.07772854627193 -0.197994357565165 0.84392461809315 1 -6.39104739254133
"MST1" 0.127011410019672 1.60785553826297 0.190497042696637 0.849760530608238 1 -6.39249482421498
"KRT4" -0.0981778061825412 0.841445248595557 -0.18759600514807 0.85202100210007 1 -6.39303993205485
"C7" -0.148265278569558 3.19095786669979 -0.183538610342124 0.855184603668837 1 -6.39378831134358
"CSN2" 0.115061328689651 0.719409121077165 0.175376682603022 0.861555797852898 1 -6.39524427080099
"P63000" 0.0862901220960083 0.56948871392229 0.175171934363287 0.861715745737694 1 -6.39527994445422
"P07996" 0.109598409004667 1.8511055360765 0.173164290889117 0.863284412001939 1 -6.39562753513991
"KRT6A" 0.138360540771189 2.4219735959836 0.172870944669629 0.86351366398495 1 -6.39567798821102
"COLeC11" -0.0770774875950946 0.487477162491397 -0.172130950484184 0.864092026967823 1 -6.39580488139919
"HSP90AA1" -0.168543116117306 2.00619567514892 -0.170412385828905 0.865435508558687 1 -6.39609748119594
"FGA" 0.123084160937539 3.17249349353836 0.170357403169673 0.865478497704828 1 -6.39610679404144
"FGG" 0.176699408110271 1.88977614221664 0.167975037509659 0.867341584789313 1 -6.39650743158156
"RAC1" 0.0862901220960081 0.591880443610741 0.166230033166716 0.868706718449607 1 -6.39679730999417
"CAPN1" -0.0802017154104956 0.388832623725532 -0.166012792156719 0.868876696571788 1 -6.39683318623541
"UBB" -0.0574807399659946 0.577739721944097 -0.164544486367215 0.870025721949911 1 -6.39707444075347
"P0CG48" -0.0574807399659946 0.577739721944097 -0.164544486367215 0.870025721949911 1 -6.39707444075347
"PPIe" 0.0980471965718461 0.534199470938428 0.161389837670505 0.872495353834334 1 -6.3975855346259
"O75083" 0.0618409470202706 0.280586141774954 0.160792411392587 0.872963197258318 1 -6.39768121248156
"APOA2" -0.0802017154104956 2.08661494538222 -0.158708963922869 0.874595099213409 1 -6.39801210348495
"CRYZ" -0.128476210050471 0.771489576565082 -0.158408326307086 0.874830625316788 1 -6.39805949456537
"THBS1" 0.0878605751439157 3.82406536567389 0.157909392087844 0.875221526599694 1 -6.39813794609391
"H2BC12" 0.0940650095955999 0.94148834362549 0.157297658740185 0.875700845821303 1 -6.39823379659388
"P09210" 0.071856518928783 0.330527392169844 0.15109281669337 0.880565235998106 1 -6.39918501057143
"P01023" 0.13753453284055 2.29391897658004 0.150051310397831 0.881382204156671 1 -6.39934092763772
"B4GAT1" 0.0645444864222878 0.601513335851212 0.149528742965735 0.881792160563951 1 -6.39941875187537
"FLNC" 0.0563765394623936 0.271711608969947 0.148600649332548 0.88252033460951 1 -6.39955630115959
"CA2" 0.0629624636516637 0.345645323777982 0.147125557257756 0.883677889607548 1 -6.39977315851263
"APCS" 0.116008613374342 0.693876707081285 0.146812536142149 0.883923561028098 1 -6.39981889863105
"CAPNS1" -0.0802017154104955 0.739184125827107 -0.146709905977533 0.884004111774232 1 -6.39983387424748
"Q02413" -0.0938491799399258 0.973412188118829 -0.145526096426867 0.884933330892002 1 -6.40000585734053
"WDR1" -0.0697519349135887 0.49446527816826 -0.144656626663538 0.885615916452908 1 -6.40013128668129
"P62987" -0.0574807399659946 0.600125432816278 -0.144613402107349 0.885649852596832 1 -6.40013750264361
"BPT2" -0.0908386026724676 0.60882521501471 -0.143389026215976 0.886611215290312 1 -6.40031280472964
"eNO3" 0.139695721088321 0.800492843654084 0.141027535710202 0.888465910006929 1 -6.40064670919569
"KRT2" 0.0952791973831246 2.86031237617989 0.140996867630638 0.888490000630629 1 -6.40065100908937
"IGHA1" 0.102116191662815 0.533600844183805 0.139169717310467 0.889925468883205 1 -6.40090550311482
"ITIH4" 0.0595225884359367 5.50207756163405 0.138115271042754 0.890754045886252 1 -6.40105086203791
"K2C4" 0.158909091702512 1.07211431784201 0.135299543244405 0.892967227952654 1 -6.40143360635961
"CD14" -0.106099293338757 0.896772712450706 -0.133603653801553 0.894300625861124 1 -6.4016603293206
"SULT1e1" 0.0725853959234417 0.516658063393535 0.131572743276111 0.895897840812718 1 -6.40192808117738
"CSRP1" 0.0634190259167774 0.533260908749307 0.128436164320091 0.89836546592856 1 -6.40233355037342
"APOA1" 0.0530465687898722 5.65700133956763 0.12495753696057 0.90110337581541 1 -6.40277180386483
"RNASe4" -0.0802017154104955 0.790744822982162 -0.124268869818094 0.901645547662296 1 -6.40285713945511
"HNRNPR" -0.051531700150174 0.274976810390274 -0.124028428766069 0.9018348525642 1 -6.40288682250463
"TF" 0.0399642711456609 6.43319179890424 0.122483706875791 0.903051185539255 1 -6.40307615216165
"AGT" -0.0493629120583874 5.10974841269168 -0.121228230343588 0.904039936491187 1 -6.40322828353337
"P68032" 0.0887776037895849 1.87318986533482 0.121141740985227 0.904108056891493 1 -6.40323870614261
"HBD" 0.0781874217941787 0.814906290238242 0.114320420839083 0.909482891945346 1 -6.40403731189807
"OGN" 0.0622574298669432 0.903564955960522 0.105293983495338 0.916601783528262 1 -6.40502299544681
"KRT6B" 0.101176567775793 2.22641661277503 0.104177231469282 0.917483026333542 1 -6.40513931485547
"C3" -0.0399642711456627 6.60985039740058 -0.10222214047252 0.91902606429443 1 -6.40533996964474
"BLVRB" -0.0755069292823244 1.35086998416588 -0.100662535687231 0.920257194525969 1 -6.40549731049285
"eNO1" -0.0820375753461127 2.99192467694863 -0.095451619166859 0.924372034194422 1 -6.40600547840966
"UBA52" -0.0574807399659947 1.27572881511371 -0.0943372773650916 0.925252257922235 1 -6.40611064538979
"SeRPINF1" -0.0311986804944837 4.38231994384435 -0.0897423636819378 0.928882787863469 1 -6.40653125426762
"HGFAC" 0.0260878828180753 0.363443167339019 0.0850865928506451 0.932562962165202 1 -6.40693602429508
"PRDX6" 0.0583813695218117 0.846047017692961 0.0845053559827941 0.933022509632107 1 -6.40698504349351
"PRDX2" 0.0452832335514436 0.559004630605749 0.0836573341880944 0.933693028500624 1 -6.4070559597257
"FLG2" -0.0307450752932963 0.546101704521524 -0.0824390129484321 0.934656422858152 1 -6.40715659090596
"GSTA1" -0.0547821674667879 1.18884112702396 -0.0784300023650392 0.937827260549494 1 -6.40747730968781
"P0CG53" -0.0574807399659947 1.03241699431888 -0.0763154505617057 0.939500131902249 1 -6.40764003523403
"NeFH" -0.0428747063707151 0.384919047854502 -0.0753310671046085 0.940278995215796 1 -6.4077142719201
"UBC" -0.0574807399659946 1.09692025673344 -0.0740300311416657 0.941308490554462 1 -6.40781091044629
"P37802" 0.0237646907184066 0.354293361291635 0.0715980546389787 0.94323315692082 1 -6.40798703936935
"ACTC1" 0.0887776037895849 3.14765073265295 0.0691065010050878 0.945205327653159 1 -6.40816138376394
"PeBP1" 0.0384610942129916 0.681304612077119 0.0659185884019547 0.947729200439388 1 -6.40837545300321
"KRT5" 0.0403917480403844 4.67624021226336 0.0646527264761395 0.948731536048608 1 -6.40845765273418
"RAP1A" -0.0466519197037885 0.599993751912971 -0.064093275673959 0.949174547548974 1 -6.40849347335327
"C1S" -0.0358885166762596 0.664569223577313 -0.0601922439165451 0.952264095300766 1 -6.40873459719768
"TIe1" 0.0237646907184066 0.329321550699608 0.0582146760278595 0.953830580042637 1 -6.40885105058395
"BLMH" -0.0155388480462859 0.34131178630279 -0.0565538246760565 0.955146327714905 1 -6.40894584858354
"CPN1" -0.0520109347490276 2.23358421359915 -0.0553317002378629 0.956114591172921 1 -6.40901385292259
"LPA" 0.0237646907184066 0.288490087895019 0.052909932959258 0.958033502608699 1 -6.40914422241478
"HP252" 0.0237646907184066 0.395237456647379 0.0524555581149525 0.958393559381717 1 -6.40916803263501
"GSTP1" 0.0229358590839837 0.538057025454663 0.0497121525729375 0.960567678789174 1 -6.40930743046273
"P00488" -0.0169505572046476 0.373297292501453 -0.0495757309931191 0.960675799470583 1 -6.40931416694372
"HBB" 0.0389778360429371 3.60338993350591 0.0477760771411257 0.962102181102308 1 -6.40940130094957
"Q14533" 0.0310391262723103 0.451527797045678 0.0471411661991283 0.962605433190146 1 -6.4094312728134
"ALDOB" 0.0232204195792461 0.356123696946491 0.0470573411180431 0.962671876965702 1 -6.40943519993327
"GDI2" 0.0245124801981216 0.851446839452645 0.0467953824221042 0.96287951970318 1 -6.40944742738653
"KRT86" 0.0310391262723103 0.501964950096177 0.0439846851006691 0.965107592258148 1 -6.40957432757079
"HRNR" 0.0141245028017871 0.465822623919104 0.041751800025729 0.966877827799689 1 -6.40966953961468
"P46781" -0.0155388480462858 0.294764093673969 -0.0391567938172744 0.968935364928928 1 -6.40977396229775
"FAP" 0.0196484202419391 0.55780279319837 0.0328911490882831 0.973904143257187 1 -6.40999848091547
"P08729" -0.0204440202713815 0.723712998452794 -0.032854371951722 0.973933311526717 1 -6.40999968348804
"eIF4A1" -0.0108196251993607 0.281091213558205 -0.0294172142307057 0.976659504935631 1 -6.41010613642693
"PARVB" 0.00709342855955397 0.408945657906606 0.0289220853934431 0.97705224205035 1 -6.41012050285754
"CDH1" -0.0155388480462859 0.600999147693407 -0.0266657385164394 0.97884205187897 1 -6.41018288434649
"DSC1" -0.0155388480462858 0.453335524236637 -0.0262530336956247 0.979169435328068 1 -6.41019374660701
"LOXHD1" -0.00752627236384895 0.305129942147082 -0.0236523944073382 0.981232507221203 1 -6.41025829709871
"MAPRe2" -0.00874483603622078 0.42282012260482 -0.0223420229338382 0.982272067247117 1 -6.41028827299141
"LGALS3BP" -0.0127771608723124 0.705418077214483 -0.0212258660863914 0.983157575132584 1 -6.41031245903598
"KRT15" -0.0199449785340309 0.898171136215576 -0.0195023414331935 0.984524982612304 1 -6.41034737198046
"ACTBL2" 0.0111156160451271 0.466625960054164 0.0190904055905923 0.984851810781058 1 -6.41035527893739
"CFD" -0.0105456993163955 1.75420206290034 -0.0178390809949213 0.985844622333328 1 -6.41037826251609
"KRT222" -0.00831531181210234 0.871570823600914 -0.0138091943238544 0.989042114524884 1 -6.41044169593608
"P61981" -0.00362444679083496 0.3862453650712 -0.0135164745993391 0.98927437915885 1 -6.41044567424676
"Q14624" -0.0091257237518898 0.627085872180991 -0.0122498788336232 0.990279396822486 1 -6.41046190606211
"LDHB" 0.00927327099975583 1.58525526685111 0.0102774896007352 0.991844478187966 1 -6.41048400541525
"CFB" -0.00595087260971017 4.57360680274049 -0.0085028684594321 0.99325265940749 1 -6.41050058166853
"PGLYRP1" 0.00596061839302436 1.52650722953648 0.00726464476561455 0.994235216535791 1 -6.41051029212008
"YWHAG" -0.00362444679083485 0.468170897201404 -0.00580207029375105 0.995395812345103 1 -6.41051979732992
"HPD" 0.00202088462820682 0.415668077339158 0.00426085436856576 0.996618823298464 1 -6.41052751107312
"COL2A1" 0.00078903944825337 0.598477585239702 0.00145039446596934 0.998849044591158 1 -6.41053549444017
"A2M" -8.88178419700125e-16 6.85398639709391 -2.59577382701883e-15 0.999999999999998 1 -6.41053654072512
"ALB" 0 7.83356785233269 0 1 1 -6.41053654072512
"SPP2" -5.55111512312578e-17 0.907685424247359 -7.14311226550527e-17 1 1 -6.41053654072512
"TRPC4" 6.93889390390723e-18 0.269665615237759 1.86057879885226e-17 1 1 -6.41053654072512
"MDH1B" 0 1.30473120409333 0 1 1 -6.41053654072512
"CKM" -5.55111512312578e-17 1.31106230670835 -8.75206015885581e-17 1 1 -6.41053654072512
"CATHL4" -5.55111512312578e-17 0.921576588262768 -9.0490405907688e-17 1 1 -6.41053654072512
"GARIN1B" -5.55111512312578e-17 0.931787480834391 -1.00032042714892e-16 1 1 -6.41053654072512
"PF4" -1.11022302462516e-16 0.493140774575256 -1.71021527949015e-16 1 1 -6.41053654072512
"FAM124B" 0 0.542232326333978 0 1 1 -6.41053654072512
"CATHL2" -2.77555756156289e-17 0.348458948683919 -6.86253309550924e-17 1 1 -6.41053654072512
"COLGALT1" 0 0.276744504294037 0 1 1 -6.41053654072512
"ReG1" 0 0.282004772270175 0 1 1 -6.41053654072512
"PRDX1" 0 0.546049595625712 0 1 1 -6.41053654072512
"TRAP1" 1.38777878078145e-17 0.607607333279489 2.00660469954898e-17 1 1 -6.41053654072512
"K2CA" 0 0.49157497204076 0 1 1 -6.41053654072512
"TCN2" -2.77555756156289e-17 0.440545433393437 -5.06750388872697e-17 1 1 -6.41053654072512
"LOX" -2.77555756156289e-17 0.69202037673911 -5.71949657995756e-17 1 1 -6.41053654072512
"DSG1" 1.73472347597681e-17 1.03087995997917 2.57540569979332e-17 1 1 -6.41053654072512
"PKP1" 0 0.315565674847234 0 1 1 -6.41053654072512
"KRT83" 2.77555756156289e-17 0.457778587254636 3.00522523239911e-17 1 1 -6.41053654072512
"KRT81" 0 0.615608932666368 0 1 1 -6.41053654072512
"H2A1" 2.77555756156289e-17 1.08487554912278 3.89582786228563e-17 1 1 -6.41053654072512
"H2AJ" 2.77555756156289e-17 1.08487554912278 3.89582786228563e-17 1 1 -6.41053654072512
"H2AC20" 2.77555756156289e-17 1.08487554912278 3.89582786228563e-17 1 1 -6.41053654072512
"IGFBP6" 5.55111512312578e-17 0.599377808165143 1.07101048584087e-16 1 1 -6.41053654072512
"NACA" -1.38777878078145e-17 0.816083855863542 -2.17148671122052e-17 1 1 -6.41053654072512
"P02656" 0 0.312947293834637 0 1 1 -6.41053654072512
"ACO2" -2.77555756156289e-17 0.361765483052936 -5.413346409641e-17 1 1 -6.41053654072512
"MPV17L" -2.77555756156289e-17 0.315558794847105 -4.65894445345082e-17 1 1 -6.41053654072512
"ARG1" 0 0.789853158760867 0 1 1 -6.41053654072512
"MYLK" 0 0.407756496006438 0 1 1 -6.41053654072512
"H2AZ2" -1.11022302462516e-16 0.622406535074498 -1.625000418591e-16 1 1 -6.41053654072512
"HSPA2" -2.77555756156289e-17 0.692878943111484 -3.08383163686191e-17 1 1 -6.41053654072512
"H2AZ1" 0 0.669371869306268 0 1 1 -6.41053654072512
"MAP4" -2.77555756156289e-17 0.337161908363979 -4.46184055275512e-17 1 1 -6.41053654072512
"SPON1" 0 0.468705315670895 0 1 1 -6.41053654072512
"P68871" 0 0.444238308283867 0 1 1 -6.41053654072512
"TUBB4A" 0 0.741573985655821 0 1 1 -6.41053654072512
"IGF2" -1.11022302462516e-16 0.705943254415119 -1.93976379428722e-16 1 1 -6.41053654072512
"RASA1" -5.55111512312578e-17 0.310522415542501 -1.04544345446179e-16 1 1 -6.41053654072512
"KRT40" 0 0.28844792166748 0 1 1 -6.41053654072512
"CCN2" -2.22044604925031e-16 0.732630820155657 -3.86954095682215e-16 1 1 -6.41053654072512
"SeRPINA3-3" 0 0.50964773980268 0 1 1 -6.41053654072512
"TIMP3" -2.77555756156289e-17 0.303581002833819 -6.42493331364001e-17 1 1 -6.41053654072512
"ANG1" 0 0.327357710119103 0 1 1 -6.41053654072512
"P23526" 0 0.434848844648397 0 1 1 -6.41053654072512
"P08603" -5.55111512312578e-17 0.361869046592644 -7.20444147788459e-17 1 1 -6.41053654072512
"HMGCR" -5.55111512312578e-17 0.299332174844075 -9.9249396883444e-17 1 1 -6.41053654072512
"ADORA1" -5.55111512312578e-17 0.406560103967575 -6.19896621722749e-17 1 1 -6.41053654072512
"IGFBP5" -1.11022302462516e-16 0.517686905947146 -1.80777346904477e-16 1 1 -6.41053654072512
"TUBA1C" -2.77555756156289e-17 0.335330475246119 -4.21707387281348e-17 1 1 -6.41053654072512
"PSMe4" -5.55111512312578e-17 0.337757591140528 -9.81572359668728e-17 1 1 -6.41053654072512
"eeF1A2" 0 0.504483922437861 0 1 1 -6.41053654072512
"P05543" 0 0.424580065328214 0 1 1 -6.41053654072512
"KRT78" 0 1.21398713660327 0 1 1 -6.41053654072512
"CHI3L1" -5.55111512312578e-17 0.759499594345939 -9.8199929682316e-17 1 1 -6.41053654072512
"P35580" -1.38777878078145e-17 0.441271939685429 -2.9163308996226e-17 1 1 -6.41053654072512
"ARHGeF9" -5.55111512312578e-17 0.399278493642343 -9.35011096589804e-17 1 1 -6.41053654072512
"RPL12" -1.38777878078145e-17 0.361472331618091 -5.5569121578658e-17 1 1 -6.41053654072512
"UTP15" 0 0.509960648013274 0 1 1 -6.41053654072512
"CD44" 0 0.274022207389356 0 1 1 -6.41053654072512
"IGLC3" -2.77555756156289e-17 0.303549571080174 -5.63743176942689e-17 1 1 -6.41053654072512
"P08697" -2.77555756156289e-17 0.422768746850354 -6.5118099998217e-17 1 1 -6.41053654072512
"P05452" -1.38777878078145e-17 0.63467875107243 -3.45495669469534e-17 1 1 -6.41053654072512
"P02774" 0 0.817341281900046 0 1 1 -6.41053654072512
"CALD1" -2.77555756156289e-17 0.613608729397705 -4.82521043642258e-17 1 1 -6.41053654072512
"GDF6" -5.55111512312578e-17 0.295749412812816 -1.09412700315162e-16 1 1 -6.41053654072512
"P61284" -2.77555756156289e-17 0.272669072133968 -7.53831905373637e-17 1 1 -6.41053654072512
"LASP1" 0 0.588559131748599 0 1 1 -6.41053654072512
"IGFBP4" -5.55111512312578e-17 0.316080397760248 -1.17495764561357e-16 1 1 -6.41053654072512
"ARFIP2" 0 0.436516442761799 0 1 1 -6.41053654072512
"LeCT2" 0 0.40535114520609 0 1 1 -6.41053654072512
"IGHG1" -5.55111512312578e-17 0.493334150531808 -6.56942474388611e-17 1 1 -6.41053654072512
"GAL3ST4" 6.93889390390723e-18 0.370598323564226 1.0987435976431e-17 1 1 -6.41053654072512
"MAML2" 5.55111512312578e-17 0.395914935966484 8.78733262775371e-17 1 1 -6.41053654072512
"IGHG2" 0 0.404079427542237 0 1 1 -6.41053654072512
"IGHG3" 0 0.378716402118438 0 1 1 -6.41053654072512
"P00738" -5.55111512312578e-17 0.333793307575117 -7.62174272212443e-17 1 1 -6.41053654072512
"S100A12" -2.77555756156289e-17 0.286516449992109 -6.30440560165083e-17 1 1 -6.41053654072512
"P02751" -2.77555756156289e-17 0.622009498720353 -2.90197629745739e-17 1 1 -6.41053654072512
"P02649" 0 0.591694934187602 0 1 1 -6.41053654072512
"C4B" -5.55111512312578e-17 0.648270272682259 -5.62340262107374e-17 1 1 -6.41053654072512
"P35625" 0 0.334972889619899 0 1 1 -6.41053654072512
"RPL30" -2.08166817117217e-17 0.316838166991133 -7.44608755624332e-17 1 1 -6.41053654072512
"HBe1" -1.73472347597681e-18 0.355476418673161 -4.19541113623678e-18 1 1 -6.41053654072512
"P29279" 1.00288700954909e-18 0.375357173522509 3.56578282624622e-18 1 1 -6.41053654072512
"eRC1" 1.73472347597681e-18 0.453126800778874 9.09218329307158e-18 1 1 -6.41053654072512
"CATHL3" 0 0.337409403174493 0 1 1 -6.41053654072512
"THeMIS" -3.46944695195361e-18 0.314023317558594 -8.53337116851589e-18 1 1 -6.41053654072512
"Q32Le4" 0 0.358614391703744 0 1 1 -6.41053654072512
"IGHG4" 0 0.354738482674643 0 1 1 -6.41053654072512
"P02749" 0 0.451919943200276 0 1 1 -6.41053654072512
"P01042" -8.32667268468867e-17 0.328975594078848 -1.49868069857407e-16 1 1 -6.41053654072512
"P02790" 0 0.311598705911339 0 1 1 -6.41053654072512
"P11171" -3.46944695195361e-18 0.343269224856955 -1.27604472536227e-17 1 1 -6.41053654072512
"P00751" -2.77555756156289e-17 0.338174304148422 -4.58304440598103e-17 1 1 -6.41053654072512
"P51884" 0 0.355631198281322 0 1 1 -6.41053654072512
"P35443" -6.93889390390723e-18 0.314705057137273 -2.60148718156237e-17 1 1 -6.41053654072512
"BRN" 0 0.463884710841 0 1 1 -6.41053654072512
"P02753" -2.77555756156289e-17 0.304305999228133 -5.36487438718125e-17 1 1 -6.41053654072512
"FKBP4" 0 0.307773610383954 0 1 1 -6.41053654072512
"Q86UX7" 0 0.290262389270065 0 1 1 -6.41053654072512
