"logFC" "AveExpr" "t" "P.Value" "adj.P.Val" "B"
"P63261" 5.06900315391267 2.45979019689723 19.0119569557827 2.21768924831063e-23 6.99680957842002e-21 41.8880909824583
"P60709" 5.06900315391267 2.45979019689723 19.0119569557827 2.21768924831063e-23 6.99680957842002e-21 41.8880909824583
"P13645" 5.66283344053477 2.97643993189695 17.5644587022745 5.44982130119597e-22 1.14627908035155e-19 38.9860378548331
"P02768" 6.35004019308387 3.23301415862248 16.44348909052 7.47193327848353e-21 1.17869747468078e-18 36.5823777537539
"KRT1" 6.0504866132688 3.24960602826261 15.7270603047974 4.26293100037619e-20 5.37981892247476e-18 34.9698629751577
"KRT9" 5.38709505040763 2.75795260815414 14.7213703490681 5.40251117034391e-19 5.68164091414501e-17 32.6003286652117
"TLN1" 5.65950380706681 2.71389669310979 13.2035587368376 3.11979743374659e-17 2.81227454384871e-15 28.7764591441376
"P68366" 3.90777099176145 1.76508982753113 8.95532782992712 1.23877961160742e-11 9.7708741865535e-10 16.3903385513231
"eeF1A1P5" 2.97862811708428 1.86671378928113 8.38778463916696 8.17815413864190e-11 5.73379473498116e-09 14.5580061182259
"KRT14" 4.61592409409354 2.44276934440136 8.23594732058184 1.36230091865235e-10 8.59611879669631e-09 14.0621510582454
"KRT2" 5.54263609583908 2.86031237617989 8.2021506204274 1.52660244104859e-10 8.75714673001511e-09 13.9514825985613
"FLNA" 4.63794565079995 1.75658537855711 7.73817084929044 7.35944452091496e-10 3.86984124391445e-08 12.4221330585326
"P19823" 3.08955649545052 1.72378064659439 7.70252827961775 8.31036650406022e-10 4.03372404927846e-08 12.3039427723025
"TUBB1" 2.86494930560739 1.29215683445709 7.40433306707147 2.30452070770478e-09 1.03868040468694e-07 11.3118015384555
"KRT16" 4.06162724188696 2.30697925096178 6.74330599353691 2.24561613637783e-08 8.89160948873864e-07 9.09718341410936
"P13647" 4.48433750678394 2.44539382196407 6.74214923884355 2.25460779429189e-08 8.89160948873864e-07 9.09329730680972
"TUBA1B" 3.74244537474716 1.66164867095912 6.59333849657095 3.77051332850866e-08 1.35100672404428e-06 8.59327554646555
"VTN" 2.18842962208589 1.30500717022259 6.58700973759793 3.85390190694089e-08 1.35100672404428e-06 8.57200807354457
"P68104" 2.97862811708428 1.79940580014137 6.50617596141566 5.09622309156736e-08 1.69248251093632e-06 8.3003776863321
"POTee" 3.371253580923 1.22222899345803 6.44561820953482 6.28289452936067e-08 1.98225322401329e-06 8.0969086025808
"P01024" 4.21019816236123 2.16965196404416 6.18884031998796 1.52573585510876e-07 4.55308990218419e-06 7.23488080682283
"P07996" 3.90974638155915 1.8511055360765 6.17735664110007 1.58744814339227e-07 4.55308990218419e-06 7.19637177784019
"PKM" 2.26162901290712 1.39826985526521 5.97708233608718 3.16757972522747e-07 8.69018611573275e-06 6.5256849905707
"COL6A1" 2.12937581551921 0.906037327762269 5.9575750789043 3.38778042462393e-07 8.90703936640709e-06 6.46046667340086
"P11142" 2.87545129058368 1.29353643577238 5.88919572056896 4.28712257999176e-07 1.08206973918992e-05 6.23203692830766
"APOA2" -2.92909339940784 2.08661494538222 -5.7963021897222 5.9006606155616e-07 1.4051654092107e-05 5.92221675319415
"P68371" 3.295131549419 1.45345865388749 5.79083304301521 6.01259366857193e-07 1.4051654092107e-05 5.90399563228833
"P07900" 3.2466907859726 1.26570801424459 5.76747648395991 6.51487408040546e-07 1.46817340883423e-05 5.82620659458451
"FBLN1" 2.95316002212105 1.2055395696611 5.74201244788396 7.11011782892306e-07 1.52311597048955e-05 5.74144816648371
"P68032" 4.20407336998704 1.87318986533482 5.73668071146573 7.24143884543367e-07 1.52311597048955e-05 5.72370790720361
"Q04695" 3.4601627273307 2.00730714342483 5.71477682088197 7.806715944354e-07 1.58904443899593e-05 5.65085220402139
"C4A" 3.2039860090128 1.69571761681544 5.64853995805952 9.79695595706439e-07 1.93183725278363e-05 5.43079344315183
"P02788" 2.30802018138482 1.24423163318215 5.52497998517805 1.49507663125488e-06 2.85876774036918e-05 5.02141327236429
"P63104" 1.95144771731261 0.884129142970355 5.50436557693546 1.60411106402212e-06 2.97704141587635e-05 4.95326835942416
"LYSM" -2.51369038477896 1.03729602438514 -5.44758507395822 1.94692837048505e-06 3.5100337193602e-05 4.76581678677024
"P02771" 2.4147975521799 1.20445681963199 5.41303038773939 2.19014429529874e-06 3.83883625092641e-05 4.65192522578839
"MYH9" 3.43434526665461 1.83979858127324 5.31329429197488 3.07414020628496e-06 5.24265532477247e-05 4.32403755064545
"K2CA" -3.23751542384483 0.49157497204076 -5.24779004175092 3.83856502131011e-06 6.37403823275442e-05 4.10941564198745
"TUBB" 3.23902255388818 1.37916446976825 5.21150052566768 4.34012974317571e-06 7.02210735370225e-05 3.99077929832991
"H1-3" -2.91695529635597 1.0433624240056 -5.19564301891476 4.57915677494341e-06 7.22361981247322e-05 3.93900000365892
"KRT6A" 4.12158234810949 2.4219735959836 5.14960284254484 5.34938319542603e-06 8.23283121052153e-05 3.78888401088653
"P01023" 4.66541614734684 2.29391897658004 5.09000752030905 6.53907371551214e-06 9.82417979640038e-05 3.59507115957701
"P01008" 3.47039576342094 1.58182119686144 5.06600726929111 7.08887568930982e-06 0.000104025129301267 3.51718438202816
"H1-2" -2.91695529635597 1.01099196772226 -4.9868183002517 9.24699084857041e-06 0.000132610255123817 3.26090309199027
"KRT13" 2.3575504617051 1.5651524960697 4.81823786648188 1.62283211790176e-05 0.00022755712586578 2.71921480786835
"eHD3" 1.56390897803243 0.929085257842862 4.7996913938522 1.72591142979321e-05 0.0002367500243912 2.65996752392465
"UBA52" -2.88132808924363 1.27572881511371 -4.72882999236981 2.18249078692187e-05 0.000293010997137808 2.43427423249363
"KRT3" 2.49580882350221 1.58048859238809 4.55975464191629 3.80581753939034e-05 0.000500306430699021 1.90037721711376
"PGLYRP1" -3.73010772933135 1.52650722953648 -4.54615709383068 3.97885347703422e-05 0.000512378886532365 1.85773891963114
"APOB" 3.77419281314885 1.56865439369341 4.52038604092389 4.32820377343994e-05 0.000546219316208121 1.77705588964398
"CKM" -2.80355367847987 1.31106230670835 -4.42016962509342 5.99548126569794e-05 0.000741793858559883 1.46494697625383
"RNASe4" -2.84150576750222 0.790744822982162 -4.40278251533366 6.34269235466847e-05 0.000769661322268423 1.41107224638316
"KRT222" -2.62548749506415 0.871570823600914 -4.36013318964453 7.27969848737065e-05 0.000866696178402053 1.27927746212017
"CHI3L1" -2.42286542719355 0.759499594345939 -4.28607963090032 9.23745269797313e-05 0.00107941345415204 1.05167334153085
"APOC3" -2.863474823457 1.19778688740857 -4.26924433638255 9.74952954007423e-05 0.00110745306627014 1.0001548549407
"KRT6C" 4.01709786471813 2.16427141361773 4.26672740653364 9.82842657862566e-05 0.00110745306627014 0.992459973991471
"CATHL4" -2.59195505338169 0.921576588262768 -4.22522429588744 0.000112227486126704 0.00124237796045527 0.865851661390355
"P04406" 2.2191219620645 1.46040235764334 4.19735211990032 0.000122653594125906 0.00133438651540425 0.781122955132824
"CAPNS1" -2.27062219511522 0.739184125827107 -4.15356164205259 0.000140964755424586 0.00150760611310024 0.648497743665772
"LBP" -3.11842486972932 1.85962211188047 -4.14406615757472 0.0001452726494198 0.00152778402973156 0.619820271992538
"HBA1" 2.3308321271137 1.70191375070829 4.06586264817011 0.000185965448895815 0.00192367538120097 0.384760510886076
"KRT71" -2.88481473214783 2.06923573706999 -4.04247389952344 0.000200151307437269 0.00203702379020834 0.314857600744949
"KRT7" -2.48714923864189 3.18158863035919 -3.99597381176901 0.000231538018006784 0.00231905538670287 0.176440047446374
"DSG1" -2.68672450030908 1.03087995997917 -3.98876575298211 0.000236811945711223 0.00233481777724659 0.15505126569674
"LRP1" 1.88417810741207 0.614868001325349 3.96523396052954 0.000254852018497947 0.00247402497957238 0.0853524029287716
"LOX" -1.91883745111307 0.69202037673911 -3.95408273678744 0.000263858799211423 0.00252265003488497 0.0523925484864032
"ANG1" -1.74507287689694 0.327357710119103 -3.9167844821548 0.000296278341586552 0.00279032288867335 -0.0575240161171626
"PRDX1" -2.2933594887194 0.546049595625712 -3.8346702969184 0.000381786191531587 0.00354040702034009 -0.297698107081894
"P08238" 2.47853915059721 1.08591880466753 3.82616873643225 0.00039189226363929 0.00354040702034009 -0.322418445125968
"P0CG53" -2.88132808924363 1.03241699431888 -3.82545269035875 0.000392755136963243 0.00354040702034009 -0.324499253619961
"RPS27A" -2.67293724168705 1.43074905315533 -3.73105578846713 0.000524065850787372 0.00465754298375819 -0.597057705468599
"UBC" -2.88132808924363 1.09692025673344 -3.71089182745824 0.000557147921996994 0.00484999549473236 -0.65481771267833
"Q5XKe5" 2.35138837414439 1.3958302434628 3.70528296967632 0.000566701470961029 0.00484999549473236 -0.670854963893634
"KRT73" -2.59242019782475 2.38515311888049 -3.70324632320414 0.000570209312384751 0.00484999549473236 -0.676675107229195
"KRT79" -3.11227742109915 2.41563447401021 -3.69964377371205 0.000576465391608442 0.00484999549473236 -0.686965985027799
"P06396" 2.77461254388396 1.8637240805787 3.68075726244993 0.000610357865494367 0.00506757648851244 -0.740828979945733
"ARG1" -2.59198984547256 0.789853158760867 -3.66473312231082 0.000640607681745465 0.00520003406326292 -0.78641291987466
"THBS4" -2.77305249272849 2.70759369313272 -3.66360359877889 0.000642793434127588 0.00520003406326292 -0.789622046637864
"LeCT2" -2.23477804758757 0.40535114520609 -3.63841185602457 0.000693444823989954 0.00553566912115224 -0.861056142925896
"H4" -2.10606486348256 1.60037448391229 -3.6344136202091 0.000701828097768906 0.00553566912115224 -0.872369016235633
"Q32Le4" -1.74507287689694 0.358614391703744 -3.60775537436374 0.000760260247174273 0.00592252118477736 -0.947623896822349
"KRT75" -2.30014921128041 3.74408656908985 -3.59050278241504 0.000800532393731372 0.00616019439566459 -0.996164804402508
"HMGCR" -1.98814106656069 0.299332174844075 -3.55463357179026 0.000890901328829992 0.00677299684929789 -1.09667095106712
"BPT2" -2.23477804758757 0.60882521501471 -3.52760432927207 0.000965367371254169 0.00725174775311167 -1.17203377996839
"TIe1" -1.43691604872888 0.329321550699608 -3.51991125183019 0.000987627378226504 0.00733168089012852 -1.19342423820083
"APOD" -1.98368134730423 2.04941190125326 -3.51483118332703 0.00100259472747487 0.00735624736089122 -1.20753476682274
"DSC1" -2.07694215686887 0.453335524236637 -3.50901381271793 0.0010200006854254 0.00739793600578655 -1.22367903064167
"IGFBP5" -2.15114678190639 0.517686905947146 -3.50270710847884 0.00103919690867461 0.00745151419742819 -1.24116409441524
"QSOX1" 0.879164719275046 0.805070645396471 3.49312730704636 0.00106901749727002 0.00757921394131891 -1.26768934829817
"ACO2" -1.74507287689694 0.361765483052936 -3.40352660075715 0.00139041186020519 0.00974833204210524 -1.51374492960402
"LASP1" -2.15114678190639 0.588559131748599 -3.37351180422678 0.00151729769612745 0.0105210422665541 -1.59533017290439
"NACA" -2.15114678190639 0.816083855863542 -3.3659447135834 0.00155098428962447 0.0106377292038374 -1.61583102446866
"JUP" -3.33427709702351 1.93676595742777 -3.35229618571809 0.00161354945790015 0.0109478463218817 -1.65273825048838
"P61224" 1.10971799650273 0.922756113454085 3.3180772473476 0.00178112396165216 0.0119562682957714 -1.74487376544154
"KRT10" -5.73980088804059 1.86919749840774 -3.31117265913785 0.00181688264730141 0.0120679257941809 -1.76339528555113
"POSTN" 1.94100639770131 0.858096457429997 3.21296619508589 0.00240521319402487 0.0158092658898927 -2.02426319437751
"BRN" -1.91098457934456 0.463884710841 -3.1820738356946 0.00262481209411434 0.0170393238479602 -2.10531068989458
"AMY2A" 1.23978770170579 0.570364073266519 3.17634470795408 0.00266756481580425 0.0170393238479602 -2.12028702957768
"CCN2" -1.82222936411307 0.732630820155657 -3.17557418679016 0.00267336459738202 0.0170393238479602 -2.12229992313855
"KRT76" 2.72577980713077 1.50032032286503 3.16894746735556 0.00272373808840454 0.0171867873378326 -2.13959865563983
"KRT8" 2.31776529111413 1.37402142304736 3.15236901536231 0.00285371100890519 0.0178286301645463 -2.18277533649384
"IGF2R" 2.64948313627867 0.877479878395385 3.14226337617488 0.00293578345471798 0.0181615623522259 -2.20902349714959
"APOA1" -1.33177872791305 5.65700133956763 -3.13716406947453 0.00297803678265343 0.0182440894160613 -2.22224787017713
"ALDOB" -1.54086094465963 0.356123696946491 -3.12263173543707 0.00310161777738397 0.018705425896746 -2.25985998271365
"KRT17" -4.27592310676013 3.15566229471789 -3.1213633227202 0.00311263029977549 0.018705425896746 -2.26313752376701
"P26038" 1.81635012815731 1.1333406550057 3.10440228134853 0.00326347009829522 0.019385555363488 -2.30688186306685
"TUBA1A" 2.45596955403637 1.19948842838369 3.10179598650729 0.00328724948319052 0.019385555363488 -2.31359013138489
"SeRPIND1" 1.60169379530873 0.688028441939677 3.08286213871006 0.0034649542458433 0.0202443160104363 -2.36221373660927
"KRT19" -2.98529351713548 2.96099265043905 -3.07247572319868 0.00356623285096115 0.0205530383940897 -2.38880460850233
"KRT6B" 2.98185791209461 2.22641661277503 3.07029294179233 0.00358786798891412 0.0205530383940897 -2.39438543319259
"KRT83" -2.83309341006281 0.457778587254636 -3.06752197092615 0.00361551071591753 0.0205530383940897 -2.40146637974942
"PARVB" 0.749917377045469 0.408945657906606 3.05764331519534 0.00371569460862422 0.0209339580182311 -2.42667629031973
"HBBF" -1.00551857997688 5.04709494072043 -3.04506172606867 0.00384706505441158 0.0213653739467988 -2.45870675035272
"VCL" 2.21792980261103 0.917727114954689 3.04384590809585 0.00385998832002387 0.0213653739467988 -2.46179740536681
"CALD1" -1.74507287689694 0.613608729397705 -3.03374859686919 0.00396889984366562 0.0217771808813305 -2.48743373633623
"P26583" 1.74192008687518 1.11725100709765 2.95780168968831 0.00488523275495141 0.0265739816239167 -2.67843949541388
"CFH" -1.73122616076446 4.64711187182647 -2.93971958447518 0.0051308150552005 0.0276713188019788 -2.72343638529301
"TAGLN2" -2.65496154681803 1.7896858980515 -2.89658071259131 0.0057639944122331 0.0308227158823651 -2.83002849740541
"KRT81" -2.86074309424574 0.615608932666368 -2.89218924103644 0.00583237919542637 0.030926313212723 -2.84081900808105
"P35900" 0.967189799009905 0.909107359925009 2.86522280115005 0.00626913686124867 0.0328028820766389 -2.90683261643037
"P08727" 2.20420421772281 1.29650660735389 2.86166472239771 0.00632898387067004 0.0328028820766389 -2.91551089663154
"PZP" 2.79708681180697 1.58382233784497 2.86088101004259 0.00634223710515046 0.0328028820766389 -2.91742139660126
"KRT72" -3.05541029543194 1.78368945396979 -2.85711720317322 0.00640624638003839 0.032864564762636 -2.92659159518705
"P34931" 1.54863023034414 0.704760182144938 2.84809578471068 0.00656212093115886 0.0333927282867842 -2.94853745745865
"P61204" 0.894177117892945 0.540338427439164 2.82469716789217 0.00698297295994746 0.0352500475018148 -3.00523282301072
"COL3A1" 0.734198110443937 0.302753326489726 2.74634240775569 0.00858133310666837 0.0429747713516488 -3.19269054609851
"ADAMTS13" 0.947397499562325 0.332982228000967 2.74143699639394 0.00869186190271398 0.0431855500835632 -3.20430194765555
"ASL" -1.42615010128079 0.347499488022769 -2.73811132477268 0.00876754176729545 0.0432212410559643 -3.21216558533628
"P62258" 1.13838199370976 0.499107347535886 2.71336983201654 0.00934993667053048 0.0457349615434476 -3.27045291344438
"MST1" -1.80483519676961 1.60785553826297 -2.70696756682066 0.00950634083778139 0.0461423159126158 -3.28547384712923
"PF4" -1.74507287689694 0.493140774575256 -2.68815384989931 0.00997999950860399 0.0480716006864818 -3.32946635133881
"KRT5" -1.67172922911033 4.67624021226336 -2.67583993848881 0.0103016721966275 0.049245114818727 -3.35814007280265
"AMY2B" 1.3934930666449 0.74822742113586 2.66261368840636 0.0106577720834686 0.0505643171779599 -3.38883179530501
"LDHB" 2.37874006380994 1.58525526685111 2.63633795122589 0.011398961726265 0.0533996594239289 -3.4494760485172
"P31946" 0.897384652657739 0.416300648724564 2.6344026696295 0.0114553790867386 0.0533996594239289 -3.45392527878977
"ASS1" -1.49076448518891 0.346997363117123 -2.63256196124222 0.0115092768330497 0.0533996594239289 -3.45815486304174
"GARIN1B" -1.45619311296172 0.931787480834391 -2.62408486305892 0.011760507060073 0.0539052773108744 -3.47760556760424
"IGFBP6" -1.35958502596172 0.599377808165143 -2.62313028445588 0.0117891097763877 0.0539052773108744 -3.47979296339447
"IGFBP3" -2.0499646108419 1.43521702137938 -2.61586977622798 0.0120087555092693 0.0545145663766111 -3.49641110769242
"GFAP" -2.19988068447297 1.07772854627193 -2.59578991071724 0.012635863240789 0.0569516407495563 -3.54219388744845
"C9" 1.90685980834987 2.59736352446115 2.5902233967709 0.0128149341705291 0.0573491025645664 -3.55483957572402
"HSPA6" 1.46510917674643 0.711514689119529 2.585205821815 0.0129783303509058 0.0576713130381798 -3.56622098739751
"CPB2" 2.0407690354793 2.49092361437449 2.57264467443029 0.0133957610172896 0.0591099664469211 -3.59464173492806
"P84077" 0.894177117892945 0.497523308665411 2.5698089893569 0.0134916759615237 0.0591197745258432 -3.60104349909102
"HBA" -0.95087170822712 4.52126570357216 -2.54417570983078 0.0143875599935972 0.0626106921100677 -3.6586734936094
"AKR1A1" 1.02861468745793 0.457750447432581 2.52757423873382 0.0149963521247445 0.0646792292140627 -3.69576696110345
"DDBX" 1.68396154952202 1.09075362379658 2.51852860367495 0.0153378417360476 0.0646792292140627 -3.71590127104741
"AMY1A" 1.3934930666449 0.755503261094872 2.51754464948061 0.0153754110651496 0.0646792292140627 -3.71808813853056
"AMY1B" 1.3934930666449 0.755503261094872 2.51754464948061 0.0153754110651496 0.0646792292140627 -3.71808813853056
"AMY1C" 1.3934930666449 0.755503261094872 2.51754464948061 0.0153754110651496 0.0646792292140627 -3.71808813853056
"TBA1B" 2.31681591083053 2.81683154113251 2.50965468989293 0.0156797033885041 0.0655224691267952 -3.73560052087013
"KRT20" -1.67805478071019 1.22298441785712 -2.48043243346265 0.016854961121035 0.0699702662327176 -3.80009938945237
"LIMS1" 0.726621379043966 0.626390033840329 2.46782705516784 0.0173861431195685 0.0717036360029261 -3.82774471901954
"Q3SWY2" 1.65697991735646 0.975216442046511 2.45789553165296 0.0178152787083191 0.072996369252918 -3.8494503389932
"SYNCRIP" 1.19674130840515 0.978798074633221 2.44743632748372 0.0182775570202197 0.0744073450307009 -3.87223695143209
"P00747" 1.8138207996993 1.01723332705427 2.42678261163982 0.0192223975835343 0.0777521338154498 -3.91701481219667
"H2A1" -1.70952206691802 1.08487554912278 -2.39951921434522 0.020537065179573 0.0815024410585568 -3.9756752963793
"H2AJ" -1.70952206691802 1.08487554912278 -2.39951921434522 0.020537065179573 0.0815024410585568 -3.9756752963793
"H2AC20" -1.70952206691802 1.08487554912278 -2.39951921434522 0.020537065179573 0.0815024410585568 -3.9756752963793
"KRT35" -2.48644093875767 1.03842056043664 -2.39555619855078 0.0207347651021254 0.0817727298715072 -3.98415959399828
"TLN2" 1.57529240685539 0.966455129892931 2.37226305068885 0.0219317889357811 0.0858445019465411 -4.03380733410261
"KRT78" -2.06053378205776 1.21398713660327 -2.37022698336969 0.0220393174569567 0.0858445019465411 -4.03812915955499
"F13A1" -1.38858871306064 1.66628805992448 -2.34334856734534 0.0235038698369098 0.0909873734177307 -4.09491081740621
"KRT74" -2.58361505100589 0.857335682092491 -2.32122877093912 0.0247739355246222 0.0953192275368084 -4.14125927941062
"Q13509" 1.64146553788725 0.919595553811429 2.30937644018645 0.025479433045322 0.0974395287975646 -4.1659517176981
"FeRMT3" 1.89130510938195 1.78631223336103 2.29624448888523 0.0262820164271967 0.0993461395112371 -4.19319361572632
"CLeC3B" -1.4253234682682 2.73407577761207 -2.2960692581602 0.0262928768595509 0.0993461395112371 -4.1935562978502
"TG" 1.85654058289969 0.830439203374032 2.29298610913356 0.0264846202808304 0.0994749726024045 -4.19993403645059
"O43505" 0.515920404969777 0.29264576963563 2.27609870438016 0.0275571555017939 0.102890917879479 -4.2347465603714
"THBS3" 0.688448979385159 0.323629307052341 2.26755905978805 0.0281141111084022 0.104352965349422 -4.25227285488575
"SPP2" -1.74732885365822 0.907685424247359 -2.24844304064966 0.0293973188474593 0.108192265636441 -4.29131539121283
"P36955" 1.20790285038704 0.746790949493321 2.24707096324034 0.0294913941196005 0.108192265636441 -4.29410758210623
"CHIA" 1.58631046073942 2.43697362564595 2.23762772617151 0.0301461468542181 0.108741574817142 -4.31328771938117
"HSPA1B" 1.94456237323213 2.41794247840277 2.23616801049628 0.0302485004193721 0.108741574817142 -4.31624678096745
"HSPA1A" 1.94456237323213 2.41794247840277 2.23616801049628 0.0302485004193721 0.108741574817142 -4.31624678096745
"TRAP1" -1.54573985852919 0.607607333279489 -2.23500237023247 0.0303304550995514 0.108741574817142 -4.31860859825428
"APCS" -1.76315371799644 0.693876707081285 -2.23132629050774 0.0305902075226157 0.109053225687969 -4.32605060434221
"CAPN1" -1.07233384795479 0.388832623725532 -2.2196674386822 0.0314271234580356 0.111407387090003 -4.34958829448386
"P61981" 0.589937365581263 0.3862453650712 2.20002496304912 0.0328830783542901 0.115917443807581 -4.38901970411078
"KRT80" -1.86214031737808 1.37415635638299 -2.17418136856683 0.034889368283023 0.12198514300084 -4.44046864114649
"LTF" -2.37451724485189 2.26415786302272 -2.17290764889925 0.0349909839669604 0.12198514300084 -4.44299161931231
"C7" 1.74958124510246 3.19095786669979 2.16581868327384 0.035561313917253 0.123292247702125 -4.45701150975579
"FLNB" 0.937153301951633 0.413331594768217 2.15855716954693 0.036154002753005 0.124662162498066 -4.47133409638675
"CRYZ" -1.74507287689694 0.771489576565082 -2.15163627261842 0.0367269675500728 0.125949546326608 -4.48494846444809
"C5" 1.48200489947871 0.771532167322534 2.14632226830435 0.0371723084146612 0.12678771140352 -4.49537770471141
"P23528" 0.64211656708336 0.716620014092231 2.13105718730578 0.0384781149728171 0.130535970687353 -4.52521991421306
"F2" 1.36194493541351 4.46967325870573 2.08596776006635 0.0425730469300397 0.143655575469813 -4.61234727246638
"IGFBP2" -2.21795572625354 2.40775523204748 -2.07554208749546 0.0435723942213126 0.14624564230664 -4.63227481505236
"TUBB4B" 2.09047394033861 1.99452773543662 2.06069287129225 0.0450310649788372 0.15034180953252 -4.66051506478169
"TUBB5" 2.07588514754732 2.02978074745611 2.04675507437897 0.0464387132867238 0.154225410968014 -4.6868691886271
"Q86Y46" 1.60848746498106 1.05126095261204 2.03085519454785 0.0480910951658896 0.158876864134431 -4.71675191439689
"APOe" -1.21882959058388 3.49230270079397 -2.01538033260008 0.0497480633596941 0.163494937395661 -4.74564947600916
"CPN1" 1.89087820080033 2.23358421359915 2.01160594974597 0.0501596287754449 0.163993397706247 -4.75266973529611
"ACTC1" 2.57554498309792 3.14765073265295 2.00486264964933 0.0509022706465984 0.164940133101703 -4.76518473600859
"COL1A1" 1.66144865389862 1.249747684195 2.00423396297554 0.0509719904197022 0.164940133101703 -4.76634973546896
"VASP" -1.02453915694281 0.502140227184709 -1.98988676608671 0.0525856561425593 0.167907954266307 -4.79285291428979
"MAP4" -1.23735452302572 0.337161908363979 -1.98910614048385 0.0526747066306638 0.167907954266307 -4.79429036546775
"TUBA1D" 2.45596955403637 1.70209257780935 1.98899460737178 0.0526874404829301 0.167907954266307 -4.7944957049521
"DSP" 1.58516917770674 1.36211428931009 1.97331438067634 0.0545043172276912 0.17282524708881 -4.82326775674133
"CATHL3" -1.15372325734454 0.337409403174493 -1.96050345603076 0.0560285499919241 0.176770075224521 -4.8466326516763
"P04272" -1.91385065125921 1.21847887840817 -1.93160774274453 0.0596016534923521 0.187107678376488 -4.89886157609853
"RASA1" -1.02019054031091 0.310522415542501 -1.92132841603062 0.0609190035340965 0.189522015341594 -4.9172830784033
"HBD" 1.31378139495517 0.814906290238242 1.9209233213649 0.0609714249038725 0.189522015341594 -4.91800733775929
"PeBP1" -1.11583983881795 0.681304612077119 -1.91244135307774 0.0620779322704615 0.192015565013045 -4.93314226356358
"P15311" 0.841856378294518 0.776083929513556 1.89370990646051 0.0645824475703395 0.198787923984801 -4.96636409277536
"P09429" 1.0917234061807 1.13960692870907 1.88584511750054 0.0656594185815161 0.2011218112861 -4.98022987881459
"CLIC1" 0.88011670876026 0.656642505144377 1.88245380925482 0.066128507526499 0.201580136469666 -4.98619362418536
"APOM" 1.03085033821812 0.449846401681055 1.8612191000888 0.069130997116907 0.209066205150105 -5.02332687589251
"AOC3" 1.17418359384115 0.499763080736666 1.86041473896423 0.0692469681083549 0.209066205150105 -5.02472637359193
"ACTN3" -0.848681942856061 0.28601249898022 -1.85472367382152 0.0700722168331457 0.210550327722452 -5.03461336157858
"CHAD" -1.15372325734454 0.459959781554867 -1.8300375487427 0.0737490240571178 0.220548029289295 -5.07719865722007
"ARHGeF9" -1.07951863230702 0.399278493642343 -1.81830475101758 0.0755528835488366 0.224876743015641 -5.09726618997797
"LGALS3BP" 1.08834877836238 0.705418077214483 1.80800301848487 0.0771672549732732 0.228603464263546 -5.11479415114646
"TUBA4A" 1.65622973514546 2.94213655683537 1.80294960304987 0.0779697247550199 0.228812112678968 -5.12336083810136
"SeRPINA5" -0.702215127451684 4.39741935957571 -1.80237181104768 0.0780619222185802 0.228812112678968 -5.12433900492113
"GDF6" -0.913606929859404 0.295749412812816 -1.80072289991125 0.0783255409487436 0.228812112678968 -5.12712901895775
"MAPRe2" 0.70013321690174 0.42282012260482 1.78875765354209 0.0802609821214759 0.2329526244486 -5.14730833377909
"POTeI" 0.96575625878631 0.510637212644928 1.7874112857318 0.0804812553562516 0.2329526244486 -5.14957167277821
"YWHAe" 1.13838199370976 0.894440115061187 1.7683156750191 0.0836603819947554 0.241048863190368 -5.18151329501338
"P49747" 0.684599209325112 0.476961206766378 1.76308170281633 0.0845498798817107 0.242504428206179 -5.19021615154502
"Q14CN4" 1.05878365621859 1.04825329384874 1.75969916511367 0.0851289258707298 0.243060417305115 -5.19582855684251
"FN1" 1.61107052240308 3.63302739964173 1.75063563369306 0.0866968293201884 0.246422068923598 -5.21082070309675
"RGN" -0.961480084599163 1.02697867734299 -1.73297111256225 0.0898218509892376 0.253734922165369 -5.23984554137726
"ADORA1" -1.54996898799764 0.406560103967575 -1.73086040934733 0.0902014438542691 0.253734922165369 -5.24329644948299
"KRT28" -2.06120212211934 1.15356301224141 -1.7273186803772 0.0908413905188745 0.253734922165369 -5.24907874890242
"YWHAZ" 1.155532580254 1.67445722854013 1.72711604548283 0.0908781179229373 0.253734922165369 -5.24940926107866
"MPV17L" -1.01021501685941 0.315558794847105 -1.69570817581591 0.0967216614417678 0.268860653611258 -5.30022618880502
"KRT4" 0.864748127157013 0.841445248595557 1.65234181147122 0.105296962401952 0.290510104312134 -5.36903979228963
"Q8N1N4" 1.11357277558577 0.896992418578169 1.65168850863571 0.105430766858128 0.290510104312134 -5.37006439607479
"FLNC" 0.625486515733495 0.271711608969947 1.64869471012409 0.106045717141062 0.290934119634827 -5.37475511036151
"AOCY" 0.751054404550731 0.299076449280129 1.63920283610685 0.108014872283021 0.29505361216704 -5.38957718075865
"TUBB2A" 1.0395541762561 0.306442143454817 1.62606867162994 0.110788848663084 0.301326566837957 -5.40996153861797
"O95678" 1.46234405292103 1.40815289159792 1.6225794250063 0.111535478650802 0.302055309135862 -5.41535237446333
"FTH1" 0.525807262887355 0.282484824372127 1.61145203671137 0.11394395041514 0.307259114153648 -5.43247516422604
"AOCX" 1.30295042937196 0.648107272474439 1.5984988903165 0.116800694254753 0.313622289679783 -5.45227509896705
"SULT1e1" 0.879164719275046 0.516658063393535 1.59362792521784 0.117889879960586 0.315205568877669 -5.4596838571887
"FGG" 1.65434863262525 1.88977614221664 1.57266669193289 0.122671226397837 0.326605670282849 -5.49133517989041
"ACO1" 0.712929379147025 0.368919030414894 1.56737534241871 0.123902629221262 0.328498147221076 -5.49926574454972
"HP20" 0.866701223173628 0.680981753881348 1.53636254859674 0.131321495501706 0.345304818703217 -5.54526424487772
"HMGB1" 1.0917234061807 1.37648863820139 1.53438315906427 0.131806834799606 0.345304818703217 -5.54817201801544
"P02675" 0.515583228828949 0.361465457081215 1.53407119985746 0.131883456905666 0.345304818703217 -5.5486299859291
"HSP90B1" -0.618725770878165 0.401908665735753 -1.53154329813789 0.132505665164181 0.345500308754537 -5.55233794669852
"PIP" 0.510495997480374 0.463104733121213 1.51478821192132 0.136689260086958 0.354942070431567 -5.5767750818873
"CLeC11A" 0.341307564924142 0.313556625083039 1.50294511254261 0.139709389389661 0.361297642233099 -5.59390163880453
"COL6A3" 0.627145087115576 0.260466421892031 1.48470573499871 0.144464120957046 0.371825198646317 -5.62003993529757
"HBB" -1.20925824906226 3.60338993350591 -1.48221710736067 0.145122687308684 0.371825198646317 -5.62358388357149
"YWHAB" 0.897384652657739 0.691992842911427 1.48061444155963 0.145548057156324 0.371825198646317 -5.62586331641637
"HSPA1L" 1.35094212065076 1.39618597961092 1.47613771135645 0.146741468838232 0.373362366277922 -5.63221860473472
"P62826" 0.419963131415743 0.748294253470853 1.46699219024095 0.149203510478459 0.377427891284669 -5.64514750674738
"Q7Z3Y7" 0.791294162777107 0.378250244393938 1.46576768401459 0.149535614613577 0.377427891284669 -5.64687303213021
"KRT15" 1.46748675989428 0.898171136215576 1.43491895924167 0.158095896833735 0.397444266542177 -5.68991079738938
"COL1A2" 0.956305314173631 1.33481183586698 1.43188027075451 0.158959450339011 0.398029417317128 -5.69410497378042
"APOA4" -1.07939550797388 2.28641850567132 -1.42695952498282 0.160365673081135 0.398487196680827 -5.70087965439232
"ACTBL2" 0.83078371383456 0.466625960054164 1.42682132872996 0.160405305795452 0.398487196680827 -5.70106960974679
"P0DMV8" 0.890504059502458 0.839672292936283 1.39601251045284 0.169433164493225 0.417626276543848 -5.74299697019008
"P0DMV9" 0.890504059502458 0.839672292936283 1.39601251045284 0.169433164493225 0.417626276543848 -5.74299697019008
"P02765" 1.28814690760404 1.06939274474532 1.38424943640637 0.172982150036764 0.424714928689486 -5.75878381752832
"eeF1A2" -1.26974125443144 0.504483922437861 -1.36561629765883 0.178720988482108 0.437104433070583 -5.78353944028432
"A1BG" -0.481924784751023 4.15117798268516 -1.36024413905154 0.180402448901108 0.439513302149031 -5.79061943746479
"TGFBI" -1.12546967908938 2.44310842150736 -1.35463089480964 0.182172307734028 0.442118177616044 -5.79798969279168
"H2AZ2" -0.913606929859404 0.622406535074498 -1.33721928884552 0.187746841259797 0.453746427167173 -5.82067244121188
"FABP1" -0.90688411723371 0.585698847704855 -1.33519946008676 0.188401844560696 0.453746427167173 -5.82328620780752
"P68133" 1.32535468210881 1.11980822651831 1.33078316344628 0.189840053662663 0.455471763730571 -5.82898841204731
"ORM1" -0.586950207119903 3.86425014046426 -1.32216829105148 0.192669591150282 0.46050951521147 -5.84006142190389
"COLGALT1" -0.557546202159564 0.276744504294037 -1.31175315859369 0.196133032954232 0.466385627453547 -5.85335947491848
"PROC" 1.00935654639003 1.68102634411129 1.31034080398719 0.196606302539847 0.466385627453547 -5.85515526967388
"P08729" 0.813544643014477 0.723712998452794 1.30739932489425 0.197594743026181 0.466974842133034 -5.85888957516323
"P12814" 0.866275623129317 0.537805322538134 1.28689026107294 0.204591129274307 0.48170523347794 -5.88471005174328
"HMGB2" 0.939881263073025 1.45785418284916 1.27709370328882 0.207998074203653 0.487906263280688 -5.89690983536456
"ARHGDIB" -0.4517022279891 0.279676009478865 -1.27256000853845 0.209589065976681 0.489817409745502 -5.90252635206341
"P02787" 1.14608897522421 0.814725741700157 1.25948735581288 0.214227542336302 0.498810255402977 -5.91861711202417
"H2AZ1" -0.913606929859404 0.669371869306268 -1.25291579497845 0.216587972858264 0.502452245858693 -5.92664736771526
"Q7RTS7" 0.842139485451737 1.14685695489893 1.24514790621781 0.219402979479774 0.506159712953131 -5.93608895417711
"GPX3" 0.515583228828949 0.481329126730382 1.242328156387 0.220431513146205 0.506159712953131 -5.93950269701396
"POTeF" 0.946459431240904 0.49537561069465 1.24188745783389 0.220592584884486 0.506159712953131 -5.94003557764771
"HSPA2" -1.11397362736062 0.692878943111484 -1.23769982732771 0.222127481893245 0.506494396852587 -5.94509033337844
"Q9BQe3" 1.11344035158319 0.969807632327124 1.23711133027721 0.222343816050977 0.506494396852587 -5.94579941111743
"MYH11" 0.541526529488889 0.652544957969425 1.23465626237921 0.223247991153112 0.506724756897891 -5.94875411284381
"CST3" 0.360028296063721 0.296271887536228 1.22182602141531 0.228017461215606 0.515695405114865 -5.96410614512792
"ACTB" -0.358472608402807 4.58489953713887 -1.21736965168333 0.22969148275222 0.515784076927584 -5.96940329914348
"ACTG1" -0.358472608402807 4.58489953713887 -1.21736965168333 0.22969148275222 0.515784076927584 -5.96940329914348
"P16402" 0.467172392736575 0.535435086540311 1.21449661730018 0.230775506782321 0.516361968544375 -5.97280877975825
"PGAM1" 0.469115562369614 0.402911325504952 1.21235637519993 0.231585478760789 0.516361968544375 -5.975340764046
"P12259" 0.782282250814817 0.759135697267659 1.20167916990071 0.23565741507604 0.523590946876694 -5.98790974807679
"P54652" 0.654779873472075 0.339616098038885 1.1901914778773 0.240096615963785 0.531582332186485 -6.00131631529828
"SeRPINA6" 1.15367795745147 1.96150691123315 1.17935930788471 0.244337981497312 0.538464635594652 -6.01384704705265
"COLeC11" 0.52672276121057 0.487477162491397 1.17628755629808 0.245550566456265 0.538464635594652 -6.01738086945651
"HSP90AB1" -1.00919833561052 1.67089272268817 -1.17451431515142 0.246252541462632 0.538464635594652 -6.01941690562759
"UTRN" 0.464277098181705 0.277898308571694 1.17359130296236 0.246618509804841 0.538464635594652 -6.02047556511495
"ANXA2" 0.575544473057032 1.02910085649948 1.17118277247952 0.247575329819287 0.538689769365415 -6.02323436916653
"MYH10" 1.12515333907836 1.59849695958135 1.16028478436231 0.251938247246201 0.545213261969115 -6.03565056048073
"RAP1BL" 0.607082468109442 0.558280460192407 1.15815283787044 0.252798192444347 0.545213261969115 -6.03806672290486
"AFP" 0.371305553690884 5.63990601640145 1.15724359593869 0.253165587570445 0.545213261969115 -6.03909590481555
"Q9NY65" 0.83078371383456 0.771076784687933 1.14612142069502 0.257690809836156 0.553021979758423 -6.0516235472587
"CFB" 0.80067476490803 4.57360680274049 1.1440393117626 0.258544348698471 0.553021979758423 -6.05395608266179
"CAP1" 1.05809783976032 1.32920007249191 1.13914915885306 0.260556970437453 0.554449045591769 -6.05941865888537
"KRT77" 0.943598541420248 1.11212838504281 1.13815164397775 0.2609688851676 0.554449045591769 -6.06053022653678
"CSN1S2" -0.723168602811224 0.825354632457218 -1.12381801225861 0.266939241550794 0.565230407444802 -6.07640112008652
"SePTIN7" -0.541136601165558 0.378903709138505 -1.09425035258174 0.279559943769042 0.589974329492526 -6.10853838234975
"S100A7" 0.42159251569685 0.524428888572263 1.0849874334564 0.283598618130047 0.5965024268002 -6.11843920178039
"eeF2" -0.604197119431249 0.411835233384375 -1.07792627895988 0.28670460669189 0.601031916354094 -6.12593296099117
"P63000" 0.525807262887356 0.56948871392229 1.06740694189497 0.291375612957416 0.608801363497117 -6.13701055312896
"P62979" 0.370059122849719 0.649622135978336 1.06274660230936 0.293461793451868 0.611136606165441 -6.14188519947303
"A2M" 0.361486076924234 6.85398639709391 1.05647252455025 0.296286671894236 0.614989769622575 -6.14841574342556
"P21291" 0.229428431870465 0.410715326481604 1.05163025063675 0.298479698423887 0.61751045805073 -6.15343079061145
"GPLD1" 0.894481144867044 1.27736996011665 1.04579498609455 0.301137284658945 0.617652833919275 -6.15944510730347
"KRT33B" 0.736306448266068 0.421834264019887 1.04293241457789 0.302446935998138 0.617652833919275 -6.1623838589971
"PGK1" 0.922533403561975 1.44964417635107 1.04173775083894 0.302994660899278 0.617652833919275 -6.16360804549206
"S100A9" 0.54664876397732 0.734901277775447 1.03763046510253 0.304882948478402 0.617652833919275 -6.16780662780254
"PROS1" 1.13946980072268 2.03387790338065 1.03637472421471 0.305461870974866 0.617652833919275 -6.16908712481244
"BCL2L14" 0.406550583920308 0.278345186011782 1.03581384392735 0.305720691555916 0.617652833919275 -6.16965858481137
"PPIe" -0.629004945774209 0.534199470938428 -1.03536877791357 0.305926176013794 0.617652833919275 -6.17011183605064
"SeRPINB12" 0.419963131415743 0.57571456833276 1.03271579103159 0.307153007091008 0.617652833919275 -6.17280975981576
"MYH14" 0.380505337857399 0.505922711842503 1.03227289290943 0.307358145563633 0.617652833919275 -6.17325951674314
"KRT31" 0.782282250814817 0.616384676505695 1.02407053270486 0.311174194515345 0.623336243616454 -6.18155562431699
"H4C1" 0.419963131415743 0.852768548672937 1.01495143813089 0.315454490868505 0.629718081655703 -6.19070476199921
"HSP90AA1" 1.00143055421422 2.00619567514892 1.01253717100396 0.316594351049437 0.629718081655703 -6.19311389455001
"ACe" 0.456005562122508 0.353554485651329 1.01093155619015 0.317353961912066 0.629718081655703 -6.19471305891705
"KLKB1" 0.71328951640557 2.45522538487941 1.00614556755836 0.319625514852718 0.632237303674185 -6.19946542710116
"ADIPOQ" -0.466821134147384 2.93752513994763 -0.992867358480251 0.325985095824231 0.639544788544546 -6.21253740418755
"H2BC18" 0.351460522660513 0.730843712997558 0.992457429601687 0.326182773932474 0.639544788544546 -6.21293832163397
"eNO3" -0.98272025137878 0.800492843654084 -0.992089194033633 0.326360415073445 0.639544788544546 -6.21329832717546
"ILK" 0.557348037505737 0.589892980239292 0.989591839365401 0.327566881576974 0.639921678870187 -6.21573649081343
"PYGL" 0.341307564924142 0.289094199092255 0.977346085389729 0.333526008294571 0.647445792219398 -6.22760679175067
"Q02413" 0.629021063817747 0.973412188118829 0.975383909015162 0.334487534061777 0.647445792219398 -6.22949564065489
"ACTA1" 1.32535468210881 2.17781526642366 0.975365511222213 0.334496558262319 0.647445792219398 -6.22951333369264
"PYGB" -0.439212698406834 0.383107542668964 -0.971198996386181 0.336544427924632 0.649417535230712 -6.23351200114263
"CFD" 0.570601171380657 1.75420206290034 0.965227644622026 0.339493882221737 0.653111706347306 -6.23921416798854
"LYZ" 0.381001692308683 0.618327282928133 0.952021894112863 0.346077279596263 0.663753080319884 -6.25170472243443
"KNG1" -0.440970158781671 4.54464354662345 -0.947002075457663 0.348601679803519 0.666568666533395 -6.25640932250635
"YWHAG" 0.589937365581263 0.468170897201404 0.944380828729006 0.34992466146939 0.667076922619895 -6.25885646866563
"PCYOX1" -0.458949911378425 0.410504855434628 -0.941254435914287 0.351506895441784 0.668074852481223 -6.26176668286638
"PFN1" 0.839569078324173 1.79396376116169 0.92465776382656 0.359984533508878 0.677935777767113 -6.27706028561885
"FHL1" 0.332590856216308 0.658231571395055 0.921676419860682 0.36152135549962 0.677935777767113 -6.27977980428025
"H2BC12L" 0.351460522660513 0.477914723900764 0.921624361613605 0.361548228153955 0.677935777767113 -6.27982721557593
"H2BC13" 0.351460522660513 0.477914723900764 0.921624361613605 0.361548228153955 0.677935777767113 -6.27982721557593
"CCDC168" 0.782282250814817 0.497858398849557 0.92009648243706 0.362337500924041 0.677935777767113 -6.28121756072013
"P00488" 0.313534220728326 0.373297292501453 0.91700160627775 0.363939667368543 0.677935777767113 -6.28402703812734
"SeRPINA3-2" 0.535060016675613 4.68780865363659 0.914717447051617 0.365125069531372 0.677935777767113 -6.2860947105932
"RBP4" -0.831148691831821 1.85734450256641 -0.909640664505482 0.367768658789248 0.677935777767113 -6.29067252976073
"O60814" 0.351460522660513 0.497880389597874 0.900293963660419 0.372667799337827 0.677935777767113 -6.29903635248091
"H2BC14" 0.351460522660513 0.497880389597874 0.900293963660419 0.372667799337827 0.677935777767113 -6.29903635248091
"H2BC9" 0.351460522660513 0.497880389597874 0.900293963660419 0.372667799337827 0.677935777767113 -6.29903635248091
"H2BC5" 0.351460522660513 0.497880389597874 0.900293963660419 0.372667799337827 0.677935777767113 -6.29903635248091
"H2BC15" 0.351460522660513 0.497880389597874 0.900293963660419 0.372667799337827 0.677935777767113 -6.29903635248091
"H2BC4" 0.351460522660513 0.497880389597874 0.900293963660419 0.372667799337827 0.677935777767113 -6.29903635248091
"RAN" 0.419963131415743 0.736928979129569 0.900022028680721 0.37281095861361 0.677935777767113 -6.29927844401447
"AFM" 0.624341277865887 3.6330774368852 0.871125211258407 0.388223761809754 0.70143326178629 -6.32460141275667
"GNPTG" -0.352022817841812 0.334506007324156 -0.870278488442354 0.388681350281887 0.70143326178629 -6.32533137352071
"PLeK" 0.312745181280073 0.356570434842956 0.869564299807681 0.389067577852934 0.70143326178629 -6.32594654271734
"KNG2" -0.600701749782999 4.12277039415999 -0.866918093469371 0.390500727420599 0.702011279209111 -6.32822160521983
"SeRPINA3-7" -0.35921463969474 4.02428387310896 -0.857390969193418 0.395687876277457 0.707576400509875 -6.33635694337662
"ITIH1" 0.709443776048892 3.80924768927212 0.856489109266634 0.396181122530822 0.707576400509875 -6.33712254562872
"LDHA" 0.824524390143966 1.61294037748063 0.855065594394942 0.396960452900944 0.707576400509875 -6.33832940123721
"PLG" 0.549970940537649 5.08341324061474 0.847740682314727 0.400985702283283 0.712149871428297 -6.34450872172764
"MAN2B1" 0.360028296063721 0.257721982999801 0.846294425219735 0.401783445686963 0.712149871428297 -6.34572270187045
"F12AI" -0.524173320362174 4.11224061514221 -0.838816885985008 0.405923664011469 0.71747291874296 -6.35196726701363
"AZGP1" 0.419963131415743 0.618569799322471 0.836159629976752 0.407401269602623 0.718073187483953 -6.35417343072529
"KRT33A" 0.573604716203141 0.335776781552413 0.832350121205581 0.409525371906763 0.719175708753865 -6.35732440245609
"CSN1S1" 0.525160975413162 1.04968891000601 0.830276418768146 0.410684479752365 0.719175708753865 -6.35903376563864
"Q9BUF5" 0.473439722176459 0.589043054365598 0.828915961160052 0.411446007702291 0.719175708753865 -6.36015295087075
"F9" 0.589761568305614 1.26479360370761 0.818712091863821 0.417185259720618 0.727193090838979 -6.3684904267437
"GPI" 0.522073435561474 1.05996408749265 0.813879025436932 0.419920592087299 0.72994461048784 -6.3724044889838
"GSTA1" 0.564122414520223 1.18884112702396 0.807637308834413 0.42346923200834 0.734090893948523 -6.37742604423335
"WDR1" 0.382991788293697 0.49446527816826 0.794276176037793 0.431126193852742 0.744937123762719 -6.38804898143811
"K2C4" -0.928535380638826 1.07211431784201 -0.790580397513637 0.433258718890136 0.744937123762719 -6.39095693458596
"P14923" 0.596590806653783 0.931804160540682 0.790564840117115 0.433267709066431 0.744937123762719 -6.39096914774677
"HSPA5" -0.495490916577393 0.826080446789921 -0.786847365262807 0.43541912568845 0.746601816058185 -6.39388080700401
"P00558" 0.360028296063721 0.750630568987068 0.783883006552325 0.437139244955734 0.747519955466309 -6.39619302937244
"RAB8A" 0.279370474546928 0.302377082886402 0.77679777869356 0.441266905354751 0.752538965618507 -6.40168514455596
"PFKL" 0.300424220481219 0.353274024389126 0.77298739201522 0.443496238006154 0.754302226905345 -6.40461868951395
"MDH1B" -0.74665998548331 1.30473120409333 -0.76030764506789 0.450962435461975 0.764938969829318 -6.4142793937003
"CP" 0.557348037505737 0.486714698212137 0.753805651975234 0.45481933376595 0.76941286757725 -6.41917285701629
"KRT27" 0.881052003279617 0.822600485886249 0.748317796348375 0.458089545915682 0.772873003937956 -6.42327117481461
"THBS2" -0.553231113439225 0.556608593747009 -0.727169541137879 0.470818463701651 0.791119631137624 -6.43879128139565
"P18065" 0.266011174055562 0.31297054960441 0.724310707747901 0.472554512895387 0.791119631137624 -6.44085596058878
"LOXHD1" 0.229428431870465 0.305129942147082 0.72101187633372 0.474562271758679 0.791119631137624 -6.44322853525417
"HNRNPK" -0.363881042925138 0.431388864781368 -0.719738463858335 0.475338598187457 0.791119631137624 -6.4441415634407
"UBA1" -0.275063583362337 0.371507614924474 -0.717430902599782 0.476747217910287 0.791119631137624 -6.44579205012381
"HRNR" 0.242684023619387 0.465822623919104 0.71737001760614 0.476784416284412 0.791119631137624 -6.44583552806013
"Q08554" 0.266011174055562 0.505329989393162 0.715903673470963 0.477680791542686 0.791119631137624 -6.4468815539895
"TUBB6" 0.644324598628255 0.781667074279942 0.707401455251229 0.482896914379819 0.797594030887679 -6.45290541840243
"SeRPINA1" 0.226808836964836 6.29018619540095 0.70541842303591 0.484118088478575 0.797594030887679 -6.45430028391864
"eeF1A1" -0.473875430152571 3.10639466574768 -0.700098452595199 0.487402717357795 0.800914361074918 -6.4580234287271
"P35625" -0.111568106057251 0.334972889619899 -0.677626014464867 0.501413709828193 0.821797534809324 -6.47344611515336
"AGT" 0.270262470048736 5.10974841269168 0.663725854210988 0.510189224038488 0.834013990591414 -6.48273890263987
"GALK1" 0.214477781208431 0.276395954789196 0.657581965719058 0.514094302268833 0.838226110417658 -6.48678613553094
"Q0VCM4" 0.471544449243781 0.998684414612892 0.649151286118584 0.519478903054394 0.844677190312765 -6.4922796654758
"VNN1" -0.436969707994427 2.79085309958901 -0.647202105940244 0.52072809355256 0.844677190312765 -6.49353987238137
"HNRNPR" 0.266011174055561 0.274976810390274 0.640245671231112 0.525199331973355 0.849745585833812 -6.49800709386262
"KRT25" -0.814681667956167 0.870916214072822 -0.628469566990957 0.532814412015156 0.855672865989669 -6.50546128939734
"P00742" 0.195090141570972 0.369009306496356 0.628453921391965 0.532824567584106 0.855672865989669 -6.5054711025215
"TF" 0.204999941914163 6.43319179890424 0.628290021941127 0.532930960909572 0.855672865989669 -6.50557388796909
"SeRPINA3-4" 0.597409936179489 4.28063114130312 0.623255935056917 0.536204174913211 0.858743234442223 -6.50871805670003
"FAP" -0.368062006979528 0.55780279319837 -0.616130060138696 0.540855296619677 0.863999220675991 -6.51312619517691
"AMBP" -0.318390322201376 3.34141423414827 -0.610917112170367 0.544270978396597 0.864770509315902 -6.51631940665234
"HPX" 0.281532686960801 4.43467162277725 0.609207972340104 0.545393265353098 0.864770509315902 -6.51736053774232
"RPS4X" 0.279370474546928 0.513292028294379 0.609122311584074 0.545449544703215 0.864770509315902 -6.51741264291576
"GAPDH" -0.33292956075477 3.07871804506745 -0.606313009011988 0.547296912194821 0.865524690714115 -6.51911747279725
"P80209" 0.250571757076662 0.368808821772609 0.603888725570544 0.548893661674455 0.865879751291452 -6.52058242047
"NCAM1" -0.313061378734751 0.308761910501216 -0.600173999661835 0.551344957550127 0.867577726219776 -6.52281595230799
"Q14533" 0.391067422336032 0.451527797045678 0.593939861247112 0.555471233801193 0.870545915765564 -6.52653383144495
"PGK2" 0.211610317969601 0.431077244658023 0.593156997666092 0.555990497707642 0.870545915765564 -6.5269980102068
"P05109" 0.282648813539845 0.687321161041491 0.590668899560934 0.557642445802289 0.870971245795159 -6.52846926142985
"eRC1" -0.111568106057251 0.453126800778874 -0.584760443944635 0.561575166629388 0.874947975662084 -6.53193861993921
"FTL" 0.335082173138053 0.686434797671335 0.577452878669872 0.566458233594585 0.880382131522619 -6.53618198964108
"SeRPINB3" 0.374730356900421 0.783301319974117 0.568333066903717 0.572581645303363 0.885869010048484 -6.54140393184697
"CTSC" -0.303390750344414 0.512298981811556 -0.566114903455386 0.574075904963432 0.885869010048484 -6.54266164815725
"SLC2A1" -0.111568106057251 0.273565477653511 -0.565930287783338 0.574200356750919 0.885869010048484 -6.54276610812855
"CKB" -0.203294072482925 0.278064743634779 -0.559914548736318 0.578262847039841 0.889960625566195 -6.54615157387375
"KRT86" 0.391067422336032 0.501964950096177 0.554170799579675 0.582154642830226 0.890525018193203 -6.54935067296838
"P11021" 0.300424220481219 0.437578763486024 0.553368528944566 0.582699242260473 0.890525018193203 -6.54979492416481
"MSN" 0.611692519076919 1.31140299204594 0.553126709423412 0.582863442969561 0.890525018193203 -6.54992870533123
"GGH" -0.320727598604752 0.577545365003286 -0.549914720210063 0.585046565631725 0.891701408003909 -6.55170019313387
"ARF1" 0.259085238466887 0.648213854274732 0.547559371911787 0.586649937918278 0.89199062849743 -6.55299275379481
"ARF3" 0.259085238466887 0.662656135431604 0.522626970765549 0.603749921371108 0.914856640348933 -6.5663391740952
"PRDX2" 0.282237937785757 0.559004630605749 0.521413150743273 0.604588302734556 0.914856640348933 -6.56697325732143
"B4GAT1" -0.221193431829033 0.601513335851212 -0.512433790196698 0.610807004019476 0.92205554912988 -6.5716186972019
"TUBB3" 0.549927071321795 1.54141251624483 0.48724468016179 0.628406175544621 0.941552958460395 -6.58422428363952
"HBG1" -0.111568106057251 0.477156268145192 -0.482692816991852 0.631610298512632 0.941552958460395 -6.58643515925376
"HBG2" -0.111568106057251 0.477156268145192 -0.482692816991852 0.631610298512632 0.941552958460395 -6.58643515925376
"B4GALT1" -0.314452896369493 0.604090201189785 -0.48127826328574 0.632607485214539 0.941552958460395 -6.58711803617664
"P07737" -0.111568106057251 0.41744026887899 -0.47957193390356 0.633811277178664 0.941552958460395 -6.58793912833166
"P27348" 0.175478307990931 0.290054174300835 0.477471693930461 0.635294342973396 0.941552958460395 -6.58894580836986
"H2B1" -0.283631356765545 0.855501407010386 -0.477393650688293 0.635349481700399 0.941552958460395 -6.5889831315124
"P16070" -0.111568106057251 0.292146950984891 -0.470858535008782 0.639974024642893 0.941552958460395 -6.59208703273301
"HSPA8" 0.442696596965052 2.18840594973386 0.467401003275 0.642426602399158 0.941552958460395 -6.59371207654097
"IQGAP1" 0.318331913653989 0.787962784654897 0.465567231998942 0.64372901478115 0.941552958460395 -6.59456913734074
"H2AC6" -0.111568106057251 0.321811550347599 -0.465470897976732 0.643797466084159 0.941552958460395 -6.5946140693026
"CSRP1" 0.229428431870465 0.533260908749307 0.464638290315027 0.644389215546033 0.941552958460395 -6.59500202907074
"UBB" 0.161668275293138 0.577739721944097 0.462791942757179 0.645702278749471 0.941552958460395 -6.59585989407902
"P0CG48" 0.161668275293138 0.577739721944097 0.462791942757179 0.645702278749471 0.941552958460395 -6.59585989407902
"GSTP1" -0.213258538827069 0.538057025454663 -0.462225590976714 0.646105278943504 0.941552958460395 -6.59612235894705
"CA2" 0.195879181019225 0.345645323777982 0.457714517368395 0.649319056712 0.944056047892332 -6.59820156135421
"RPL12" -0.111568106057251 0.361472331618091 -0.446738466941035 0.657166727922777 0.950928742578729 -6.60317614499103
"eNO1" -0.382543283647729 2.99192467694863 -0.445093308420323 0.658346386253264 0.950928742578729 -6.60391145394827
"CL43" -0.302155858400401 0.940884828078096 -0.437349997034779 0.663910480054404 0.950928742578729 -6.60733623189403
"SeRPINF1" -0.151327586214336 4.38231994384435 -0.435290693770139 0.665393473360231 0.950928742578729 -6.60823700611299
"P19827" 0.302890951533081 0.489176403833407 0.430576164989572 0.668793696909652 0.950928742578729 -6.61028334579241
"O00299" -0.111568106057251 0.309808546473659 -0.422857150136326 0.6743759758832 0.950928742578729 -6.61358605893869
"RPS4" 0.279370474546928 0.663552093265655 0.420502081004867 0.676082838674694 0.950928742578729 -6.6145819152721
"P35443" -0.111568106057251 0.314705057137273 -0.418284242126397 0.677691816320061 0.950928742578729 -6.61551469730652
"CNTN1" 0.276009094811052 0.660028748805807 0.418223713791767 0.677735749206473 0.950928742578729 -6.61554008579168
"RAP1A" 0.300424220481219 0.599993751912971 0.412741265626276 0.681719717389416 0.950928742578729 -6.61782456545553
"P11171" -0.111568106057251 0.343269224856955 -0.410341749634906 0.683466286735187 0.950928742578729 -6.61881500642459
"P62987" 0.161668275293138 0.600125432816278 0.406734487356972 0.686095248680223 0.950928742578729 -6.62029317912367
"Q14624" 0.302890951533081 0.627085872180991 0.406584459157305 0.686204674108077 0.950928742578729 -6.62035437657852
"BLMH" -0.111568106057251 0.34131178630279 -0.406053466164734 0.686592016780172 0.950928742578729 -6.62057079194796
"PPIA" 0.295310288424191 1.35382875730019 0.404549760837961 0.687689383577538 0.950928742578729 -6.62118212966826
"RPL30" -0.111568106057251 0.316838166991133 -0.399076998770053 0.6916889940884 0.950928742578729 -6.62338809143451
"P07195" -0.111568106057251 0.331726118496806 -0.398709487491412 0.6919578993213 0.950928742578729 -6.62353515897735
"P29279" -0.111568106057251 0.375357173522509 -0.396682410628323 0.693441816385514 0.950928742578729 -6.6243439195931
"OGN" -0.233971468485714 0.903564955960522 -0.395708399684447 0.694155271596215 0.950928742578729 -6.62473107319057
"SeRPINA3-1" 0.502453743001054 3.84999949266226 0.395298697313498 0.69445545901564 0.950928742578729 -6.62489364084435
"MFGe8" -0.111568106057251 0.28800563179801 -0.389905298849604 0.698411782050121 0.950928742578729 -6.62701811828491
"NeFH" 0.219149015259133 0.384919047854502 0.38504588303538 0.701983669422818 0.950928742578729 -6.62890743098358
"OMD" -0.207217404564288 0.579161880070687 -0.383193849379282 0.70334679395707 0.950928742578729 -6.62962129571863
"Q06830" -0.111568106057251 0.336582340418348 -0.378907475877823 0.706505402922556 0.950928742578729 -6.63126035809372
"ITIH3" 0.300953276316084 4.69375702630809 0.378373173805513 0.706899495277996 0.950928742578729 -6.63146338521555
"P05786" -0.465411736376606 1.54148494534518 -0.376234399496844 0.708477831509159 0.950928742578729 -6.6322732380898
"ITIH2" 0.132916717367561 0.271640739549629 0.376188965516971 0.708511374165127 0.950928742578729 -6.63229039230918
"F11" 0.244638691862695 0.767003666770929 0.365518125973089 0.716405407182497 0.950928742578729 -6.63626228045412
"F5" -0.326356266005456 4.62038982616386 -0.364064993411684 0.717482849207165 0.950928742578729 -6.63679437523693
"GSTA2" 0.300160752182819 1.47844549928175 0.362071271554665 0.71896206231905 0.950928742578729 -6.63752098913973
"KRT24" 0.195090141570971 0.307843755544185 0.359572773608481 0.72081732273237 0.950928742578729 -6.63842596837039
"FGA" -0.258080707124683 3.17249349353836 -0.357202411253101 0.72257900679915 0.950928742578729 -6.63927877598141
"P23526" -0.111568106057251 0.434848844648397 -0.356997443390944 0.72273141312687 0.950928742578729 -6.63935225574275
"MBL" 0.143414443762951 0.373473500404577 0.35662594762207 0.723007672249573 0.950928742578729 -6.63948532787899
"CORO1A" 0.173880343720681 0.546552496626269 0.355590234618895 0.723778066729353 0.950928742578729 -6.63985559935001
"HRG" 0.252848272102067 1.90016836831577 0.35286367786997 0.725807542390377 0.950928742578729 -6.64082523354329
"P62851" 0.127067471898557 0.538293948984258 0.352630165925592 0.725981446585675 0.950928742578729 -6.64090793138075
"Q32LP2" 0.266011174055562 0.846657908552228 0.348267364021487 0.729233246079185 0.950928742578729 -6.64244299822927
"PGM1" -0.147923032381859 0.393637497378766 -0.342255183588795 0.73372264976358 0.950928742578729 -6.64452725726481
"SeRPINC1" 0.216072317600152 4.95379030804966 0.337454606302412 0.73731410190205 0.950928742578729 -6.64616556074341
"P62937" -0.111568106057251 0.554483106393435 -0.322906233223182 0.748234104764805 0.950928742578729 -6.65098986622871
"GSN" 0.112682294061289 4.6420356331314 0.322095393242374 0.748844282689539 0.950928742578729 -6.65125251996921
"P02656" -0.111568106057251 0.312947293834637 -0.318076568003022 0.751870943363912 0.950928742578729 -6.65254462625257
"IGKC" 0.229428431870465 0.647521334386395 0.312595398688336 0.756005279919312 0.950928742578729 -6.65428085972527
"P00338" 0.132916717367561 0.339952528327364 0.30814535325647 0.759367182666685 0.950928742578729 -6.65566836903166
"HGFAC" 0.0939552782605004 0.363443167339019 0.306438608424801 0.76065783892396 0.950928742578729 -6.65619527036506
"ARF4" -0.111568106057251 0.30652531458429 -0.306241259569127 0.76080712043238 0.950928742578729 -6.65625600736149
"P61284" -0.111568106057251 0.272669072133968 -0.303015145975599 0.763248765100857 0.950928742578729 -6.65724336582608
"FMOD" 0.218403386359248 1.06522880756232 0.300562559729153 0.765106605693305 0.950928742578729 -6.65798701671051
"TRPC4" -0.111568106057251 0.269665615237759 -0.29915611282273 0.76617262395029 0.950928742578729 -6.65841075106724
"AHCY" 0.248257984471375 2.07720855762668 0.2925505845019 0.771185380861076 0.950928742578729 -6.66037438080557
"P37802" 0.0968227414993296 0.354293361291635 0.291706718101548 0.771826484910653 0.950928742578729 -6.6606220913608
"HABP2" 0.164453087511607 1.13805930585204 0.291618093559926 0.771893824291808 0.950928742578729 -6.66064806505557
"P46781" -0.111568106057251 0.294764093673969 -0.281143705920453 0.779864920953832 0.950928742578729 -6.6636624658375
"TPI1" 0.170434600500305 1.16634827998241 0.280294467935867 0.780512260080322 0.950928742578729 -6.6639020514427
"P16403" 0.127067471898557 0.413501804493008 0.280167398642772 0.780609133298245 0.950928742578729 -6.66393783789805
"H1-4" 0.127067471898557 0.413501804493008 0.280167398642772 0.780609133298245 0.950928742578729 -6.66393783789805
"ITIH4" 0.12029910335716 5.50207756163405 0.2791401332329 0.781392413840216 0.950928742578729 -6.66422655228868
"P05452" -0.111568106057251 0.63467875107243 -0.277755345646609 0.782448664305247 0.950928742578729 -6.664614076114
"RPL22" 0.0738470902291763 0.348742198865514 0.277392418028199 0.782725556955599 0.950928742578729 -6.66471532140531
"CATHL1" -0.15717069391886 0.572803420151975 -0.276052696221741 0.783747932696563 0.950928742578729 -6.66508791889857
"CATHL2" -0.111568106057251 0.348458948683919 -0.275850816723847 0.78390202555821 0.950928742578729 -6.66514390886543
"C4" -0.11972662275744 4.59241938916497 -0.275078615897572 0.784491520452276 0.950928742578729 -6.66535769702478
"THeMIS" -0.111568106057251 0.314023317558594 -0.274410323241513 0.785001795416787 0.950928742578729 -6.6655422354702
"P05543" -0.111568106057251 0.424580065328214 -0.269850065667893 0.788486318170532 0.950928742578729 -6.66678953564902
"HBe1" -0.111568106057251 0.355476418673161 -0.269826333178474 0.788504463830175 0.950928742578729 -6.66679597235357
"P09210" 0.127067471898557 0.330527392169844 0.267184975357444 0.790524762158884 0.950928742578729 -6.66750883258862
"Q86UX7" -0.111568106057251 0.290262389270065 -0.266216070565448 0.791266214948249 0.950928742578729 -6.66776857207156
"YWHAQ" 0.175478307990931 0.514867348909609 0.263519645693477 0.793330674785845 0.950928742578729 -6.66848646540067
"RAP1B" 0.196746945617166 1.39753022001263 0.262749969315528 0.793920236282644 0.950928742578729 -6.66869004656274
"P08697" -0.111568106057251 0.422768746850354 -0.261752924437887 0.794684139742282 0.950928742578729 -6.66895288458043
"TIMP3" -0.111568106057251 0.303581002833819 -0.25826077299702 0.797361312304789 0.950928742578729 -6.66986561949358
"HPD" -0.121076718050628 0.415668077339158 -0.255279423593511 0.799648842461778 0.950928742578729 -6.67063517542661
"S100A12" -0.111568106057251 0.286516449992109 -0.253415963168441 0.801079542365955 0.950928742578729 -6.67111165330201
"P51884" -0.111568106057251 0.355631198281322 -0.247803008494807 0.80539312059068 0.950928742578729 -6.67252582405816
"P02649" -0.111568106057251 0.591694934187602 -0.246544071334571 0.806361464661439 0.950928742578729 -6.67283867346013
"RDX" -0.111568106057251 0.501332519865363 -0.245456583061984 0.807198181376258 0.950928742578729 -6.67310763805797
"RPS25" 0.127067471898557 0.528543909319453 0.241575402584706 0.810186225078044 0.950928742578729 -6.67405788792918
"IGFBP4" -0.111568106057251 0.316080397760248 -0.23614678548547 0.814370398286658 0.950928742578729 -6.67536166289695
"P35580" -0.111568106057251 0.441271939685429 -0.234453444319073 0.815676688151621 0.950928742578729 -6.67576229974291
"Q00610" 0.132916717367561 0.270744400877645 0.23383047278217 0.816157398895213 0.950928742578729 -6.67590896827947
"ANXA5" -0.111568106057251 0.794981727204845 -0.233504810484014 0.816408721925217 0.950928742578729 -6.67598548523759
"ReG1" -0.111568106057251 0.282004772270175 -0.231729157305437 0.817779387378063 0.950928742578729 -6.67640081771919
"GAPDHS" -0.111568106057251 0.322370115713481 -0.230574728048014 0.818670825617051 0.950928742578729 -6.67666914679368
"SeRPINA3-6" 0.284889474437207 3.76802438787071 0.229887975371761 0.819201243850338 0.950928742578729 -6.67682813750905
"DCD" 0.0738470902291763 0.409362076418307 0.227451187118606 0.821084002370898 0.950928742578729 -6.67738846250349
"P06733" -0.111568106057251 1.00307738353785 -0.22662552074448 0.82172218690007 0.950928742578729 -6.67757696833196
"IGLC3" -0.111568106057251 0.303549571080174 -0.226605851830282 0.821737391134903 0.950928742578729 -6.67758145055178
"CD44" -0.111568106057251 0.274022207389356 -0.223756615273716 0.82394060262138 0.950928742578729 -6.67822664363321
"SeRPINA7" 0.132629248672164 3.61633860496395 0.222539234588154 0.824882397332731 0.950928742578729 -6.67849982874497
"P01009" 0.175478307990931 0.384859138319171 0.218911065183227 0.827690775253383 0.950928742578729 -6.67930518389621
"Q08380" -0.111568106057251 0.393787616540834 -0.218169342603424 0.828265185855279 0.950928742578729 -6.6794681998662
"P02753" -0.111568106057251 0.304305999228133 -0.215649959093564 0.830216973241589 0.950928742578729 -6.68001778790097
"LPA" 0.0968227414993296 0.288490087895019 0.215567070590708 0.83028120611818 0.950928742578729 -6.68003576128
"PRDX6" -0.1485543819999 0.846047017692961 -0.215028202259205 0.830698820480405 0.950928742578729 -6.68015244029083
"FKBP4" -0.111568106057251 0.307773610383954 -0.214955127910642 0.830755455741219 0.950928742578729 -6.68016824034789
"KRT18" -0.111568106057251 0.340387878901831 -0.214927708090199 0.830776707327249 0.950928742578729 -6.68017416764918
"HP252" 0.0968227414993295 0.395237456647379 0.213715844390658 0.831716083307447 0.950928742578729 -6.6804353807256
"CDH5" -0.163684124533298 0.991980297507352 -0.210266306151648 0.834391347647244 0.950928742578729 -6.68117084722202
"GC" 0.0654436693011657 4.99867536177431 0.207820558861149 0.836289331554341 0.950928742578729 -6.68168506180796
"TCN2" -0.111568106057251 0.440545433393437 -0.203696662296807 0.839491842014322 0.950928742578729 -6.68253850598821
"P01042" -0.111568106057251 0.328975594078848 -0.200806460702999 0.841737937879584 0.950928742578729 -6.68312645967602
"FAM124B" -0.111568106057251 0.542232326333978 -0.198034315670226 0.843893538081531 0.950928742578729 -6.68368251694937
"FLG2" 0.0738470902291763 0.546101704521524 0.198011589483227 0.843911214818819 0.950928742578729 -6.68368704364694
"PSMe4" -0.111568106057251 0.337757591140528 -0.197279585628053 0.844480620756799 0.950928742578729 -6.6838325698828
"P13929" -0.111568106057251 0.395447519903641 -0.197145477651435 0.844584948821556 0.950928742578729 -6.6838591729411
"IGF2" -0.111568106057252 0.705943254415119 -0.194929998682131 0.846308866436608 0.950928742578729 -6.68429604491755
"CLTC" 0.132916717367561 0.392360977696785 0.194733168836475 0.846462061380887 0.950928742578729 -6.68433461954357
"CSN2" 0.127067471898557 0.719409121077165 0.19367646751611 0.847284606576643 0.950928742578729 -6.68454104630581
"CFL2" -0.111568106057251 0.374442757648552 -0.192620494627036 0.848106756466918 0.950928742578729 -6.68474621058325
"B2M" -0.0877300387912311 0.513877245340613 -0.192434368829331 0.848251686345784 0.950928742578729 -6.68478225675701
"O75083" 0.0738470902291763 0.280586141774954 0.192009538734635 0.848582507053393 0.950928742578729 -6.68486440142376
"CDH1" -0.111568106057251 0.600999147693407 -0.191458590368811 0.84901157872321 0.950928742578729 -6.68497066222525
"P68871" -0.111568106057251 0.444238308283867 -0.190915014648696 0.849434953958874 0.950928742578729 -6.68507520231808
"SPON1" -0.111568106057251 0.468705315670895 -0.189290333318596 0.850700637684823 0.950928742578729 -6.68538589090591
"DYNC1H1" -0.111568106057251 0.327439591398445 -0.189042562497218 0.850893694855548 0.950928742578729 -6.68543303926377
"P02749" -0.111568106057251 0.451919943200276 -0.187771763515654 0.85188401626596 0.950928742578729 -6.68567389074373
"eDIL3" 0.0968227414993295 0.874239341804051 0.187698986672679 0.851940737879296 0.950928742578729 -6.68568763485962
"O43707" -0.111568106057251 0.363742985490342 -0.187303361021916 0.852249098766243 0.950928742578729 -6.68576225683782
"ACTN4" -0.111568106057251 0.364055589207912 -0.18694070156966 0.85253178544103 0.950928742578729 -6.68583052270538
"ATIC" 0.101220836120976 0.543629985578278 0.184346062579035 0.854554829613042 0.950928742578729 -6.68631507580793
"ARFIP2" -0.111568106057251 0.436516442761799 -0.18425172962701 0.854628399865875 0.950928742578729 -6.68633256524853
"P00751" -0.111568106057251 0.338174304148422 -0.184223015740183 0.854650794080433 0.950928742578729 -6.68633788706255
"H2AC4" 0.044013235584037 0.328575956505916 0.181616187814166 0.856684383944774 0.950928742578729 -6.6868175843023
"H2AC25" 0.044013235584037 0.328575956505916 0.181616187814166 0.856684383944774 0.950928742578729 -6.6868175843023
"PKP1" -0.111568106057251 0.315565674847234 -0.176809446247139 0.860436697449568 0.950928742578729 -6.68768420149277
"GAL3ST4" -0.111568106057251 0.370598323564226 -0.176663231819333 0.860550889123411 0.950928742578729 -6.68771019902139
"MAML2" -0.111568106057251 0.395914935966484 -0.176610651522847 0.860591954426173 0.950928742578729 -6.68771954276442
"Q06033" -0.111568106057251 0.590504811827602 -0.173379089806428 0.863116552788015 0.950928742578729 -6.68828847378344
"TUBA1C" -0.111568106057251 0.335330475246119 -0.169512227600277 0.866139364551088 0.950928742578729 -6.68895546302193
"KRT40" -0.111568106057251 0.28844792166748 -0.1648136425251 0.869815072011097 0.950928742578729 -6.68974569505785
"P78385" -0.111568106057251 0.434649580733642 -0.163790102917127 0.870616176508239 0.950928742578729 -6.68991489642788
"CFL1" -0.0949972697154493 0.963123840118628 -0.163003631361105 0.871231825694192 0.950928742578729 -6.69004419278939
"IGHG4" -0.111568106057251 0.354738482674643 -0.160181184191155 0.873441895659808 0.950928742578729 -6.69050308633238
"MYLK" -0.111568106057251 0.407756496006438 -0.158953920727425 0.874403203162965 0.950928742578729 -6.69070012607149
"KPRP" -0.111568106057251 0.531270244173194 -0.158462656856941 0.874788060723529 0.950928742578729 -6.69077857526794
"P02647" -0.111568106057251 0.803771327597334 -0.156471886822467 0.876347948087283 0.950928742578729 -6.69109399526492
"RAC1" 0.0798291667850431 0.591880443610741 0.153783593301497 0.878455173298664 0.950928742578729 -6.69151361025365
"P02790" -0.111568106057251 0.311598705911339 -0.153237551610363 0.878883298590303 0.950928742578729 -6.69159795416696
"P00738" -0.111568106057251 0.333793307575117 -0.153184248840482 0.878925092716411 0.950928742578729 -6.69160617148278
"F10" -0.104671059492969 1.80481524069034 -0.152044781555341 0.87981861987434 0.950928742578729 -6.69178115211755
"P02763" 0.0738470902291763 0.32012740065791 0.14976947473792 0.881603301377899 0.950928742578729 -6.69212665126219
"CD14" 0.117914810522969 0.896772712450706 0.14848213430496 0.882613327849247 0.950928742578729 -6.69231982523254
"KRT84" -0.111568106057251 0.579494009436698 -0.147389711763603 0.883470579634806 0.950928742578729 -6.69248244378535
"ACTN1" -0.116529586220849 0.758090282966487 -0.147216223423235 0.883606733352134 0.950928742578729 -6.69250815895417
"H2AC7" 0.044013235584037 0.298618059715194 0.147010973782277 0.883767817936698 0.950928742578729 -6.69253854284253
"SeRPINF2" -0.0640929384582956 4.3277909011828 -0.145752039223357 0.884755966754695 0.950928742578729 -6.69272398119273
"P08603" -0.111568106057251 0.361869046592644 -0.144797193547534 0.885505557119087 0.950928742578729 -6.69286356537692
"P02774" -0.111568106057251 0.817341281900046 -0.143439109400748 0.886571887287966 0.950928742578729 -6.69306051804344
"GDI2" 0.0747881556703269 0.851446839452645 0.142773816315209 0.88709433459887 0.950928742578729 -6.6931563237889
"IGHG3" -0.111568106057251 0.378716402118438 -0.14047251299933 0.888901912121047 0.950928742578729 -6.69348429181097
"IGHG2" -0.111568106057251 0.404079427542237 -0.137810703889994 0.890993395752911 0.950928742578729 -6.69385699572876
"P63267" -0.111568106057251 0.706404285464378 -0.137742850719371 0.891046720850898 0.950928742578729 -6.6938664033505
"P00734" -0.111568106057252 0.971546688862607 -0.137283548368991 0.891407695143035 0.950928742578729 -6.69392996240541
"RAB1B" 0.0738470902291763 0.359511205731281 0.136210483396482 0.892251127412812 0.950928742578729 -6.69407762832317
"COL2A1" 0.0738470902291763 0.598477585239702 0.135744050862641 0.892617784097454 0.950928742578729 -6.69414145372458
"IGHG1" -0.111568106057251 0.493334150531808 -0.132034421968231 0.895534713856217 0.950928742578729 -6.69464128096646
"FeTUB" 0.0519606490546476 4.53036562922424 0.131740030455151 0.895766260800868 0.950928742578729 -6.69468035398442
"FGB" -0.117665446115736 2.91781616788423 -0.131192703196884 0.896196772963835 0.950928742578729 -6.694752766184
"UTP15" -0.111568106057252 0.509960648013274 -0.128861268325377 0.898030965939419 0.950928742578729 -6.69505784383073
"HP" -0.111568106057251 0.619022881242853 -0.127876609025979 0.898805789526569 0.950928742578729 -6.69518504868036
"TUBA8" -0.111568106057251 0.601496485451664 -0.127803277616618 0.89886349765069 0.950928742578729 -6.69519448310972
"TTR" 0.0529247676540558 3.61322770476154 0.126752954033972 0.899690109856579 0.950928742578729 -6.69532901872354
"P62736" -0.111568106057251 0.638998481544567 -0.120237452762486 0.904820332305958 0.952010579963671 -6.69613879928733
"TUBB2B" -0.12358323008476 0.765486657853197 -0.119878008507302 0.905103475665655 0.952010579963671 -6.69618223022912
"Q08188" 0.0738470902291762 0.494699043019943 0.119704884655878 0.905239854165139 0.952010579963671 -6.6962031020769
"P02751" -0.111568106057251 0.622009498720353 -0.116649715291095 0.907647038376829 0.952554243275803 -6.69656647386504
"CRYZL1" -0.111568106057251 0.725116975696209 -0.115217238658165 0.908775997546804 0.952554243275803 -6.69673361499119
"C4B" -0.111568106057251 0.648270272682259 -0.113020963556833 0.910507288119707 0.952746458604622 -6.69698586779408
"TUBB4A" -0.111568106057251 0.741573985655821 -0.111154197126135 0.911979177491587 0.952746458604622 -6.69719646025295
"eIF4A1" -0.0398249973843615 0.281091213558205 -0.108279210989885 0.914246626371682 0.952889166620379 -6.69751393478185
"SeRPINA3-3" -0.111568106057251 0.50964773980268 -0.104699921788629 0.917070551845402 0.952889166620379 -6.69789756333311
"C4BPA" -0.0819172660618279 1.09352212121896 -0.104327387884441 0.917364529934039 0.952889166620379 -6.69793675104878
"C1S" 0.0616051159500308 0.664569223577313 0.103324141234967 0.918156280990793 0.952889166620379 -6.69804159064511
"ACTG2" -0.111568106057252 1.10752783647369 -0.097185065949309 0.923002967104646 0.954778479086937 -6.69866106977866
"ACTA2" -0.111568106057252 1.10752783647369 -0.097185065949309 0.923002967104646 0.954778479086937 -6.69866106977866
"APOH" 0.0434919343712004 3.60746490795528 0.0925993207356369 0.926625266165398 0.956956698773103 -6.69909906553257
"COMP" 0.0756235393767763 2.11674356416753 0.0880246864405106 0.930240354769416 0.959120365783499 -6.69951491821164
"COL10A1" 0.044013235584037 0.836743477537966 0.0845940946196108 0.932952348072705 0.960347359924758 -6.69981295615491
"CLU" -0.0567805190464297 3.10692691815279 -0.0798538231326156 0.936701001869376 0.962635720162177 -6.70020528717648
"H2BC12" -0.0449957788097373 0.94148834362549 -0.075242969626976 0.940348702539699 0.964813059028537 -6.70056521247825
"eZR" 0.0601954197058419 1.29807461408825 0.0709299258298357 0.943761974554808 0.966743191467669 -6.7008825236912
"F12" -0.041669921397794 1.40352742793015 -0.0641116784150053 0.949159974738012 0.969368648543653 -6.70134595193604
"BLVRB" -0.0478651514830751 1.35086998416588 -0.0638117264883618 0.949397503644973 0.969368648543653 -6.70136526487772
"SeRPINA3-8" -0.0511858424118641 2.76356503180944 -0.0603919086904167 0.952105945944613 0.969977368929363 -6.70157905432437
"SeRPINA3-5" 0.0516688188154175 4.1074092998534 0.0591772242953007 0.953068096253891 0.969977368929363 -6.70165215716602
"C3" 0.0216676103591205 6.60985039740058 0.0554222420762005 0.956042854468236 0.971438069516034 -6.70186875044325
"THBS1" 0.0277541500001188 3.82406536567389 0.0498817694654837 0.960433250266538 0.974330194402227 -6.70216241470128
"LUM" -0.0128960210958113 3.19119097981736 -0.0229721560220735 0.98177215831571 0.993943140312199 -6.703149221206
"P50395" 0.0060869336518497 0.305060164883725 0.0211922112924319 0.983184275648209 0.993943140312199 -6.70318879064705
"CSTA" 0.00608693365184968 0.381212035195322 0.0195438917044354 0.984492016949484 0.993943140312199 -6.70322258957967
"CTSD" 0.00608693365184973 0.404874234398911 0.0158140599515298 0.987451338495622 0.994896009823865 -6.70328897296277
"P05089" 0.00608693365184973 0.390389495787338 0.0128980736282673 0.989765065503559 0.994896009823865 -6.70333111689226
"CASP14" 0.00608693365184969 0.43547856288609 0.0123928921652846 0.990165917859567 0.994896009823865 -6.70333754817143
"IGHA1" 0.00608693365184973 0.533600844183805 0.00829561719666015 0.993417117046494 0.996575836019615 -6.70338021686258
"AHSG" 0 6.27250171719331 0 1 1 -6.70341485728306
"ALB" 0 7.83356785233269 0 1 1 -6.70341485728306
