"logFC" "AveExpr" "t" "P.Value" "adj.P.Val" "B"
"P13645" 6.43768230809781 2.97643993189695 19.9678140327343 2.96571242997497e-24 1.87136454331421e-21 43.6885713504778
"KRT1" 7.17668392521288 3.24960602826261 18.6543906456667 4.80420815600945e-23 1.51572767322098e-20 41.1914179498157
"P63261" 4.65721842769948 2.45979019689723 17.4675046735285 6.80110050016083e-22 1.07287360390037e-19 38.7837010489793
"P60709" 4.65721842769948 2.45979019689723 17.4675046735285 6.80110050016083e-22 1.07287360390037e-19 38.7837010489793
"KRT9" 5.94521160372345 2.75795260815414 16.2465412254731 1.19942214674137e-20 1.5136707491876e-18 36.1451772726246
"P02768" 6.13683300791614 3.23301415862248 15.8913870696313 2.84532138841761e-20 2.99232966015252e-18 35.3451555040818
"TLN1" 5.20336827479619 2.71389669310979 12.139399669611 6.35069596646971e-16 5.72469879263198e-14 25.9086956566645
"eeF1A1P5" 4.21265441361442 1.86671378928113 11.8627893754063 1.42322339269243e-15 1.12256745098615e-13 25.1373509798713
"KRT14" 5.39794307329314 2.44276934440136 9.63126210156458 1.3698312839964e-12 9.60403933557473e-11 18.5240366356193
"KRT2" 6.31727635674127 2.86031237617989 9.34848532230992 3.41955770045568e-12 2.15774090898753e-10 17.6382238220853
"P68104" 4.21265441361442 1.79940580014137 9.20164243478609 5.51923259686485e-12 3.16603251692884e-10 17.17431190499
"KRT16" 5.28229381912175 2.30697925096178 8.76991448224535 2.28659976377168e-11 1.20237037578328e-09 15.7955739605892
"P13647" 5.61793254387642 2.44539382196407 8.44649618082277 6.71757806610616e-11 3.26060904593307e-09 14.7491345283632
"PKM" 3.18750783636445 1.39826985526521 8.42401502463207 7.24290079920009e-11 3.2644788602109e-09 14.6759905893376
"P19823" 3.29699309500712 1.72378064659439 8.21968544332887 1.43900615691431e-10 6.05341923341954e-09 14.0089142649943
"Q04695" 4.58556872414338 2.00730714342483 7.57348827796657 1.2912301429144e-09 5.09228887611868e-08 11.8753065927862
"KRT13" 3.60931142894812 1.5651524960697 7.376521216138 2.53520782893589e-09 9.41009494152087e-08 11.2189924085548
"VTN" 2.41647198659649 1.30500717022259 7.27340022530503 3.61240159613185e-09 1.26634744842178e-07 10.8745179860333
"GPX3" -2.96223435170181 0.481329126730382 -7.13767813839585 5.76156042589999e-09 1.91344454144363e-07 10.4203702492312
"KRT3" 3.83944679341317 1.58048859238809 7.01453379513658 8.80618721648682e-09 2.77835206680159e-07 10.0076716092808
"KRT6A" 5.2854750580305 2.4219735959836 6.6037980280846 3.63663591027896e-08 1.09272250446954e-06 8.6284242206632
"P02788" 2.70885972822573 1.24423163318215 6.48451686073304 5.49242432104772e-08 1.57532715753687e-06 8.22760104817412
"eHD3" 2.07136230985543 0.929085257842862 6.35708343120514 8.53212869778663e-08 2.3407709601319e-06 7.79952335959353
"HBA1" 3.4912073333062 1.70191375070829 6.09000078915369 2.1460504731185e-07 5.64232436890739e-06 6.9036037501636
"H2BC18" 2.12974343960652 0.730843712997558 6.0139889504023 2.78924356369715e-07 7.0400507547716e-06 6.64913276978459
"P07996" 3.69515130391278 1.8511055360765 5.8382987589063 5.10747250903578e-07 1.23954428969292e-05 6.06220816652787
"P62826" 1.6655111407949 0.748294253470853 5.81787222147049 5.47905282756977e-07 1.2804749385913e-05 5.99410201468875
"KRT6C" 5.26489502850228 2.16427141361773 5.59206488543181 1.18867803349342e-06 2.56343651783658e-05 5.24348889815651
"H2BC12L" 2.12974343960652 0.477914723900764 5.58476218913518 1.21874953304433e-06 2.56343651783658e-05 5.21929175020876
"H2BC13" 2.12974343960652 0.477914723900764 5.58476218913518 1.21874953304433e-06 2.56343651783658e-05 5.21929175020876
"O60814" 2.12974343960652 0.497880389597874 5.45550649133701 1.89506082874937e-06 3.32162050816904e-05 4.79194570421367
"H2BC14" 2.12974343960652 0.497880389597874 5.45550649133701 1.89506082874937e-06 3.32162050816904e-05 4.79194570421367
"H2BC9" 2.12974343960652 0.497880389597874 5.45550649133701 1.89506082874937e-06 3.32162050816904e-05 4.79194570421367
"H2BC5" 2.12974343960652 0.497880389597874 5.45550649133701 1.89506082874937e-06 3.32162050816904e-05 4.79194570421367
"H2BC15" 2.12974343960652 0.497880389597874 5.45550649133701 1.89506082874937e-06 3.32162050816904e-05 4.79194570421367
"H2BC4" 2.12974343960652 0.497880389597874 5.45550649133701 1.89506082874937e-06 3.32162050816904e-05 4.79194570421367
"KRT6B" 5.28072458800877 2.22641661277503 5.43733870227351 2.01611195869943e-06 3.43828823226848e-05 4.73202998594536
"P62979" 1.84264346329552 0.649622135978336 5.29175734084015 3.30718005287141e-06 5.40975243491491e-05 4.25340650279522
"P35900" 1.78467221717981 0.909107359925009 5.2869494017381 3.36154572388998e-06 5.40975243491491e-05 4.23764746407361
"SYNCRIP" 2.58232065850592 0.978798074633221 5.28106228509951 3.42932008552451e-06 5.40975243491491e-05 4.2183555800877
"KRT79" -4.40294252917932 2.41563447401021 -5.233890399249 4.02351162620444e-06 6.19228252715854e-05 4.06395258050716
"LIMS1" 1.52541434153748 0.626390033840329 5.18077074382288 4.81514077898566e-06 7.14306621267995e-05 3.8904724576858
"QSOX1" 1.30275587574158 0.805070645396471 5.17615416564995 4.89080992711119e-06 7.14306621267995e-05 3.87541567879311
"C4A" 2.93176769189928 1.69571761681544 5.16862648864796 5.01672278953864e-06 7.14306621267995e-05 3.85087154211774
"P09429" 2.98951406231604 1.13960692870907 5.16409235727676 5.09410427211724e-06 7.14306621267995e-05 3.83609217024643
"KRT8" 3.75777323341701 1.37402142304736 5.11090918187294 6.0947064907055e-06 8.36034738181559e-05 3.6629805809778
"P08727" 3.92534837509745 1.29650660735389 5.09618431804949 6.4045260163265e-06 8.59841684319579e-05 3.61513202691736
"KRT71" -3.61823519270724 2.06923573706999 -5.07021167281901 6.98936774603929e-06 9.18810634948081e-05 3.53082168766658
"LYSM" -2.32859816400255 1.03729602438514 -5.04645945191944 7.5701996594835e-06 9.74856323496752e-05 3.45381923275052
"Q5XKe5" 3.16534781632331 1.3958302434628 4.98790820176298 9.21328762460557e-06 0.000116271689822522 3.26442279542405
"APOA4" -3.7646857039645 2.28641850567132 -4.97690983902887 9.55902246522397e-06 0.000118269474030516 3.2289148646578
"P61224" 1.65423300674828 0.922756113454085 4.94618715637763 1.05940170656653e-05 0.0001285543224699 3.12984562099746
"FKBP4" -2.50032255146471 0.307773610383954 -4.81730104472834 1.62789045681258e-05 0.000193811109103536 2.71622038066809
"Q14CN4" 2.83445369868994 1.04825329384874 4.71086399742111 2.31596142437941e-05 0.000270624381256186 2.37722734251914
"UBB" 1.64064318627977 0.577739721944097 4.69650861415463 2.4283430160878e-05 0.000273622221991322 2.3316972033878
"P0CG48" 1.64064318627977 0.577739721944097 4.69650861415463 2.4283430160878e-05 0.000273622221991322 2.3316972033878
"H4C1" 1.92774316259078 0.852768548672937 4.65889871956781 2.74878827784983e-05 0.000304295684793552 2.21263515113033
"Q7RTS7" 3.08555048115676 1.14685695489893 4.56215008025754 3.776107856853e-05 0.000410814492702455 1.90789346885081
"O95678" 4.09015657082632 1.40815289159792 4.5383327429824 4.08189175179919e-05 0.000436554863624625 1.8332249197231
"P68366" 1.97731893637149 1.76508982753113 4.53136566519926 4.17583745566417e-05 0.000439158905754016 1.81140983640127
"TUBB1" 1.7507824849706 1.29215683445709 4.52481885852043 4.26604435045152e-05 0.00044129081723523 1.79092194582236
"P26583" 2.63553767608486 1.11725100709765 4.47517532537623 5.01502640268836e-05 0.000510400267757476 1.63592491960281
"P62851" 1.5826715797635 0.538293948984258 4.39213697604117 6.56489633458485e-05 0.000657531680495721 1.37812778715659
"P04406" 2.29803607672808 1.46040235764334 4.34661400461668 7.60398947313718e-05 0.000749705837117119 1.23760775817929
"DSP" 3.40791082963122 1.36211428931009 4.24237333323802 0.00010624697097639 0.00103141290286311 0.918102400545146
"HP" -3.6971039320883 0.619022881242853 -4.23752926135951 0.000107904077004251 0.00103162837257095 0.903334045454439
"KRT18" 2.17600490820306 0.340387878901831 4.19191258362953 0.000124795564833458 0.00117531345387928 0.764615579948146
"P62987" 1.64064318627977 0.600125432816278 4.12762593092089 0.000153035695167667 0.00142008123015879 0.570237922996577
"PSMe4" -2.32652798550681 0.337757591140528 -4.11386813985466 0.000159840658566707 0.00146173123993611 0.528813373910657
"KRT222" -2.44252055627033 0.871570823600914 -4.05628096260388 0.000191654898569313 0.00172763201424624 0.35610082646159
"FN1" -3.72134205183669 3.63302739964173 -4.04371746023158 0.000199371329517092 0.00177187759049697 0.318569585069784
"FHL1" 1.43395311760693 0.658231571395055 3.9737736350288 0.000248156558078487 0.00217481650204896 0.110623329687837
"F10" -2.71777715904615 1.80481524069034 -3.94783272917025 0.000269040840928619 0.00230813453182382 0.0339388392165132
"Q02413" 2.54467825951996 0.973412188118829 3.94587458310558 0.000270684556822445 0.00230813453182382 0.0281601348160203
"RPL12" 0.982029908991253 0.361472331618091 3.9322217749925 0.000282418171727429 0.00237607821813343 -0.012092225224424
"Q86Y46" 3.08555048115676 1.05126095261204 3.89577560231134 0.000316201642881951 0.00262530574550673 -0.11921231286068
"LUM" -2.16923671246053 3.19119097981736 -3.86414102747075 0.000348664275397686 0.00285723581527195 -0.21179125671691
"ANXA2" 1.88510103266671 1.02910085649948 3.83601608076572 0.000380209648954407 0.00307579857038757 -0.293782374136634
"Q8N1N4" 2.56475216074278 0.896992418578169 3.8041264695692 0.000419311093190213 0.00334918101016486 -0.386381814111077
"C9" -2.78631532286267 2.59736352446115 -3.78485041661539 0.00044479729525702 0.00350833866633975 -0.442163125285447
"KPRP" 2.64588687782009 0.531270244173194 3.75801184782267 0.000482781112774183 0.0037609244711174 -0.51958540180853
"KRT77" 3.08852865072728 1.11212838504281 3.72532788786082 0.00053326606993608 0.00410354744060569 -0.613482144414444
"APOC3" -2.44472494570715 1.19778688740857 -3.64491702283345 0.000680010155383018 0.0051697157595986 -0.842635555482839
"KRT76" 3.11785517698657 1.50032032286503 3.62476794378093 0.00072245476689075 0.00542701140366742 -0.899633233065726
"APOH" -1.6981569556341 3.60746490795528 -3.61557109077084 0.000742662333560513 0.00546748774453281 -0.925591945253277
"P01024" 2.45886637538782 2.16965196404416 3.61444539630132 0.000745172656148687 0.00546748774453281 -0.928766810262493
"P11171" 0.981577749863161 0.343269224856955 3.61019242430139 0.000754730515787966 0.00547396500531272 -0.940756833091705
"IQGAP1" 2.38824339473202 0.787962784654897 3.49285704302243 0.00106987053402486 0.00767145803374644 -1.26843707306452
"H2A1" -2.41547881866047 1.08487554912278 -3.3904141686038 0.00144454902998959 0.0100165982189388 -1.54943933788436
"H2AJ" -2.41547881866047 1.08487554912278 -3.3904141686038 0.00144454902998959 0.0100165982189388 -1.54943933788436
"H2AC20" -2.41547881866047 1.08487554912278 -3.3904141686038 0.00144454902998959 0.0100165982189388 -1.54943933788436
"MDH1B" -3.2820123956846 1.30473120409333 -3.34200193416198 0.00166231768846358 0.0114013311023969 -1.68051566170147
"SeRPINB3" 2.18483921262472 0.783301319974117 3.31362631165875 0.00180409791031797 0.0121634122989997 -1.75681605619525
"SeRPINF1" -1.15144615506165 4.38231994384435 -3.31211121656193 0.00181198218083356 0.0121634122989997 -1.76087898484913
"P68032" 2.42285676961071 1.87318986533482 3.30611634803909 0.00184350014925395 0.0122447220439921 -1.77694395443197
"LYZ" 1.31761815569818 0.618327282928133 3.29237732437415 0.00191770615626953 0.0126049227563133 -1.81369476048927
"P01023" 2.98345589895886 2.29391897658004 3.2549750081452 0.00213433406376798 0.01388417313647 -1.91326748326224
"P14923" 2.4513735163031 0.931804160540682 3.24840693213723 0.00217469122357237 0.0140023485925935 -1.93068067065428
"SeRPINA1" -1.04234324367211 6.29018619540095 -3.24188482712124 0.00221547994568179 0.0141208873305577 -1.94795042495871
"KRT73" -2.25977416112311 2.38515311888049 -3.22806478690174 0.00230431401663596 0.0145402214449729 -1.98447298849865
"SeRPINA3-2" -1.86553999975623 4.68780865363659 -3.1892534160037 0.00257214851369702 0.0160695615063646 -2.0865187074585
"AGT" -1.28669769771089 5.10974841269168 -3.15994495414207 0.00279360727117086 0.0172820214520472 -2.16306253922624
"GSN" -1.09848926131003 4.6420356331314 -3.13996385627125 0.00295476707174048 0.0180443252528154 -2.21498869700206
"P05089" 1.4792634180916 0.390389495787338 3.13452545623688 0.00300012488192196 0.0180443252528154 -2.22908536349373
"COLeC11" -1.40345735340597 0.487477162491397 -3.13422836866263 0.0030026214763005 0.0180443252528154 -2.22985498182593
"GARIN1B" -1.73740418774971 0.931787480834391 -3.13083202324487 0.0030313023057549 0.0180448278767108 -2.23865003942598
"RPS4X" 1.43395311760693 0.513292028294379 3.12650375497431 0.00306822689803621 0.018093936193092 -2.24984950405848
"P0DMV8" 1.95830075283137 0.839672292936283 3.06996057009471 0.00359117316298661 0.0206513586293871 -2.3952349971246
"P0DMV9" 1.95830075283137 0.839672292936283 3.06996057009471 0.00359117316298661 0.0206513586293871 -2.3952349971246
"SeRPINA7" -1.82910659478648 3.61633860496395 -3.06906648163315 0.00360007836645417 0.0206513586293871 -2.39752004797292
"P46781" 1.21433624869724 0.294764093673969 3.06004112875315 0.00369114052457879 0.0209829700090921 -2.42056206382505
"RBP4" -2.76054512026533 1.85734450256641 -3.02124532261627 0.00410775638045066 0.023142806036289 -2.51910067539813
"RPL30" 0.837242846657389 0.316838166991133 2.99480177887281 0.00441655724250309 0.0245759109167319 -2.58578806441771
"TPI1" -1.81982741119124 1.16634827998241 -2.99286385779419 0.0044400219405823 0.0245759109167319 -2.59065991146128
"SeRPINB12" 1.21235617848502 0.57571456833276 2.98126020171224 0.00458297936412678 0.0251466085109913 -2.61978689266163
"DCD" 0.966141024691478 0.409362076418307 2.97574247418677 0.0046524579532327 0.0253077669697399 -2.63361067199802
"Q06830" 0.837242846657388 0.336582340418348 2.84344321092019 0.00664387925949862 0.0358315197670395 -2.95983666426833
"CSTA" 0.878169588191262 0.381212035195322 2.81962188375806 0.00707750223339172 0.0378466432988998 -3.017487278649
"P16402" 1.06954918636338 0.535435086540311 2.7804808012423 0.00784735875773259 0.0412648175063983 -3.11147473829657
"CKM" -1.76355376189404 1.31106230670835 -2.78047352200866 0.0078475088760187 0.0412648175063983 -3.11149213144585
"P05109" 1.31576434015692 0.687321161041491 2.74963501579478 0.00850787338359913 0.0443675050004219 -3.18488844936227
"KRT84" 2.0431053107531 0.579494009436698 2.69909307862642 0.00970201420543783 0.0498954125872385 -3.30391385511921
"APCS" -2.13201833440407 0.693876707081285 -2.69813602344679 0.00972604714458056 0.0498954125872385 -3.30615239076921
"SeRPINA5" -1.04386734165134 4.39741935957571 -2.67928872152516 0.0102106328927045 0.051958946413682 -3.35011897825964
"TUBA1B" 1.50519571518207 1.66164867095912 2.6518128816921 0.0109569174081425 0.0553105190763035 -3.41381312410166
"APOA1" -1.11418097840604 5.65700133956763 -2.62458654661409 0.0117455002556749 0.0586580157391247 -3.47645573648539
"RAC1" -1.36137709453334 0.591880443610741 -2.62256854063663 0.0118059714720584 0.0586580157391247 -3.48107991368439
"APOA2" -1.32247138294384 2.08661494538222 -2.61700216672913 0.0119742535007365 0.0590293278044121 -3.49382147638485
"ADIPOQ" -1.21820554365391 2.93752513994763 -2.59096350130496 0.0127909925697348 0.0625667931124238 -3.55315940660378
"PRDX6" -1.78176906011605 0.846047017692961 -2.57905955166025 0.013181074997692 0.0639789101811052 -3.58014032714807
"Q08554" 0.943611618668238 0.505329989393162 2.53949867532021 0.0145567532035938 0.070116879934868 -3.6691420347573
"FLG2" 0.943611618668238 0.546101704521524 2.53017466074131 0.0148994694148952 0.0712239787939311 -3.68996874844241
"CSN1S1" -1.58818896166715 1.04968891000601 -2.51091742371506 0.0156306385781838 0.0741573905476239 -3.73280057013672
"ORM1" -1.0984281138966 3.86425014046426 -2.47432713129086 0.0171103697356354 0.0805719649491487 -3.81350253405438
"OGN" -1.45825132752448 0.903564955960522 -2.46629344546626 0.017451792466325 0.0814158645693725 -3.83110082094376
"GSTP1" -1.13685323585559 0.538057025454663 -2.46406386204894 0.0175476348358711 0.0814158645693725 -3.83597713371961
"CFL1" -1.42988348903917 0.963123840118628 -2.45350420948748 0.0180080634744257 0.0823823155553716 -3.85902639629833
"HSPA1L" -2.24398581795552 1.39618597961092 -2.45194226976769 0.0180770883840321 0.0823823155553716 -3.86242932885136
"H1-3" -1.37403205930801 1.0433624240056 -2.44740811956466 0.0182788182924945 0.0823823155553716 -3.8722983052562
"ARHGeF9" -1.45284987648373 0.399278493642343 -2.4471312989569 0.0182912000623147 0.0823823155553716 -3.87290037707389
"YWHAZ" -1.63550876424577 1.67445722854013 -2.44451214749458 0.0184087266137994 0.0823823155553716 -3.87859432890199
"KRT20" -1.65035186260207 1.22298441785712 -2.43948310489076 0.0186363052383782 0.0824398237704445 -3.88951421546312
"ACTB" -0.717200184447212 4.58489953713887 -2.43560517111154 0.0188135255514168 0.0824398237704445 -3.89792285364336
"ACTG1" -0.717200184447212 4.58489953713887 -2.43560517111154 0.0188135255514168 0.0824398237704445 -3.89792285364336
"AMBP" -1.25922059477512 3.34141423414827 -2.41615198611129 0.0197257074829251 0.0858408373912119 -3.9399486323529
"KRT4" 1.25983168479126 0.841445248595557 2.40725883389958 0.0201558534131024 0.0871119418059426 -3.9590745360069
"FABP1" -1.62007614449516 0.585698847704855 -2.38522734307842 0.0212581095811842 0.091250796909709 -4.00622127374373
"P16403" 1.06954918636338 0.413501804493008 2.35821810874734 0.0226832177374408 0.096061143572652 -4.0635607982771
"H1-4" 1.06954918636338 0.413501804493008 2.35821810874734 0.0226832177374408 0.096061143572652 -4.0635607982771
"KRT78" -2.04608858890572 1.21398713660327 -2.35361071292215 0.0229347084175544 0.0964786734098454 -4.07329130790356
"H1-2" -1.37403205930801 1.01099196772226 -2.34904121672681 0.0231865981956622 0.0966627174123513 -4.08292709595531
"TIMP3" 1.01401614194717 0.303581002833819 2.34727111452755 0.0232848384257962 0.0966627174123513 -4.08665581300083
"P09210" 1.11092808702534 0.330527392169844 2.33595025635456 0.0239220166237943 0.0980196767638749 -4.11045114666713
"GALK1" -0.761894388315707 0.276395954789196 -2.33594364281529 0.0239223933781882 0.0980196767638749 -4.11046502134052
"P68371" 1.32338809734049 1.45345865388749 2.32570973506765 0.024511796337683 0.0997867321876 -4.13189801149115
"OMD" -1.24808662038998 0.579161880070687 -2.30800649893112 0.0255621241938813 0.103395515168841 -4.16879935133983
"TUBB" 1.42880800280766 1.37916446976825 2.29891380310758 0.0261170722733156 0.104967341429695 -4.18766612402371
"RPL22" 0.609425028374478 0.348742198865514 2.28918812783377 0.0267225341300687 0.106721006557426 -4.20778114333148
"KRT15" 2.32488329538429 0.898171136215576 2.27328737113206 0.027739415829154 0.110085354642743 -4.24052216275088
"RAP1BL" 1.1887199776641 0.558280460192407 2.26776342240996 0.028100666403084 0.110302375540668 -4.25185404377657
"MYH9" 1.46523627367758 1.83979858127324 2.26687502998475 0.0281591540525046 0.110302375540668 -4.2536744549447
"A1BG" -0.801611512318407 4.15117798268516 -2.26256751246086 0.0284442801075875 0.110302375540668 -4.26249297436929
"CASP14" 1.11092808702534 0.43547856288609 2.26183046725131 0.0284933236341187 0.110302375540668 -4.26400054509076
"PPIe" -1.35879295467732 0.534199470938428 -2.23663074570934 0.030216020627482 0.116257981804519 -4.31530891485168
"ARF1" -1.05566440268338 0.648213854274732 -2.23107630794961 0.0306079427790872 0.11705219329457 -4.326556323018
"APOD" -1.25221017890274 2.04941190125326 -2.21875725698996 0.031493305605444 0.119712505042381 -4.35142166821917
"P02771" 0.976062034002501 1.20445681963199 2.18794881815444 0.0338075207716278 0.127739794053276 -4.41312179849993
"TRAP1" -1.49046295051644 0.607607333279489 -2.15507687711284 0.0364411368697221 0.136871174790444 -4.4781847597396
"FGB" -1.91407986651314 2.91781616788423 -2.13412960314274 0.0382121026307601 0.142506988117445 -4.51922751829213
"ARF3" -1.05566440268338 0.662656135431604 -2.12948716099838 0.0386146757415387 0.142506988117445 -4.52827934850468
"THBS2" -1.62007614449516 0.556608593747009 -2.12943559749806 0.0386191679367403 0.142506988117445 -4.52837979655636
"DSG1" -1.4316939849244 1.03087995997917 -2.12552196369965 0.0389614637268263 0.142934207044345 -4.53599793173592
"ARFIP2" -1.28505364623114 0.436516442761799 -2.12223157091224 0.0392513060932797 0.143165168467396 -4.54239402043884
"FGA" -1.53095386287667 3.17249349353836 -2.11895115070573 0.0395421506799514 0.143397109649709 -4.54876265147583
"COL6A1" 0.752273563053888 0.906037327762269 2.10471359686951 0.0408264651508692 0.147208568629706 -4.5763099559849
"POTee" 1.09394761798142 1.22222899345803 2.09155689937978 0.0420455906732011 0.150742998379488 -4.60163036802095
"FLNA" 1.25023886828791 1.75658537855711 2.08595845955348 0.0425739294298526 0.151774855764051 -4.61236508606583
"P07900" 1.16246921775778 1.26570801424459 2.06503000092039 0.0446006841473965 0.158106919646108 -4.65228404181298
"CATHL1" -1.17223881864545 0.572803420151975 -2.05890601125631 0.0452094275151581 0.159369546156786 -4.66390200892906
"SeRPINA3-7" -0.854609692614458 4.02428387310896 -2.03982397058059 0.047152855856828 0.165138679286327 -4.69991953007348
"CAPNS1" -1.11396880083318 0.739184125827107 -2.0377401804395 0.0473694151360147 0.165138679286327 -4.70383583727579
"PeBP1" -1.1743473119438 0.681304612077119 -2.01271749233845 0.0500381190368826 0.17135006496251 -4.75060343492307
"SeRPINF2" -0.884812010172108 4.3277909011828 -2.01212735621128 0.0501025987684624 0.17135006496251 -4.75170058626167
"B4GAT1" -0.868473706122545 0.601513335851212 -2.01197327259939 0.0501194461639945 0.17135006496251 -4.75198700650934
"HBBF" -0.664023837360042 5.04709494072043 -2.01089628039375 0.0502373407576297 0.17135006496251 -4.75398847538333
"RGN" -1.11136179873144 1.02697867734299 -2.00311782184207 0.0510959711717005 0.173341708652382 -4.76841726854775
"CFD" -1.18065815228827 1.75420206290034 -1.99719864696309 0.0517578398902019 0.174648112142874 -4.77936580257211
"KRT7" -1.2364005196653 3.18158863035919 -1.9864606516889 0.0529774617403268 0.177812650841203 -4.79915827468819
"FBLN1" 1.01817207190266 1.2055395696611 1.97969519672485 0.0537585535715367 0.179398922173028 -4.81158251252749
"CRYZ" -1.60380881350821 0.771489576565082 -1.97746080589228 0.0540186928888675 0.179398922173028 -4.81567797909722
"LBP" -1.46464081182016 1.85962211188047 -1.94635711130457 0.0577541281161376 0.190800287127135 -4.87228400711087
"KNG1" -0.901657881133116 4.54464354662345 -1.93634845302215 0.0590023777118966 0.193908855917744 -4.8903377280729
"HMGCR" -1.07513706593161 0.299332174844075 -1.92225711400239 0.060798970690632 0.198777981895279 -4.91562219173847
"P08238" 1.22919630361408 1.08591880466753 1.89753406424629 0.0640642474134838 0.208373918133548 -4.95960424456326
"CCN2" 1.08573025356927 0.732630820155657 1.89208726132555 0.064803404657372 0.209296626656193 -4.96922888013928
"KRT35" -1.96098463663765 1.03842056043664 -1.88930644936506 0.0651835684866398 0.209296626656193 -4.97413354521138
"P06396" 1.42189510286404 1.8637240805787 1.88626362907689 0.0656017265288651 0.209296626656193 -4.97949327484718
"C7" -1.52305425344851 3.19095786669979 -1.88539935884216 0.0657209141635684 0.209296626656193 -4.98101428570713
"PROC" -1.45073421423552 1.68102634411129 -1.88333472790352 0.0660063846348374 0.209296626656193 -4.98464537642429
"COMP" -1.61264604613769 2.11674356416753 -1.87709625495779 0.0668753802708596 0.210087219811136 -4.99559639724423
"C1S" -1.11898737362131 0.664569223577313 -1.87676636346198 0.0669216025071924 0.210087219811136 -4.99617462441216
"CSN2" -1.22426545221764 0.719409121077165 -1.86602758790087 0.0684411519573482 0.213793895470726 -5.01494983579654
"GFAP" -1.57283678706335 1.07772854627193 -1.85589786386168 0.0699012708489372 0.217279319732411 -5.0325755895235
"HPD" -0.869483977408367 0.415668077339158 -1.8332291471907 0.0732646706408909 0.226617682227462 -5.07172056634333
"FGG" -1.90443647172198 1.88977614221664 -1.81040667421266 0.0767880066903345 0.235280910677012 -5.1107121313107
"UTRN" 0.716145367123883 0.277898308571694 1.81025938562328 0.0768112006330658 0.235280910677012 -5.11096239971681
"VCL" 1.30975810202826 0.917727114954689 1.7974878351699 0.0788449200257672 0.23980232976276 -5.13259643369619
"CFL2" -1.04039901646366 0.374442757648552 -1.796231739005 0.0790473606824946 0.23980232976276 -5.13471700123524
"THBS1" -0.997917563545766 3.82406536567389 -1.79352975501444 0.0794843103215857 0.239974161784309 -5.13927419272905
"CAP1" -1.64991762056719 1.32920007249191 -1.77630290793496 0.0823180706373063 0.247346202724478 -5.16818916123834
"POSTN" 1.0690011570707 0.858096457429997 1.76952769668533 0.0834555223413611 0.249308664522906 -5.17949478802169
"CHIA" -1.25318036387092 2.43697362564595 -1.76771899164315 0.0837613896653819 0.249308664522906 -5.18250657236669
"PGAM1" -0.680788275264786 0.402911325504952 -1.75939165503176 0.0851817314125383 0.252345880381745 -5.19633832082247
"P08729" 1.09097246739081 0.723712998452794 1.75323712053448 0.0862443517469552 0.254299934356676 -5.20652444762369
"C4" -0.757955609791023 4.59241938916497 -1.74144543002369 0.0883111624127016 0.258510478846338 -5.22595336808929
"CAPN1" -0.84080978513948 0.388832623725532 -1.74042636606036 0.0884917011581758 0.258510478846338 -5.2276270809032
"CRYZL1" -1.67432938627043 0.725116975696209 -1.72909279638848 0.0905203597575678 0.263218188972467 -5.24618358709666
"TTR" -0.717496514180262 3.61322770476154 -1.71837887462991 0.092473492217439 0.267664099033046 -5.26362789346207
"C4B" 1.69174939558799 0.648270272682259 1.71377962343403 0.0933225882027713 0.268888370575108 -5.27108717820604
"SeRPINA3-4" -1.63771857461509 4.28063114130312 -1.70857188634897 0.094291810371774 0.270003171661645 -5.27951214702538
"eZR" -1.44875704625465 1.29807461408825 -1.70711044691531 0.0945652946707188 0.270003171661645 -5.28187238658196
"H4" -0.985015654535251 1.60037448391229 -1.69983098480753 0.0959373235113257 0.271570703426147 -5.29360234572543
"P63000" 0.837242846657389 0.56948871392229 1.69963195575991 0.0959750663455321 0.271570703426147 -5.29392243753912
"P15311" 0.752273563053888 0.776083929513556 1.69219826024185 0.0973935683071031 0.274354203579384 -5.30585417895469
"ITIH4" -0.724872592418786 5.50207756163405 -1.68198287749427 0.0993710674713155 0.277921686486139 -5.32217560846522
"eeF1A2" -1.56308847743198 0.504483922437861 -1.68111344891259 0.0995408892961448 0.277921686486139 -5.3235606975982
"APOe" -1.01374597681084 3.49230270079397 -1.67626690367624 0.100491931683155 0.279341008335114 -5.33127016346509
"AZGP1" 0.837242846657389 0.618569799322471 1.66697649505973 0.102335910440246 0.283219120560507 -5.34599358724231
"GSTA1" -1.14837243661309 1.18884112702396 -1.64409071572632 0.106997145050247 0.294826194439763 -5.3819539741367
"AKR1A1" -0.66717734660905 0.457750447432581 -1.63942853871099 0.107967704041605 0.296207048914142 -5.38922561532005
"P11142" 0.795884598604106 1.29353643577238 1.6300467990938 0.109942586206104 0.298867321257009 -5.4038028276573
"SeRPINA6" -1.59430097660922 1.96150691123315 -1.62979077843122 0.10999688987806 0.298867321257009 -5.40419958704632
"COL6A3" 0.687710911152513 0.260466421892031 1.62808950398611 0.110358297706629 0.298867321257009 -5.40683467262938
"SeRPINA3-3" 1.71487115960902 0.50964773980268 1.6093028969812 0.114413961166192 0.308526536307124 -5.43577015816595
"ITIH2" -0.567718973761888 0.271640739549629 -1.60679271707596 0.114964924562684 0.30869305276193 -5.43961372418785
"IGFBP5" 0.981577749863161 0.517686905947146 1.59830067891665 0.116844855992379 0.312411458183012 -5.45257697341405
"HSPA8" -1.50949836141928 2.18840594973386 -1.59373497200169 0.117865855307937 0.313811623203833 -5.45952125563468
"P26038" 0.927759862735894 1.1333406550057 1.58567436408465 0.119686037839552 0.317318865028391 -5.47173781886882
"HRG" -1.13150198920175 1.90016836831577 -1.57907329208777 0.121193520583063 0.318625357839083 -5.48170105529073
"P00747" 1.17862700218787 1.01723332705427 1.57693169854093 0.121685878478953 0.318625357839083 -5.48492544633149
"P50395" 0.452305656107595 0.305060164883725 1.57474314346787 0.122190700729931 0.318625357839083 -5.48821649387231
"PCYOX1" -0.767020573156357 0.410504855434628 -1.57307257071382 0.122577179530183 0.318625357839083 -5.49072586804673
"BLMH" 0.431547596303562 0.34131178630279 1.57062267601998 0.123145734149451 0.318625357839083 -5.49440154828232
"HRNR" 0.531245357394511 0.465822623919104 1.57035261614492 0.123208537738092 0.318625357839083 -5.49480641629474
"P01008" 1.0690011570707 1.58182119686144 1.56050433488957 0.125516498530849 0.323269022746799 -5.50952808942835
"CORO1A" -0.75721477783987 0.546552496626269 -1.54852569731232 0.128370477506017 0.329275493115028 -5.52732221805223
"P68871" 0.894135512814232 0.444238308283867 1.5300420573533 0.132876284951376 0.339453181394001 -5.55453737904713
"ACTN4" -0.911662170033863 0.364055589207912 -1.52755811390394 0.133491330208941 0.339649311942911 -5.55817227562604
"Q08188" 0.929114563474876 0.494699043019943 1.50607899793613 0.138905096032097 0.352004480306238 -5.58938148580557
"ACTBL2" 0.874504688430794 0.466625960054164 1.50190948708929 0.13997598897354 0.353299396169215 -5.59539349860083
"CSRP1" -0.731175580365201 0.533260908749307 -1.48077624386501 0.145505067867227 0.365791624797689 -5.62563329044438
"H2AZ2" -1.00648970629676 0.622406535074498 -1.47316904600494 0.147537112977605 0.36942824717805 -5.63642336803845
"RDX" 0.666373448237134 0.501332519865363 1.46606190091265 0.149455765527153 0.37146323562739 -5.64645855295321
"SeRPIND1" 0.761552272863102 0.688028441939677 1.46579869106986 0.14952719785952 0.37146323562739 -5.64682935438795
"APOB" 1.21766787885012 1.56865439369341 1.45841221011789 0.151542802661816 0.374994150900415 -5.65721049359361
"SeRPINA3-8" -1.22439698071906 2.76356503180944 -1.44461177497917 0.155365842606058 0.380725583996546 -5.67647800172081
"CLU" -1.02661844336168 3.10692691815279 -1.4437946143791 0.155594565851626 0.380725583996546 -5.67761364754629
"P36955" 0.77421142850907 0.746790949493321 1.44027147535425 0.156583716181313 0.380725583996546 -5.68250320750208
"HSPA2" -1.29504374769847 0.692878943111484 -1.43888094254617 0.156975472822563 0.380725583996546 -5.68443004833286
"BLVRB" -1.07879028738133 1.35086998416588 -1.43819602829461 0.157168716530102 0.380725583996546 -5.68537849979983
"IGHG1" 1.21433624869724 0.493334150531808 1.43709694766651 0.157479203523135 0.380725583996546 -5.6868996170502
"YWHAQ" -0.951455446542085 0.514867348909609 -1.42882163064199 0.159832392997908 0.384939847258321 -5.69831848915248
"PZP" 1.38093302626171 1.58382233784497 1.4124284789075 0.164574987780354 0.394854818590887 -5.72076094080441
"KRT80" -1.20470267532718 1.37415635638299 -1.4065761247503 0.166294368691216 0.39513272948264 -5.72871548541218
"RAB1B" -0.761894388315707 0.359511205731281 -1.40530930341989 0.166668382662346 0.39513272948264 -5.73043337156575
"CSN1S2" -0.903616541403079 0.825354632457218 -1.4042376030375 0.166985299222587 0.39513272948264 -5.73188555461789
"GNPTG" -0.567718973761888 0.334506007324156 -1.40352722978191 0.16719562404416 0.39513272948264 -5.73284757018419
"KRT28" -1.66387031584742 1.15356301224141 -1.3943485927199 0.169931726106729 0.400100444676665 -5.74523750479117
"H2AZ1" -1.00648970629676 0.669371869306268 -1.38029475181027 0.17418811047732 0.408597389260927 -5.76406371650936
"K2CA" -0.84080978513948 0.49157497204076 -1.36289488691349 0.179571266248525 0.419664700010443 -5.78712921437874
"SeRPINA3-6" -1.68631951256313 3.76802438787071 -1.36075430423976 0.18024224979146 0.419678448776426 -5.78994819254843
"AHSG" -0.419658335778512 6.27250171719331 -1.35426407528726 0.182288427577218 0.422882344857443 -5.79847035324789
"ASS1" -0.761894388315707 0.346997363117123 -1.34544001087447 0.185098875729165 0.427829269542503 -5.80999674486175
"eIF4A1" -0.493979665315709 0.281091213558205 -1.34306922582338 0.185859581326094 0.428019692761916 -5.81308172164204
"HSPA5" -0.84080978513948 0.826080446789921 -1.33521915738459 0.188395448595244 0.43228192023127 -5.82326073607547
"TBA1B" -1.22962429116974 2.81683154113251 -1.33197132957973 0.189452296931655 0.433131881753168 -5.82745600068059
"GAPDHS" -0.640620004008964 0.322370115713481 -1.32395169575332 0.192081222488356 0.437556864224378 -5.83777460734734
"MST1" -0.873763827216502 1.60785553826297 -1.31050765497571 0.196550347043795 0.446126866851203 -5.8549432136924
"eNO3" -1.29504374769847 0.800492843654084 -1.30739028333839 0.197597787087513 0.446896787283945 -5.85890104172631
"VASP" -0.66717734660905 0.502140227184709 -1.29580930475291 0.201525971764318 0.45415317208316 -5.87352772820779
"SULT1e1" -0.707291944221169 0.516658063393535 -1.28208078518202 0.206258444537603 0.463163980438532 -5.8907101869803
"P63104" 0.452305656107595 0.884129142970355 1.27579932664577 0.208451379358549 0.466428441046965 -5.89851525486675
"ILK" 0.716145367123883 0.589892980239292 1.2715423100379 0.20994745075062 0.467676603726996 -5.90378456163262
"ATIC" -0.697332167740604 0.543629985578278 -1.26999977829707 0.210491530045114 0.467676603726996 -5.90568985090148
"IGKC" 0.929114563474876 0.647521334386395 1.26591519206542 0.21193732732599 0.469236679097193 -5.91072460867542
"KRT5" -0.781469200171892 4.67624021226336 -1.25085238692136 0.217333100012571 0.478936148947344 -5.92916070922857
"P62258" 0.523344289057095 0.499107347535886 1.24740782402758 0.218581222893755 0.478936148947344 -5.93334775861466
"UBA52" -0.757961638727632 1.27572881511371 -1.2439651505365 0.219833968059034 0.478936148947344 -5.93752174255226
"P00734" 1.01020519551185 0.971546688862607 1.24304838292666 0.220168463792878 0.478936148947344 -5.93863143872467
"TUBA8" -1.08400388299717 0.601496485451664 -1.24174599795652 0.220644305799678 0.478936148947344 -5.94020658962566
"IGFBP2" -1.32628254680901 2.40775523204748 -1.24112272090416 0.220872296899647 0.478936148947344 -5.94095985755559
"P12814" 0.82771298833992 0.537805322538134 1.22960378338987 0.22511730956057 0.485305739956151 -5.9548175618325
"P63267" 0.99544362787335 0.706404285464378 1.22898243843404 0.225347990185661 0.485305739956151 -5.95556162866706
"KRT81" -1.20711254794663 0.615608932666368 -1.2203814914082 0.228559108220139 0.48958307921886 -5.96582519978552
"AMY2B" 0.638237664976405 0.74822742113586 1.21951115789494 0.228885908668088 0.48958307921886 -5.96686001616497
"AFP" -0.389480215366335 5.63990601640145 -1.21388834747337 0.231005493933883 0.492447522541487 -5.97352881065046
"S100A9" 0.638237664976405 0.734901277775447 1.21148146450926 0.231917187459409 0.492726415107364 -5.97637461037707
"CCDC168" 1.01817207190266 0.497858398849557 1.19754288288852 0.237248843916464 0.500747899279162 -5.9927508741297
"AOCX" 0.976062034002501 0.648107272474439 1.19746234627293 0.237279907899318 0.500747899279162 -5.99284497903846
"YWHAB" -0.721501826215532 0.691992842911427 -1.19042154369649 0.240007117925683 0.504814971370352 -6.0010490063034
"O43505" 0.261957874558335 0.29264576963563 1.15568598012582 0.253795861957153 0.528997755559877 -6.0408572186516
"AMY1A" 0.638237664976405 0.755503261094872 1.15306768079371 0.254857872726153 0.528997755559877 -6.04381288869071
"AMY1B" 0.638237664976405 0.755503261094872 1.15306768079371 0.254857872726153 0.528997755559877 -6.04381288869071
"AMY1C" 0.638237664976405 0.755503261094872 1.15306768079371 0.254857872726153 0.528997755559877 -6.04381288869071
"MYLK" -0.798022686337194 0.407756496006438 -1.13696323533212 0.261460234742453 0.540922649581927 -6.06185331387673
"HBA" -0.423707141237379 4.52126570357216 -1.1336812395311 0.262820611558184 0.541960149977824 -6.06550046725356
"HNRNPK" -0.567718973761888 0.431388864781368 -1.12291967395145 0.267316630830006 0.549435811249947 -6.07738947228736
"P04272" 1.09109390234195 1.21847887840817 1.10121729113941 0.276549056724053 0.564961865910927 -6.10103907008733
"APOM" 0.609425028374477 0.449846401681055 1.10032801157478 0.276932098608974 0.564961865910927 -6.10199881513716
"P61204" 0.347857989375088 0.540338427439164 1.09888014103053 0.277556542682072 0.564961865910927 -6.10355984098292
"PYGB" -0.493979665315709 0.383107542668964 -1.09230119468316 0.280406413229364 0.566756276419109 -6.1106284039398
"CLeC3B" -0.677241805785451 2.73407577761207 -1.09097627677051 0.280982816890105 0.566756276419109 -6.11204705457063
"F2" -0.712082394497931 4.46967325870573 -1.09063213850312 0.281132669602506 0.566756276419109 -6.11241527204031
"ACTN3" -0.49397966531571 0.28601249898022 -1.07955140009721 0.28598767109382 0.572982289769778 -6.1242123922364
"CKB" -0.391923368652398 0.278064743634779 -1.07943922524675 0.286037117713915 0.572982289769778 -6.12433123450559
"HABP2" -0.606253370945656 1.13805930585204 -1.07504489532294 0.287978832567254 0.573691142787125 -6.12897752286751
"P62736" 0.99544362787335 0.638998481544567 1.07279410231021 0.288976935080314 0.573691142787125 -6.13135039611695
"VNN1" -0.723860657909501 2.79085309958901 -1.07212040934493 0.289276148390496 0.573691142787125 -6.13205971039774
"SeRPINA3-1" -1.36059584189951 3.84999949266226 -1.07043040551479 0.2900276934217 0.573691142787125 -6.13383720905164
"YWHAG" -0.66717734660905 0.468170897201404 -1.06802778101548 0.291098476311644 0.574009807977024 -6.13635963370748
"MBL" -0.427052962283665 0.373473500404577 -1.06194441342991 0.293821931577905 0.577575198833826 -6.14272223063032
"F11" -0.706970623117272 0.767003666770929 -1.05629479667463 0.296366966020496 0.57932443380298 -6.14860020035118
"COLGALT1" -0.448372161025485 0.276744504294037 -1.0548966097743 0.296999165219261 0.57932443380298 -6.15005029449395
"ALDOB" -0.517409564890895 0.356123696946491 -1.04855634971259 0.29987763905922 0.57932443380298 -6.1566029854412
"KRT25" -1.35846151675922 0.870916214072822 -1.04795744742041 0.30015053041384 0.57932443380298 -6.15722000936448
"KRT31" 0.799882927369824 0.616384676505695 1.04711123725475 0.300536399677292 0.57932443380298 -6.15809125180671
"RPS25" 0.550007093006396 0.528543909319453 1.04565065261972 0.301203224934624 0.57932443380298 -6.15959346557843
"RPS4" -0.694069662913863 0.663552093265655 -1.04469786254596 0.30163876638096 0.57932443380298 -6.16057233512912
"F12AI" -0.652256835441668 4.11224061514221 -1.04378461534361 0.30205663822691 0.57932443380298 -6.16150978140428
"HNRNPR" 0.431547596303562 0.274976810390274 1.03866494121723 0.304406598995451 0.582062315048877 -6.16675064709128
"TLN2" 0.687710911152513 0.966455129892931 1.03563705187873 0.305802304122543 0.582964513297054 -6.16983865048755
"KRT74" -1.15031952646621 0.857335682092491 -1.03349559740598 0.306792049454269 0.583089708450733 -6.17201742997475
"GAPDH" -0.566046700552316 3.07871804506745 -1.03085312543328 0.308016375081176 0.583658656685352 -6.17470003040894
"Q9BUF5" 0.58728985128261 0.589043054365598 1.02824902253137 0.309226186174133 0.584196776873885 -6.17733726880462
"C3" -0.400899908387741 6.60985039740058 -1.02543711109516 0.310536178707688 0.584920384371795 -6.18017781196954
"AOC3" 0.638237664976405 0.499763080736666 1.01124454907419 0.317205789273567 0.595704919736966 -6.19440151377816
"P84077" 0.347857989375088 0.497523308665411 0.999722057551852 0.322691507362015 0.601401157207168 -6.2058099152142
"P68133" 0.99544362787335 1.11980822651831 0.999520836208112 0.322787870957172 0.601401157207168 -6.20600803325236
"PFN1" -0.906954898801146 1.79396376116169 -0.998873005531539 0.323098244521759 0.601401157207168 -6.20664561369614
"P02774" 0.77421142850907 0.817341281900046 0.995375844564709 0.324777192862132 0.602748260870603 -6.21008060997255
"LeCT2" 0.609425028374477 0.40535114520609 0.992196630439169 0.326308579787575 0.603005263410677 -6.21319330517659
"RAN" 0.46217852986694 0.736928979129569 0.990493752775944 0.327130824679833 0.603005263410677 -6.21485663285479
"TUBA4A" -0.908612002420826 2.94213655683537 -0.98910290905211 0.327803432319642 0.603005263410677 -6.21621314397876
"AOCY" 0.452305656107595 0.299076449280129 0.987173112608595 0.328738210163665 0.603005263410677 -6.21809228045225
"P12259" 0.638237664976405 0.759135697267659 0.980409445119534 0.332028555931573 0.605531277353912 -6.22465063705168
"SPP2" -0.761894388315707 0.907685424247359 -0.980397096706771 0.332034583144934 0.605531277353912 -6.22466257111839
"P19827" 0.687710911152513 0.489176403833407 0.977618926041748 0.333392454148919 0.606255442558985 -6.22734385911611
"TUBA1D" -1.17857014513346 1.70209257780935 -0.954478307447746 0.344846376116063 0.620517012876691 -6.24939385235997
"P0CG53" 0.717899209525217 1.03241699431888 0.95313320018533 0.345520048780617 0.620517012876691 -6.25065997011412
"PPIA" 0.695738658449461 1.35382875730019 0.953102275519627 0.345535547023861 0.620517012876691 -6.25068905860433
"IGFBP6" -0.493979665315709 0.599377808165143 -0.953065086222496 0.345554185463618 0.620517012876691 -6.25072403855805
"LRP1" 0.452305656107595 0.614868001325349 0.951872724283382 0.346152121287789 0.620517012876691 -6.25184486967077
"TG" 0.761552272863102 0.830439203374032 0.940582069219722 0.351847783807814 0.628940372755611 -6.26239134555473
"F9" -0.669836688182434 1.26479360370761 -0.929873063388207 0.35730635907295 0.635609713598391 -6.27228266836189
"ITIH3" -0.739163781015035 4.69375702630809 -0.929312846194108 0.357593420487209 0.635609713598391 -6.27279711054591
"UBC" 0.717899209525218 1.09692025673344 0.924589712470126 0.360019565271113 0.636572142631253 -6.27712245493465
"C5" 0.638237664976405 0.771532167322534 0.924331433243761 0.360152543453815 0.636572142631253 -6.27735836962238
"P21291" 0.198789097469482 0.410715326481604 0.911188847394976 0.366961184822081 0.645066715594081 -6.28927911007253
"TUBB2B" -0.938161045556538 0.765486657853197 -0.910033486932747 0.367563669239451 0.645066715594081 -6.29031919185513
"AHCY" -0.770343897037622 2.07720855762668 -0.907783722749963 0.368738676306019 0.645066715594081 -6.29234083023067
"SePTIN7" -0.448372161025485 0.378903709138505 -0.906668287144501 0.369322140287073 0.645066715594081 -6.29334137175917
"ITIH1" -0.749825158528318 3.80924768927212 -0.905240279519166 0.370069969960471 0.645066715594081 -6.29462055779207
"TCN2" -0.493979665315709 0.440545433393437 -0.901888654591567 0.371828987782215 0.646347358927212 -6.29761525057423
"RAB8A" -0.323234150337075 0.302377082886402 -0.898762012653428 0.373474749096968 0.647424633736777 -6.30039925892311
"ANXA5" -0.427052962283665 0.794981727204845 -0.893794154518615 0.376099229398897 0.650187982878641 -6.30480352483582
"B4GALT1" -0.580945048717479 0.604090201189785 -0.889151371602131 0.378562578716564 0.650866070146998 -6.30889829190407
"COL1A2" -0.593572909083313 1.33481183586698 -0.888759400553159 0.378771017853306 0.650866070146998 -6.30924305367668
"TUBB4A" -0.890532096026981 0.741573985655821 -0.887228291731856 0.379585917296506 0.650866070146998 -6.31058834798476
"FAM124B" -0.493979665315709 0.542232326333978 -0.876818012179976 0.385156049777277 0.658627282952471 -6.31967582462855
"Q32LP2" 0.666373448237134 0.846657908552228 0.872429983798281 0.387519296718356 0.660877503322386 -6.32347522300215
"PARVB" 0.213062081607283 0.408945657906606 0.86871950095992 0.38952474977851 0.662507054205498 -6.32667358296607
"CPB2" 0.686900922460452 2.49092361437449 0.865924545750518 0.39103967399389 0.663295791102538 -6.32907407103053
"THBS3" 0.261957874558334 0.323629307052341 0.862816228252773 0.392728781499957 0.664374962805557 -6.33173490586096
"KRT27" -1.01150539658117 0.822600485886249 -0.859117834754967 0.394744487053067 0.664844123652599 -6.334888805269
"F13A1" -0.508071732098064 1.66628805992448 -0.857409508173547 0.395677740938992 0.664844123652599 -6.33634119718058
"LDHA" -0.824410276643795 1.61294037748063 -0.85494725401712 0.397025283583645 0.664844123652599 -6.3384296426846
"TAGLN2" -0.783251679516795 1.7896858980515 -0.854532793784604 0.397252390304258 0.664844123652599 -6.33878060962989
"KRT75" -0.546237568902423 3.74408656908985 -0.852669688290354 0.398274292774457 0.664844123652599 -6.34035626122582
"P02787" 0.762264717619946 0.814725741700157 0.83768607357625 0.406552064076147 0.676092541224981 -6.3529069436115
"PRDX2" -0.452847344315791 0.559004630605749 -0.836601069501352 0.407155571577643 0.676092541224981 -6.3538073994264
"H2AC6" 0.198789097469482 0.321811550347599 0.829363722098337 0.411195274111271 0.679406152470474 -6.35978479530599
"LOXHD1" 0.261957874558335 0.305129942147082 0.823240333013028 0.414632317415328 0.679406152470474 -6.36480281616883
"C4BPA" -0.646046647453879 1.09352212121896 -0.822785749825836 0.414888171726694 0.679406152470474 -6.36517390112111
"CL43" -0.567718973761888 0.940884828078096 -0.821734494263308 0.415480221929247 0.679406152470474 -6.36603129923754
"H2AC4" 0.198789097469482 0.328575956505916 0.820283207593131 0.416298409803261 0.679406152470474 -6.36721321224297
"H2AC25" 0.198789097469482 0.328575956505916 0.820283207593131 0.416298409803261 0.679406152470474 -6.36721321224297
"P05786" -1.01255317510248 1.54148494534518 -0.818538309238164 0.417283425667202 0.679406152470474 -6.36863155467053
"MAN2B1" 0.347857989375088 0.257721982999801 0.817686499630515 0.417764797398643 0.679406152470474 -6.36932288396387
"eNO1" -0.697121388861632 2.99192467694863 -0.811108385906792 0.421493567202139 0.683708074304755 -6.37463814490502
"HPX" -0.372035464459366 4.43467162277725 -0.805046736805577 0.424947373504699 0.687543058157603 -6.37949916971373
"MYH11" 0.347857989375089 0.652544957969425 0.793100654562492 0.431803806285872 0.69614057193413 -6.38897534866582
"FeRMT3" -0.652290803105728 1.78631223336103 -0.791950042514036 0.432467677017716 0.69614057193413 -6.38988079381577
"Q14624" 0.58728985128261 0.627085872180991 0.788346186453295 0.434550946873923 0.69771411571869 -6.39270848295597
"CLIC1" -0.36661504642422 0.656642505144377 -0.784141334668599 0.436989185129477 0.699576495428184 -6.395991869274
"eeF2" -0.438619726993222 0.411835233384375 -0.782525627797205 0.437928234063602 0.699576495428184 -6.39724896023458
"CD14" -0.618490853912985 0.896772712450706 -0.778823640811497 0.440084344559243 0.70124550862849 -6.40011975284142
"TUBB4B" -0.782149378670184 1.99452773543662 -0.771006812287857 0.444657631102516 0.706748023238508 -6.40613795165824
"TUBB3" -0.865373937962937 1.54141251624483 -0.766735935748047 0.447168123057675 0.708952476506012 -6.40940113216261
"P01009" 0.609425028374477 0.384859138319171 0.760264238002967 0.450988120409114 0.713216801950253 -6.41431219812448
"P00558" 0.347857989375089 0.750630568987068 0.757384820987319 0.452693846261891 0.714124542478133 -6.41648420912969
"IGF2" -0.427052962283665 0.705943254415119 -0.746140060246583 0.459391025846436 0.722141951159385 -6.424889407035
"CTSD" 0.286760533969698 0.404874234398911 0.745013587350575 0.460065078234664 0.722141951159385 -6.42572466089757
"CALD1" -0.427052962283665 0.613608729397705 -0.742416745036267 0.461621138000834 0.722786446844978 -6.42764546857472
"HSPA1B" -0.632175145903919 2.41794247840277 -0.726975826417684 0.470935983544565 0.733473671962839 -6.43893143513019
"HSPA1A" -0.632175145903919 2.41794247840277 -0.726975826417684 0.470935983544565 0.733473671962839 -6.43893143513019
"PRDX1" 0.432827272978589 0.546049595625712 0.723719894570032 0.472913742373009 0.733473671962839 -6.44128166122627
"CST3" 0.213062081607283 0.296271887536228 0.723067598660679 0.473310535196492 0.733473671962839 -6.44175126798342
"DSC1" -0.427052962283665 0.453335524236637 -0.721510100057206 0.474258729256479 0.733473671962839 -6.4428708829222
"TIe1" -0.291979388299967 0.329321550699608 -0.71524118273208 0.478086083786254 0.736393945752709 -6.44735345978983
"P35625" -0.117655039709101 0.334972889619899 -0.714595940159387 0.478481010710952 0.736393945752709 -6.44781266878233
"TUBB5" -0.719080307104271 2.02978074745611 -0.708989738276502 0.481920079194834 0.739882165381849 -6.45178545748183
"ARHGDIB" -0.249494841890897 0.279676009478865 -0.702890396490672 0.485677381669866 0.742585488541055 -6.45607294433918
"COL3A1" 0.187753759379105 0.302753326489726 0.702311956764109 0.486034559060944 0.742585488541055 -6.45647767284365
"CFB" -0.487411077942778 4.57360680274049 -0.696434380842728 0.489672178781045 0.744804055353781 -6.46057166475803
"CATHL4" -0.427052962283665 0.921576588262768 -0.696151945041436 0.489847358116988 0.744804055353781 -6.46076754589185
"TF" 0.2238841951018 6.43319179890424 0.686167052240824 0.496062765853546 0.7508485668613 -6.46764250213614
"CTSC" -0.366615046424219 0.512298981811556 -0.684088889908902 0.497361827016074 0.7508485668613 -6.46906116309318
"A2M" -0.234053274512678 6.85398639709391 -0.684039772451563 0.497392553007961 0.7508485668613 -6.46909464222126
"O75083" 0.261957874558335 0.280586141774954 0.681115674371946 0.499223636457998 0.751814116002379 -6.47108350433041
"PLG" -0.438103515312354 5.08341324061474 -0.675305085451058 0.502873205555794 0.754845529474289 -6.47501087331399
"BPT2" -0.427052962283665 0.60882521501471 -0.674104473241335 0.503629109205508 0.754845529474289 -6.47581825496852
"CFH" -0.39231016428131 4.64711187182647 -0.66616476764491 0.508643496754876 0.759487798520593 -6.48112205502815
"H2AC7" 0.198789097469482 0.298618059715194 0.663986148904893 0.510024134342803 0.759487798520593 -6.48256662069296
"ACTC1" -0.852354970897963 3.14765073265295 -0.663492447854985 0.51033728458436 0.759487798520593 -6.48289333159547
"WDR1" -0.317719253473168 0.49446527816826 -0.658909254494852 0.513249314666305 0.762024276598679 -6.4859149220586
"K2C4" 0.768057611682748 1.07211431784201 0.653945239587709 0.516413363914085 0.764922142323446 -6.48916439986717
"UBA1" -0.249494841890897 0.371507614924474 -0.650741575543238 0.518460903069263 0.766156510156218 -6.49124873752972
"GGH" -0.37529675605529 0.577545365003286 -0.643478177430633 0.523119121622102 0.77123403211109 -6.49593716691899
"YWHAe" -0.411219618765721 0.894440115061187 -0.638771608965031 0.52614938301111 0.772240630077207 -6.49894760735217
"FAP" -0.381494750725389 0.55780279319837 -0.638616263699568 0.526249557738826 0.772240630077207 -6.49904660013297
"P31946" 0.213062081607283 0.416300648724564 0.625474611049672 0.534760282038599 0.781725874798901 -6.50733538913357
"P00488" 0.213062081607283 0.373297292501453 0.623148154663643 0.536274368945979 0.781725874798901 -6.50878510189039
"KNG2" 0.431624044437311 4.12277039415999 0.622909278746574 0.536429958459467 0.781725874798901 -6.50893365491043
"IGF2R" -0.521096557614154 0.877479878395385 -0.618015871103676 0.53962238707396 0.782375699591873 -6.5119644627244
"eRC1" -0.117655039709101 0.453126800778874 -0.616663809075622 0.540506193592053 0.782375699591873 -6.51279773940759
"ADAMTS13" 0.213062081607283 0.332982228000967 0.616527142320672 0.540595570557935 0.782375699591873 -6.5128818673534
"SLC2A1" -0.117655039709101 0.273565477653511 -0.596806317098935 0.553572038836714 0.799322554933561 -6.52482909689272
"COL2A1" -0.323234150337075 0.598477585239702 -0.594161703700588 0.555324132894858 0.799462452360845 -6.5264021860844
"P02790" 0.431547596303562 0.311598705911339 0.592725819213608 0.556276597596256 0.799462452360845 -6.52725340892688
"GPI" -0.379058992005463 1.05996408749265 -0.590928673979975 0.557469855845914 0.799462452360845 -6.52831593745946
"HSP90B1" -0.237001852445504 0.401908665735753 -0.586655051144865 0.56031259123154 0.801717108995696 -6.53082987573432
"PROS1" -0.642144329189438 2.03387790338065 -0.584045449600917 0.562052011409808 0.80238646877735 -6.53235612408001
"CNTN1" -0.381494750725389 0.660028748805807 -0.578061210445476 0.566050931974898 0.80627119204551 -6.53583074862134
"CDH5" -0.448372161025485 0.991980297507352 -0.575972522374225 0.567449995572896 0.806443574789409 -6.53703520123642
"FTL" -0.332509657253005 0.686434797671335 -0.573019617749623 0.569430850549874 0.807440149880832 -6.53873067781978
"FMOD" -0.411219618765721 1.06522880756232 -0.565912567966179 0.574212302600524 0.812394535741996 -6.54277613265891
"GSTA2" -0.463575298712417 1.47844549928175 -0.559191355450454 0.578752165538385 0.816985719138079 -6.5465561615552
"eeF1A1" -0.373827888401694 3.10639466574768 -0.552289292826795 0.583432239276906 0.821753890588677 -6.55039154127588
"P61284" 0.190955928075821 0.272669072133968 0.518629745234795 0.606512825711175 0.850357287590044 -6.56842177032358
"GDI2" -0.270849089322784 0.851446839452645 -0.517062598769976 0.60759763721802 0.850357287590044 -6.56923395838586
"KLKB1" -0.366138722134218 2.45522538487941 -0.516464694789318 0.608011754383919 0.850357287590044 -6.56954318748177
"S100A7" 0.198789097469482 0.524428888572263 0.511592745677719 0.611390971826367 0.850357287590044 -6.57204972358375
"MYH10" -0.49460008029256 1.59849695958135 -0.510043322608729 0.61246746092069 0.850357287590044 -6.57284195410792
"HBG1" -0.117655039709101 0.477156268145192 -0.509027575688446 0.613173638436561 0.850357287590044 -6.57336002329296
"HBG2" -0.117655039709101 0.477156268145192 -0.509027575688446 0.613173638436561 0.850357287590044 -6.57336002329296
"P07737" -0.117655039709101 0.41744026887899 -0.505736423434845 0.615464291868541 0.851662210897038 -6.57503162104698
"CA2" 0.213062081607283 0.345645323777982 0.497866120048826 0.620957738812991 0.855072730327728 -6.5789855211442
"P16070" -0.117655039709101 0.292146950984891 -0.496547638851191 0.621880185141481 0.855072730327728 -6.57964190448305
"FeTUB" -0.195783072552378 4.53036562922424 -0.49638463741142 0.621994268178173 0.855072730327728 -6.57972293238474
"SeRPINA3-5" -0.42523872660264 4.1074092998534 -0.487033535508336 0.628554644145892 0.86221300099143 -6.58432729243703
"ARF4" -0.175106974924774 0.30652531458429 -0.480647941919751 0.633052051419216 0.86649857797294 -6.58742168541379
"HBB" -0.387099961567895 3.60338993350591 -0.474477793093023 0.637411073703373 0.866659853072326 -6.59037327300383
"ASL" -0.246371884009743 0.347499488022769 -0.473017282757838 0.638444786680965 0.866659853072326 -6.59106640489972
"P61981" 0.126829783715711 0.3862453650712 0.472980195037757 0.638471045913748 0.866659853072326 -6.59108397851799
"KRT72" -0.505515486688592 1.78368945396979 -0.472708033892475 0.63866375860322 0.866659853072326 -6.5912128974145
"CP" 0.347857989375089 0.486714698212137 0.470473206740202 0.640247154305465 0.866944108083151 -6.59226872469062
"ACO1" 0.213062081607283 0.368919030414894 0.468417017005538 0.641705480069901 0.867058154013078 -6.59323577952678
"COL1A1" 0.385428245807499 1.249747684195 0.464948693253213 0.644168579270458 0.86742805184425 -6.59485747493055
"CHAD" -0.291979388299968 0.459959781554867 -0.463138140491081 0.645455986951178 0.86742805184425 -6.59569929859799
"HSPA6" 0.261957874558335 0.711514689119529 0.462228367091647 0.646103303275432 0.86742805184425 -6.59612107318629
"TUBB2A" 0.292980891195894 0.306442143454817 0.458280154552039 0.648915714074809 0.869354173208502 -6.59794196082511
"PKP1" 0.286760533969698 0.315565674847234 0.45444861446961 0.651649969869504 0.871167650397578 -6.59969424298202
"O00299" -0.117655039709101 0.309808546473659 -0.445927394026361 0.657748196444923 0.877461124644284 -6.60353899273896
"P35443" -0.117655039709101 0.314705057137273 -0.441104997263452 0.661209842592913 0.880218165983393 -6.60568288007201
"ACTG2" -0.497423128525161 1.10752783647369 -0.433296766063434 0.666830676552823 0.883970917867293 -6.60910516663184
"ACTA2" -0.497423128525161 1.10752783647369 -0.433296766063434 0.666830676552823 0.883970917867293 -6.60910516663184
"SeRPINC1" -0.275486469489734 4.95379030804966 -0.430245665598555 0.669032324925151 0.884794421773064 -6.61042596996957
"AFM" -0.307145513661224 3.6330774368852 -0.428551194612315 0.670256313165649 0.884794421773064 -6.61115549824268
"P07195" -0.117655039709101 0.331726118496806 -0.4204622830034 0.676111697535906 0.888864938883183 -6.61459869670154
"P29279" -0.117655039709101 0.375357173522509 -0.41832461286407 0.677662514920202 0.888864938883183 -6.6154977618571
"Q13509" 0.292980891195894 0.919595553811429 0.412194561467 0.682117500090204 0.888864938883183 -6.61805073105846
"TGFBI" -0.341850090881791 2.44310842150736 -0.411455504404736 0.682655384093267 0.888864938883183 -6.61835599801284
"MFGe8" -0.117655039709101 0.28800563179801 -0.411177755364948 0.682857572264296 0.888864938883183 -6.61847058147067
"P00742" 0.126829783715711 0.369009306496356 0.408563314802031 0.684761911747755 0.888864938883183 -6.61954538705978
"JUP" 0.404433981843055 1.93676595742777 0.406619622561529 0.686179026516129 0.888864938883183 -6.6203400352137
"LTF" -0.443607904560629 2.26415786302272 -0.4059431495062 0.686672499981848 0.888864938883183 -6.62061571818423
"ACe" -0.182568138858852 0.353554485651329 -0.404740441910961 0.687550191581756 0.888864938883183 -6.62110473213949
"TUBB6" -0.367439022443745 0.781667074279942 -0.403409864757872 0.688521704588003 0.888864938883183 -6.62164405873703
"HP252" -0.182568138858852 0.395237456647379 -0.402980780660097 0.688835111115493 0.888864938883183 -6.62181760463025
"IGHA1" 0.286760533969698 0.533600844183805 0.390813462571516 0.697745002725873 0.897992730992393 -6.62666241918369
"KRT19" -0.377741532295613 2.96099265043905 -0.388773057309215 0.699243417447877 0.897992730992393 -6.62746043037368
"HGFAC" -0.117655039709101 0.363443167339019 -0.383736255270919 0.702947472843441 0.897992730992393 -6.62941257993358
"P23526" -0.117655039709101 0.434848844648397 -0.376474512856347 0.7083005721305 0.897992730992393 -6.63218254582275
"CLeC11A" 0.084345237306641 0.313556625083039 0.371413572987864 0.71204015987845 0.897992730992393 -6.63408192614969
"P02647" 0.261957874558335 0.803771327597334 0.367390326399482 0.715018101997539 0.897992730992393 -6.63557362910165
"P62937" 0.126829783715712 0.554483106393435 0.367077376926481 0.715249930805468 0.897992730992393 -6.63568898473002
"ACTA1" -0.497423128525161 2.17781526642366 -0.366067567117753 0.715998169420959 0.897992730992393 -6.63606054215016
"FTH1" -0.117655039709101 0.282484824372127 -0.360579753743732 0.720069384354348 0.897992730992393 -6.63806198030793
"P37802" -0.117655039709101 0.354293361291635 -0.354470085954826 0.724611592466069 0.897992730992393 -6.64025485148002
"P02675" -0.117655039709101 0.361465457081215 -0.350071914375046 0.727887616400097 0.897992730992393 -6.64181036593226
"MSN" -0.386703632359346 1.31140299204594 -0.349679129657803 0.728180437244033 0.897992730992393 -6.64194834375866
"F5" 0.313132620356445 4.62038982616386 0.349313425975852 0.72845310603574 0.897992730992393 -6.64207667003374
"PIP" -0.117655039709101 0.463104733121213 -0.34911628710925 0.72860010757121 0.897992730992393 -6.64214579111964
"PYGL" -0.117655039709101 0.289094199092255 -0.336909299129131 0.737722438900166 0.897992730992393 -6.64635020265759
"P02656" -0.117655039709101 0.312947293834637 -0.335430192027516 0.738830408816655 0.897992730992393 -6.64684953481888
"FLNC" 0.126829783715711 0.271711608969947 0.334305517766541 0.739673255308219 0.897992730992393 -6.64722775080886
"PGK1" -0.29100569879184 1.44964417635107 -0.328607745768592 0.743948189197081 0.897992730992393 -6.64912442688824
"PLeK" -0.117655039709101 0.356570434842956 -0.327130930698078 0.745057554300184 0.897992730992393 -6.64961073448927
"P18065" -0.117655039709101 0.31297054960441 -0.320357990164755 0.750152269786001 0.897992730992393 -6.65181310008896
"P27348" -0.117655039709101 0.290054174300835 -0.320136156728064 0.750319328467023 0.897992730992393 -6.6518844582568
"MYH14" -0.117655039709101 0.505922711842503 -0.31918634542626 0.751034750567685 0.897992730992393 -6.65218943198875
"GPLD1" 0.272919634304243 1.27736996011665 0.319087760317811 0.751109020065338 0.897992730992393 -6.65222103488376
"TRPC4" -0.117655039709101 0.269665615237759 -0.31547747449721 0.75383047926553 0.897992730992393 -6.65337166959591
"KRT10" -0.53541260433021 1.86919749840774 -0.308868480178444 0.7588205558865 0.897992730992393 -6.65544424845033
"P49747" -0.117655039709101 0.476961206766378 -0.303002756838906 0.763258146376568 0.897992730992393 -6.65724713747323
"TUBA1C" 0.198789097469482 0.335330475246119 0.302032399092701 0.76399303005813 0.897992730992393 -6.65754206811509
"AMY2A" -0.117655039709101 0.570364073266519 -0.301433029404914 0.764447062129881 0.897992730992393 -6.65772376987317
"BCL2L14" -0.117655039709101 0.278345186011782 -0.299762744806187 0.765712770227826 0.897992730992393 -6.65822822774736
"DDBX" -0.197781695519982 1.09075362379658 -0.29580179998278 0.768716872822821 0.897992730992393 -6.65941334758451
"P05452" -0.117655039709101 0.63467875107243 -0.29290912408872 0.770913039204076 0.897992730992393 -6.66026891846091
"CATHL2" -0.117655039709101 0.348458948683919 -0.290900687861258 0.772438994308301 0.897992730992393 -6.66085802975663
"THeMIS" -0.117655039709101 0.314023317558594 -0.289381603923615 0.77359375734239 0.897992730992393 -6.66130092279661
"P05543" -0.117655039709101 0.424580065328214 -0.284572547779625 0.777252863680047 0.897992730992393 -6.66268778171425
"HBe1" -0.117655039709101 0.355476418673161 -0.284547520492853 0.777271919836648 0.897992730992393 -6.66269493863508
"Q3SWY2" 0.190979230169937 0.975216442046511 0.28329069746488 0.778229061778268 0.897992730992393 -6.66305353904616
"LPA" 0.126829783715711 0.288490087895019 0.282375034169409 0.778926610255677 0.897992730992393 -6.66331380275736
"Q86UX7" -0.117655039709101 0.290262389270065 -0.280740289142364 0.78017240931399 0.897992730992393 -6.66377636716618
"P23528" 0.084345237306641 0.716620014092231 0.279925068735992 0.780793886957482 0.897992730992393 -6.66400604031113
"P08697" -0.117655039709101 0.422768746850354 -0.276033642651508 0.783762475746417 0.897992730992393 -6.6650932050271
"P00338" -0.117655039709101 0.339952528327364 -0.27276368610058 0.786259492442405 0.897992730992393 -6.66599501904705
"FLNB" -0.117655039709101 0.413331594768217 -0.270996355632022 0.787610015942581 0.897992730992393 -6.66647796806446
"S100A12" -0.117655039709101 0.286516449992109 -0.267241833380259 0.790481257726762 0.897992730992393 -6.66749356113531
"HSP90AA1" -0.26250372849559 2.00619567514892 -0.265415091950608 0.791879309879387 0.897992730992393 -6.66798258444267
"ANG1" -0.117655039709101 0.327357710119103 -0.264074606786252 0.792905657907566 0.897992730992393 -6.66833930858581
"PGLYRP1" -0.215448448743358 1.52650722953648 -0.262582896978424 0.794048227471655 0.897992730992393 -6.66873415915909
"ARG1" 0.185400825406071 0.789853158760867 0.262132410339562 0.794393365929545 0.897992730992393 -6.66885296306074
"P51884" -0.117655039709101 0.355631198281322 -0.261322647079177 0.79501386718611 0.897992730992393 -6.66906600528704
"P02649" -0.117655039709101 0.591694934187602 -0.259995024814954 0.796031480525363 0.897992730992393 -6.66941387014047
"B2M" -0.117655039709101 0.513877245340613 -0.258074356491379 0.797504293534601 0.897992730992393 -6.66991399906568
"LDHB" -0.226630792382701 1.58525526685111 -0.251173033979155 0.802802499202693 0.897992730992393 -6.67168054302119
"TUBA1A" 0.198789097469482 1.19948842838369 0.251063057226773 0.802887005882465 0.897992730992393 -6.6717083074825
"IGFBP4" -0.117655039709101 0.316080397760248 -0.249030483758613 0.80444927300042 0.897992730992393 -6.67221926298804
"PFKL" -0.0963358409672809 0.353274024389126 -0.247870795329389 0.805340989325655 0.897992730992393 -6.67250893375375
"P35580" -0.117655039709101 0.441271939685429 -0.247244757270872 0.805822476007719 0.897992730992393 -6.67266474714719
"ReG1" -0.117655039709101 0.282004772270175 -0.244371838583843 0.808033014094244 0.897992730992393 -6.6733747426806
"Q32Le4" -0.117655039709101 0.358614391703744 -0.243239470082347 0.808904739785299 0.897992730992393 -6.67365231536445
"LOX" -0.117655039709101 0.69202037673911 -0.242447718090939 0.809514395977544 0.897992730992393 -6.67384563033264
"IGFBP3" 0.188539334497179 1.43521702137938 0.240586761416704 0.810947819083996 0.897992730992393 -6.6742975281301
"P06733" -0.117655039709101 1.00307738353785 -0.238989757777236 0.812178451841127 0.897992730992393 -6.67468256084986
"IGLC3" -0.117655039709101 0.303549571080174 -0.238969015766254 0.812194438558189 0.897992730992393 -6.67468754485913
"P02763" -0.117655039709101 0.32012740065791 -0.238616490410333 0.812466156644227 0.897992730992393 -6.67477218568592
"PGM1" -0.102205944677698 0.393637497378766 -0.236477807385875 0.814115101071579 0.897992730992393 -6.67528300854539
"PGK2" 0.084345237306641 0.431077244658023 0.236424991977131 0.81415583304229 0.897992730992393 -6.67529556542152
"CD44" -0.117655039709101 0.274022207389356 -0.235964330538101 0.814511123485544 0.897992730992393 -6.6754049691636
"GDF6" -0.117655039709101 0.295749412812816 -0.231898552177958 0.817648602870084 0.897992730992393 -6.67636133204382
"Q08380" -0.117655039709101 0.393787616540834 -0.23007222739931 0.819058927108125 0.897992730992393 -6.67678552760194
"ACO2" -0.117655039709101 0.361765483052936 -0.229470105612508 0.819524030324862 0.897992730992393 -6.67692464736932
"eDIL3" -0.117655039709101 0.874239341804051 -0.228084140031142 0.820594855176338 0.897992730992393 -6.67724349146789
"P02753" -0.117655039709101 0.304305999228133 -0.227415391343109 0.82111166756242 0.897992730992393 -6.67739664913122
"CDH1" -0.131928023846902 0.600999147693407 -0.22639761817691 0.821898361728149 0.897992730992393 -6.67762887974586
"COL10A1" -0.117655039709101 0.836743477537966 -0.226134739460862 0.822101585584516 0.897992730992393 -6.67768869326908
"NCAM1" -0.117655039709101 0.308761910501216 -0.225557991368882 0.822547495872335 0.897992730992393 -6.6778196794292
"RASA1" -0.117655039709101 0.310522415542501 -0.22158014816861 0.825624552944019 0.897992730992393 -6.67871400429624
"Q9BQe3" 0.198789097469482 0.969807632327124 0.220868809420639 0.826175101678246 0.897992730992393 -6.67887225863375
"Q7Z3Y7" -0.117655039709101 0.378250244393938 -0.217940385736968 0.828442515602794 0.897992730992393 -6.67951840854524
"POTeI" -0.117655039709101 0.510637212644928 -0.217754680734409 0.82858635291482 0.897992730992393 -6.6795590937458
"KRT24" -0.117655039709101 0.307843755544185 -0.216851290467833 0.829286156030914 0.897992730992393 -6.6797565193997
"P11021" -0.117655039709101 0.437578763486024 -0.216715536924593 0.829391328397025 0.897992730992393 -6.67978611600336
"P34931" -0.117655039709101 0.704760182144938 -0.216380137801515 0.829651185755347 0.897992730992393 -6.67985915947487
"P54652" -0.117655039709101 0.339616098038885 -0.213861224610563 0.83160337871225 0.897992730992393 -6.68040412232415
"H2B1" -0.126807188977156 0.855501407010386 -0.213435311136511 0.831933574074021 0.897992730992393 -6.68049563860527
"ACTN1" -0.168600772784159 0.758090282966487 -0.212999718273109 0.83227130521139 0.897992730992393 -6.68058904637571
"H2BC12" -0.126807188977156 0.94148834362549 -0.212049879368363 0.833007861023669 0.897992730992393 -6.68079206775362
"P01042" -0.117655039709101 0.328975594078848 -0.21176206124474 0.833231080497034 0.897992730992393 -6.68085340807646
"LGALS3BP" 0.126829783715712 0.705418077214483 0.210694068253401 0.834059491597224 0.897992730992393 -6.68108029397341
"HMGB1" -0.148421206635757 1.37648863820139 -0.208601371575073 0.835683286497054 0.897992730992393 -6.68152154962966
"CHI3L1" -0.117655039709101 0.759499594345939 -0.208133255570063 0.836046613014736 0.897992730992393 -6.68161965258453
"P13929" -0.117655039709101 0.395447519903641 -0.207901342249608 0.83622662507814 0.897992730992393 -6.68166817311637
"Q00610" -0.117655039709101 0.270744400877645 -0.206981740937113 0.836940510494012 0.897992730992393 -6.68186003911317
"NeFH" -0.117655039709101 0.384919047854502 -0.206720475585005 0.837143355810527 0.897992730992393 -6.68191439476681
"P80209" 0.0843452373066409 0.368808821772609 0.203275654284808 0.83981894131155 0.897992730992393 -6.68262467349803
"CATHL3" -0.117655039709101 0.337409403174493 -0.199929324905899 0.84241986073932 0.897992730992393 -6.68330323651596
"SPON1" -0.117655039709101 0.468705315670895 -0.199617636887373 0.842662209756174 0.897992730992393 -6.68336586770118
"DYNC1H1" -0.117655039709101 0.327439591398445 -0.199356348183477 0.842865383295877 0.897992730992393 -6.68341829639055
"P02749" -0.117655039709101 0.451919943200276 -0.198016216940579 0.84390761551298 0.897992730992393 -6.68368612197255
"O43707" -0.117655039709101 0.363742985490342 -0.197522259339718 0.844291842143213 0.897992730992393 -6.68378438468518
"MPV17L" -0.117655039709101 0.315558794847105 -0.197491236450739 0.844315974683195 0.897992730992393 -6.68379054787451
"BRN" -0.117655039709101 0.463884710841 -0.195913157825872 0.84554375227262 0.897992730992393 -6.68410278333247
"P00751" -0.117655039709101 0.338174304148422 -0.19427385655466 0.846819572747365 0.897992730992393 -6.68442448403998
"MAP4" -0.117655039709101 0.337161908363979 -0.189136062130335 0.850820841064935 0.897992730992393 -6.68541525444389
"GAL3ST4" -0.117655039709101 0.370598323564226 -0.186301625880211 0.853029981321689 0.897992730992393 -6.68595049878779
"MAML2" -0.117655039709101 0.395914935966484 -0.186246176907475 0.853073209810861 0.897992730992393 -6.68596088909159
"LASP1" -0.117655039709101 0.588559131748599 -0.184511195899739 0.854426045310277 0.897992730992393 -6.68628443837646
"NACA" -0.117655039709101 0.816083855863542 -0.18409732067857 0.85474882619523 0.897992730992393 -6.68636117355988
"Q06033" -0.117655039709101 0.590504811827602 -0.182838307620238 0.855730883424379 0.897992730992393 -6.68659354503359
"RNASe4" -0.117655039709101 0.790744822982162 -0.182301073464815 0.856150007965759 0.897992730992393 -6.68669221571933
"PF4" -0.117655039709101 0.493140774575256 -0.181238762083376 0.856978896061272 0.897992730992393 -6.68688647084763
"HP20" -0.102205944677698 0.680981753881348 -0.18117591327699 0.857027940119428 0.897992730992393 -6.68689792791389
"F12" -0.117655039709101 1.40352742793015 -0.181019349610145 0.857150117036291 0.897992730992393 -6.68692645154084
"MAPRe2" -0.0706593081922677 0.42282012260482 -0.180526184548457 0.85753498923451 0.897992730992393 -6.68701613811369
"Q14533" -0.117655039709101 0.451527797045678 -0.178690460950238 0.858967917731832 0.897992730992393 -6.68734783385263
"KRT40" -0.117655039709101 0.28844792166748 -0.173805546595383 0.862783307922461 0.897992730992393 -6.68821399508218
"P78385" -0.117655039709101 0.434649580733642 -0.172726164705024 0.863626814847921 0.897992730992393 -6.68840215008042
"CLTC" -0.117655039709101 0.392360977696785 -0.172373642427361 0.863902336041396 0.897992730992393 -6.68846334724682
"HBD" -0.117655039709101 0.814906290238242 -0.172027333102124 0.864173018018981 0.897992730992393 -6.68852334427589
"KRT33A" -0.117655039709101 0.335776781552413 -0.170727652329197 0.865189019919947 0.897992730992393 -6.68874743525443
"HMGB2" -0.125386768937698 1.45785418284916 -0.170373279452879 0.865466084515099 0.897992730992393 -6.68880824175322
"IGHG4" -0.117655039709101 0.354738482674643 -0.16892035056139 0.866602227657475 0.897992730992393 -6.68905622916282
"KRT86" -0.117655039709101 0.501964950096177 -0.16672569410332 0.868318916834074 0.897992730992393 -6.68942679344142
"KRT33B" -0.117655039709101 0.421834264019887 -0.166651066196733 0.868377303090666 0.897992730992393 -6.68943930915769
"Q9NY65" -0.117655039709101 0.771076784687933 -0.162312957052233 0.87177255137414 0.897992730992393 -6.69015722738547
"RAP1A" -0.117655039709101 0.599993751912971 -0.161641727551324 0.87229811312568 0.897992730992393 -6.69026662032672
"P00738" -0.117655039709101 0.333793307575117 -0.161541676354058 0.872376456574226 0.897992730992393 -6.69028288729199
"POTeF" -0.117655039709101 0.49537561069465 -0.154379906145697 0.87798767473373 0.902183406920894 -6.69142115888803
"P08603" -0.117655039709101 0.361869046592644 -0.152697040029159 0.879307124019571 0.902183406920894 -6.69168114871089
"IGHG3" -0.117655039709101 0.378716402118438 -0.148136413523882 0.882884608439129 0.903172889550099 -6.69237141915272
"RPS27A" -0.105897427659103 1.43074905315533 -0.147818364116135 0.883134188355644 0.903172889550099 -6.69241877740085
"IGHG2" -0.117655039709101 0.404079427542237 -0.145329381411172 0.885087756196054 0.903706107054547 -6.6927858805214
"UTP15" -0.117655039709101 0.509960648013274 -0.135891682467096 0.892501730201491 0.907493753624991 -6.69412127586607
"THBS4" 0.102587921909566 2.70759369313272 0.13553348913685 0.892783311766263 0.907493753624991 -6.69417019477055
"HSP90AB1" 0.116097636031626 1.67089272268817 0.135115497779624 0.893111919177685 0.907493753624991 -6.6942271172521
"ADORA1" -0.117655039709101 0.406560103967575 -0.131386144993619 0.896044613495424 0.908581600312353 -6.6947272079696
"KRT17" 0.176982035832198 3.15566229471789 0.129194380168719 0.897768864552603 0.908581600312353 -6.69501458950445
"KRT83" -0.117655039709101 0.457778587254636 -0.127390582328119 0.899188278341793 0.908581600312353 -6.6952474774351
"P02765" -0.117655039709101 1.06939274474532 -0.126432723974488 0.899942155618417 0.908581600312353 -6.69536981620181
"P02751" -0.117655039709101 0.622009498720353 -0.123013891421499 0.902633685075596 0.909843219301439 -6.69579894930847
"Q0VCM4" 0.0789517596025089 0.998684414612892 0.10868887624377 0.913923486393145 0.919740736173956 -6.69746920487655
"RAP1B" 0.0800150032481231 1.39753022001263 0.106857768908571 0.915367959298327 0.919740736173956 -6.69766782787198
"GC" -0.0165620946767593 4.99867536177431 -0.0525939912659216 0.958283860929346 0.961330868436275 -6.70202251809318
"CPN1" 0.0462132594879541 2.23358421359915 0.049163858202911 0.961002233045472 0.962527633415386 -6.70219820526869
"ALB" 0 7.83356785233269 0 1 1 -6.70341485728306
