"logFC" "AveExpr" "t" "P.Value" "adj.P.Val" "B"
"P63261" 5.31166092502087 2.45979019689723 19.9220765511383 3.25968360249786e-24 1.02843017658808e-21 43.6044167391084
"P60709" 5.31166092502087 2.45979019689723 19.9220765511383 3.25968360249786e-24 1.02843017658808e-21 43.6044167391084
"P13645" 5.82590807776046 2.97643993189695 18.0702686931593 1.74135222643096e-22 3.66264418292646e-20 40.0251166050681
"P02768" 6.10882987808674 3.23301415862248 15.8188727002968 3.39979962510211e-20 4.94626999214641e-18 35.1799491102498
"KRT1" 6.06358772015129 3.24960602826261 15.7611140778524 3.91938985114613e-20 4.94626999214641e-18 35.0479046237109
"KRT9" 4.61684065997622 2.75795260815414 12.6164882115831 1.61580929742257e-16 1.6992927777894e-14 27.2138591358989
"TLN1" 5.1387608988586 2.71389669310979 11.9886713881034 9.84591229612462e-16 8.87538665550662e-14 25.4897155248783
"eeF1A1P5" 3.57944494723673 1.86671378928113 10.0796783502351 3.27491264831659e-13 2.58308735135971e-11 19.9076000387674
"KRT14" 5.48053140614955 2.44276934440136 9.77862006171181 8.53624420736379e-13 5.98485566094061e-11 18.9816043553875
"P68366" 4.18472826187195 1.76508982753113 9.59002294229428 1.56441726273851e-12 9.87147292787998e-11 18.3954826917129
"KRT16" 5.06315353308757 2.30697925096178 8.40608739614546 7.6913768756644e-11 4.41205346231294e-09 14.6176255133058
"PKM" 3.14640778289772 1.39826985526521 8.31539490957949 1.04279318152543e-10 5.48335414618791e-09 14.3218805759764
"POTee" 4.01056723746038 1.22222899345803 7.66794445918272 9.35114070914155e-10 4.53889983651409e-08 12.1891766902252
"FLNA" 4.49275513171474 1.75658537855711 7.49592802736674 1.68369051099153e-09 7.58863366025466e-08 11.6171458353309
"P06733" 3.62247313914204 1.00307738353785 7.35823964888035 2.6993472717674e-09 1.08795648543046e-07 11.1579632675369
"Q04695" 4.45140487631649 2.00730714342483 7.3519043502208 2.75868522454633e-09 1.08795648543046e-07 11.1368100529991
"P11142" 3.57925466624305 1.29353643577238 7.33065148148843 2.96748437640372e-09 1.10146037735926e-07 11.0658325025238
"P13647" 4.84606358918644 2.44539382196407 7.28600019284744 3.45933929564447e-09 1.21269060863981e-07 10.9166367964483
"P68371" 4.10614199345543 1.45345865388749 7.21609513259238 4.39900533012367e-09 1.39756078559461e-07 10.682865464567
"TUBA1B" 4.09478186211654 1.66164867095912 7.21407533927666 4.42966968492745e-09 1.39756078559461e-07 10.6761076737408
"P63104" 2.48186030175799 0.884129142970355 7.00047779428716 9.24344628425665e-09 2.77743552636474e-07 9.96053223266705
"TUBB1" 2.64524757173591 1.29215683445709 6.83652378339107 1.6274885526298e-08 4.66793307595183e-07 9.41028360690863
"P19823" 2.66996597100404 1.72378064659439 6.65645325714518 3.03155966581797e-08 8.3170180397006e-07 8.80536513817574
"MYH9" 4.26563335254989 1.83979858127324 6.59938462327013 3.69253551138808e-08 9.70829128202449e-07 8.61359323119083
"KRT13" 3.17392004353057 1.5651524960697 6.4866911598848 5.45129803908433e-08 1.37590762506488e-06 8.23490673204533
"CAPN1" -3.12185766452979 0.388832623725532 -6.46206013115552 5.93576819127339e-08 1.42386701870924e-06 8.15214857786511
"LOX" -3.13131744815637 0.69202037673911 -6.45259881600404 6.13310552649057e-08 1.42386701870924e-06 8.1203609954237
"TUBB" 4.00503495041437 1.37916446976825 6.4439939525418 6.31826886273515e-08 1.42386701870924e-06 8.09145175042387
"SeRPINA5" -2.4997598621164 4.39741935957571 -6.4161202653343 6.95730736247733e-08 1.5138141192149e-06 7.99781262432858
"P01024" 4.30982492336267 2.16965196404416 6.33528808602131 9.1996027548373e-08 1.93498311276744e-06 7.72633494514532
"P07900" 3.54194156647598 1.26570801424459 6.29196496952227 1.06851996539158e-07 2.17495515536157e-06 7.58088822142215
"P02788" 2.53107468775194 1.24423163318215 6.05893185146662 2.38882608702315e-07 4.71046644034878e-06 6.79955769634371
"KRT6C" 5.60412259334061 2.16427141361773 5.95237264906877 3.44903906628761e-07 6.59498076008329e-06 6.4430772163427
"P23528" 1.77531150140372 0.716620014092231 5.89190581385803 4.2473232630297e-07 7.88253229109336e-06 6.24108467414593
"HABP2" -3.31252252158452 1.13805930585204 -5.87396392026155 4.51781730818314e-07 8.14176151630198e-06 6.18119410318171
"CHI3L1" -3.312397671453 0.759499594345939 -5.85967343861157 4.74547586217648e-07 8.14176151630198e-06 6.13350763589302
"P15311" 2.60416448697288 0.776083929513556 5.85792566782446 4.77409153887755e-07 8.14176151630198e-06 6.12767639682633
"POTeI" 3.15593707145849 0.510637212644928 5.84097435275585 5.06069605133694e-07 8.40341896945687e-06 6.07113136693325
"COL10A1" -3.01213110304942 0.836743477537966 -5.78936086285942 6.04308283801686e-07 9.77739813022727e-06 5.89909127952661
"APOH" -2.68122473754486 3.60746490795528 -5.70863524526624 7.97294221557959e-07 1.25773163450768e-05 5.63043170923245
"P04406" 2.94137637011441 1.46040235764334 5.56345822968588 1.31086029342009e-06 2.0174459637758e-05 5.14873305451285
"KRT6A" 4.39413344244627 2.4219735959836 5.49013465086336 1.68394866492141e-06 2.52993239896526e-05 4.90625275159842
"C4A" 3.10496817299603 1.69571761681544 5.47397421347513 1.77939897458263e-06 2.60580112745716e-05 4.85289022667352
"ANXA5" -2.61252075031532 0.794981727204845 -5.46783650136441 1.81704040583384e-06 2.60580112745716e-05 4.83263104490104
"KRT3" 2.97399477881182 1.58048859238809 5.43338350679167 2.04346467901348e-06 2.8653915832389e-05 4.71899131415202
"MST1" -3.54954925934222 1.60785553826297 -5.32376293362935 2.96681204563487e-06 4.06969217564261e-05 4.35839259140525
"KNG1" -2.46580156900129 4.54464354662345 -5.29541320882697 3.26642471822263e-06 4.38534893020953e-05 4.26539153073212
"APOA2" -2.66858574260782 2.08661494538222 -5.28079076838799 3.43247828839963e-06 4.51227874995868e-05 4.21746594586137
"P01023" 4.78410573125282 2.29391897658004 5.21949883589241 4.22429194949012e-06 5.43985351046585e-05 4.01691037889722
"KRT2" 3.51019952431936 2.86031237617989 5.19449314520827 4.59698696541409e-06 5.80139755035258e-05 3.93524681515447
"CKM" -3.21943935107377 1.31106230670835 -5.07586786680065 6.85767188203076e-06 8.4846881520812e-05 3.54917271595815
"CATHL4" -3.09095949219717 0.921576588262768 -5.03866651815438 7.77095326954379e-06 9.42975290977333e-05 3.42857645915612
"IGFBP3" -3.88029900382263 1.43521702137938 -4.95147908073326 1.04081830118736e-05 0.00012391629208476 3.1468975852834
"S100A9" 2.56932527245841 0.734901277775447 4.87700760185256 1.33459981765752e-05 0.000154365002585059 2.90742350713144
"P50395" 1.39803093785729 0.305060164883725 4.86737144233946 1.37813936949599e-05 0.000154365002585059 2.87651610763326
"KRT79" -4.09317249043564 2.41563447401021 -4.86565883115316 1.3860225947608e-05 0.000154365002585059 2.87102495019993
"TUBA1A" 3.84849515935824 1.19948842838369 4.86050277772025 1.41002514195821e-05 0.000154365002585059 2.85449660843174
"P08238" 3.14734755343653 1.08591880466753 4.8586211796347 1.41888591916536e-05 0.000154365002585059 2.84846625225238
"P06396" 3.63439702229274 1.8637240805787 4.82133379808935 1.60622548467898e-05 0.000171784454378379 2.72911184037743
"APOD" -2.69605618304306 2.04941190125326 -4.77706883569747 1.86039338932228e-05 0.000195651371443727 2.58779719708376
"P07996" 2.95539152046925 1.8511055360765 4.66948636927727 2.65460210083448e-05 0.000274599004201075 2.24611961218327
"VTN" 1.52608514358019 1.30500717022259 4.59340231904966 3.40871584312914e-05 0.000343780342649575 2.00608491235754
"CFH" -2.70385266736247 4.64711187182647 -4.59129420518408 3.43235524356945e-05 0.000343780342649575 1.99945387488521
"CFD" -2.67621684979525 1.75420206290034 -4.5270823404994 4.23464259078634e-05 0.00041750929293534 1.79800415848271
"Q5XKe5" 2.83596789679197 1.3958302434628 4.46887620355599 5.11881606204828e-05 0.000496918913100379 1.61630388710632
"P68104" 2.03136119702234 1.79940580014137 4.43707400504784 5.67575407475802e-05 0.000540060024530619 1.51740524711567
"C4BPA" -3.48147680946954 1.09352212121896 -4.43390507244316 5.7343932874091e-05 0.000540060024530619 1.50756538805519
"P02771" 1.97371897362527 1.20445681963199 4.42430495734386 5.91567643382637e-05 0.000548939974962417 1.47777269519884
"IGFBP4" -2.08716944250862 0.316080397760248 -4.41773524737428 6.04295169458993e-05 0.000552623553519746 1.4573989488816
"P61204" 1.3870091086033 0.540338427439164 4.38154882574555 6.79344019054779e-05 0.000612380108605093 1.34539223346336
"FBLN1" 2.23362665360923 1.2055395696611 4.34297903021792 7.69356218433322e-05 0.000683751794128769 1.22641272113044
"COL6A1" 1.52957132793749 0.906037327762269 4.27943999284363 9.43619907124159e-05 0.000820037008638078 1.0313449548003
"APOA4" -3.23583218030171 2.28641850567132 -4.27776613559816 9.48695746918855e-05 0.000820037008638078 1.02622223024695
"Q13509" 3.02058243514158 0.919595553811429 4.24965480562903 0.000103802602515019 0.000885127597121312 0.940315248442436
"DSP" 3.37988140825927 1.36211428931009 4.20748061575829 0.000118760157811303 0.000999168794385763 0.811884629163595
"GDF6" -2.0869681994089 0.295749412812816 -4.11342263859632 0.000160065858436733 0.00132896785096814 0.527473013449649
"ADIPOQ" -1.93045822221223 2.93752513994763 -4.10583158203631 0.000163950828783264 0.00134354510340571 0.504644183856763
"KRT6B" 3.98019226759339 2.22641661277503 4.09823559217956 0.000167929942314967 0.00135851017436852 0.481819589513755
"P31946" 1.37872809041376 0.416300648724564 4.04745607284692 0.000197044136491223 0.00155642728820124 0.32973239768657
"IGFBP2" -4.32468254676802 2.40775523204748 -4.04699721217429 0.000197328340817907 0.00155642728820124 0.328362066434042
"P62258" 1.6898974647147 0.499107347535886 4.02792456775909 0.000209499589518124 0.00163202766649304 0.27146782749107
"P68032" 2.93700170077833 1.87318986533482 4.00769432966604 0.00022320453601667 0.00171758612471365 0.211257807078655
"P84077" 1.3870091086033 0.497523308665411 3.98617723970364 0.000238734138285515 0.00181495471395374 0.147374730619974
"F12" -2.58666562292227 1.40352742793015 -3.97974051836636 0.000243579701785335 0.0018297475217446 0.128296163578218
"QSOX1" 1.00034977449406 0.805070645396471 3.97462390979962 0.000247499309023066 0.00183731839992417 0.113140917347486
"GARIN1B" -2.19844048995378 0.931787480834391 -3.96162731486233 0.000257732016885306 0.001891033751798 0.074687304544975
"CLeC3B" -2.45587747895902 2.73407577761207 -3.95620005337955 0.000262125286761312 0.00190116156260216 0.0586473042962004
"HBA1" 2.25092790881618 1.70191375070829 3.92647913237421 0.000287499249223116 0.00206150029840666 -0.0290029305789403
"LTF" -4.25759814089821 2.26415786302272 -3.89610460246375 0.000315879887530027 0.0022395529104657 -0.118247528410713
"SeRPINA3-7" -1.62761349314774 4.02428387310896 -3.88486702977396 0.000327051193866797 0.00229299225922165 -0.151178635157708
"TPI1" -2.34666201329413 1.16634827998241 -3.85928900886772 0.000353919763859829 0.0024541029779731 -0.225957504952516
"CAPNS1" -2.10038223995067 0.739184125827107 -3.84214825534414 0.000373105189794288 0.0025590149430456 -0.275931244781273
"KNG2" -2.64834652049092 4.12277039415999 -3.82202901393181 0.000396906244298311 0.00269298752851865 -0.334445625783649
"LYSM" -1.75499282916344 1.03729602438514 -3.80336130453676 0.00042029537194311 0.00280255850139078 -0.38859882512913
"DYNC1H1" 2.24389549058864 0.327439591398445 3.80208796678107 0.000421938284678485 0.00280255850139078 -0.392287724940516
"TUBB2A" 2.40510628958436 0.306442143454817 3.76206269837522 0.000476854269569378 0.00310337185622356 -0.507918048519692
"P00558" 1.72780533458566 0.750630568987068 3.76191886921143 0.000477063502462258 0.00310337185622356 -0.508332420401522
"FLNB" 1.62739299249244 0.413331594768217 3.74839506439288 0.000497136989899562 0.00320095347578187 -0.547257672961968
"APOB" 3.12484218887085 1.56865439369341 3.74265272337181 0.000505904162060833 0.00322450026525642 -0.563763600258883
"SPON1" -2.19315682178821 0.468705315670895 -3.72098622524982 0.000540343027685009 0.00340956450469241 -0.625922770294188
"P05109" 1.75571806423076 0.687321161041491 3.66903382310587 0.000632350502425367 0.00393455793589941 -0.774189185032226
"KRT8" 2.69623295181516 1.37402142304736 3.66711903404823 0.000636014119590713 0.00393455793589941 -0.779632476877441
"TCN2" -1.98872283656824 0.440545433393437 -3.6309319783067 0.000709207340791714 0.00434475565086963 -0.882214689260557
"P01008" 2.47281354760365 1.58182119686144 3.60975873120962 0.000755711748101314 0.0045851357024224 -0.941979069864701
"F10" -2.46520671716411 1.80481524069034 -3.58094986919624 0.000823702662004625 0.00495006075928494 -1.0229870092804
"SeRPINB3" 2.35599268054276 0.783301319974117 3.57320542912779 0.000842956699296242 0.00501797808732008 -1.04470236882283
"P12814" 2.33635642873164 0.537805322538134 3.47075948376431 0.00114186008546811 0.00673377302738671 -1.32946086228502
"P37802" 1.14720055048355 0.354293361291635 3.45627589555665 0.00119152858430413 0.00696161608051766 -1.36933710714019
"S100A7" 1.33687034345467 0.524428888572263 3.44049637696093 0.00124798516341695 0.00715474539154749 -1.41267129580905
"NACA" -2.19855785933766 0.816083855863542 -3.44012982581626 0.00124932646219807 0.00715474539154749 -1.41367655975965
"KRT78" -2.9884490947943 1.21398713660327 -3.43760570420467 0.00125860021943228 0.00715474539154749 -1.42059725205149
"P61981" 0.92070745610127 0.3862453650712 3.43354990761172 0.00127363901769586 0.00717559125148295 -1.43171132376727
"CDH1" -1.9940849937605 0.600999147693407 -3.42198783750143 0.00131745675628719 0.00723901086065838 -1.46335271277954
"HNRNPK" -1.72973732352758 0.431388864781368 -3.42133372518198 0.00131997815353481 0.00723901086065838 -1.46514092570485
"ACTBL2" 1.99116557372801 0.466625960054164 3.41970775584282 0.00132626568874013 0.00723901086065838 -1.46958513462096
"VASP" -1.76011612905998 0.502140227184709 -3.41854361373883 0.00133078488088173 0.00723901086065838 -1.47276628560809
"KLKB1" -2.41426692638412 2.45522538487941 -3.40549511946415 0.00138245315676254 0.00745579437536036 -1.50837925115485
"AMY2B" 1.75895229939948 0.74822742113586 3.36091408112356 0.00157377154362705 0.0082584872162681 -1.62944487589541
"POSTN" 2.03021585792908 0.858096457429997 3.36063545590499 0.00157504289030951 0.0082584872162681 -1.6301985334874
"P61224" 1.12330953478495 0.922756113454085 3.35871619712837 0.00158382689350492 0.0082584872162681 -1.63538895116184
"TUBB4B" 3.40521348355739 1.99452773543662 3.35670252347577 0.00159309306572276 0.0082584872162681 -1.64083279714782
"IGFBP6" -1.73939229930245 0.599377808165143 -3.35591561375292 0.00159672811471428 0.0082584872162681 -1.64295962964581
"eIF4A1" 1.22591825941892 0.281091213558205 3.33311916098452 0.00170552161044307 0.00874946452186649 -1.70444313036191
"CATHL3" -1.95617370377768 0.337409403174493 -3.32409464959527 0.00175050572944333 0.00890781544579628 -1.72871306371104
"P62979" 1.15018778515793 0.649622135978336 3.30314289046922 0.00185932538543421 0.00938587454567188 -1.7849056220636
"P26038" 1.92753145425107 1.1333406550057 3.29442707723906 0.00190645820751872 0.00954742165828822 -1.80821775576524
"MYH11" 1.44002731879115 0.652544957969425 3.28319786810945 0.00196885446979493 0.00978226118457167 -1.83819699463363
"CATHL2" -1.31943492798693 0.348458948683919 -3.26228718369023 0.00209023931588126 0.0103042266275084 -1.89385599907884
"IGFBP5" -2.00094135414405 0.517686905947146 -3.25812797330286 0.00211521373323453 0.0103465105865968 -1.90490066736586
"Q9BUF5" 1.84792415296232 0.589043054365598 3.23541467615327 0.00225665836303181 0.0109534725159467 -1.96506132833879
"LBP" -2.43229654985549 1.85962211188047 -3.23227213689994 0.0022769189118427 0.0109674491097156 -1.9733643938956
"ORM1" -1.43238688217225 3.86425014046426 -3.22660507339996 0.00231389120325266 0.0110611011307002 -1.98832493931413
"ACO2" -1.65071739869311 0.361765483052936 -3.21949911156429 0.00236105354879515 0.0111192797612803 -2.0070609146251
"H4C1" 1.33213779022589 0.852768548672937 3.21946157849699 0.00236130505231627 0.0111192797612803 -2.00715980794218
"RNASe4" -2.07324729398642 0.790744822982162 -3.21240134027603 0.002409067814405 0.0112601614139967 -2.02574952641774
"MDH1B" -3.14953538567957 1.30473120409333 -3.20710347239781 0.0024455062394186 0.0113464296843613 -2.03968211569816
"A1BG" -1.13511405459104 4.15117798268516 -3.20388635066818 0.00246788693128429 0.0113666909024846 -2.04813562172399
"ANXA2" 1.56599666268636 1.02910085649948 3.18666653743879 0.00259100771800926 0.0117658709589605 -2.093292736774
"Q00610" 1.8113378734274 0.270744400877645 3.18655169718438 0.00259184796084867 0.0117658709589605 -2.09359337838013
"AMY1A" 1.75895229939948 0.755503261094872 3.17779905479301 0.00265665016258993 0.0118052552999595 -2.11648688190063
"AMY1B" 1.75895229939948 0.755503261094872 3.17779905479301 0.00265665016258993 0.0118052552999595 -2.11648688190063
"AMY1C" 1.75895229939948 0.755503261094872 3.17779905479301 0.00265665016258993 0.0118052552999595 -2.11648688190063
"APOe" -1.92011214036485 3.49230270079397 -3.17497726833508 0.00267786583422687 0.0118163170727074 -2.12385908806941
"P35900" 1.07051984456024 0.909107359925009 3.17132983707802 0.00270552609753343 0.0118554650523861 -2.13338223049663
"GSN" -1.10698884091104 4.6420356331314 -3.16425938075261 0.00275991434891212 0.0120103858907831 -2.15182283598127
"TUBA1D" 3.84849515935824 1.70209257780935 3.11674715424692 0.00315302002433507 0.0136270933928454 -2.27505833176524
"FeTUB" -1.22563790897499 4.53036562922424 -3.10745878646622 0.00323578926153087 0.0138896804355509 -2.29901017164917
"O95678" 2.79706350980296 1.40815289159792 3.10354987417402 0.0032712294486835 0.0139469309602655 -2.30907625066534
"P00338" 1.33687034345467 0.339952528327364 3.09931205344735 0.00331006407054746 0.0140177881108419 -2.3199800631828
"CLU" -2.19576578956552 3.10692691815279 -3.08803610719438 0.00341551719096075 0.0143679423166415 -2.34894576974516
"KRT71" -2.1936284615751 2.06923573706999 -3.07391864799818 0.00355199832106221 0.014843118811856 -2.38511399082375
"CHAD" -1.93258508694058 0.459959781554867 -3.06546934260618 0.00363611621090982 0.0150946666387112 -2.40670897804247
"THBS4" -2.30783169294375 2.70759369313272 -3.04897960562065 0.0038056964615813 0.0156953886748876 -2.44874183318641
"RGN" -1.68825038726212 1.02697867734299 -3.04290145865788 0.00387005522883458 0.0158571743467183 -2.46419767096518
"IQGAP1" 2.07295658983558 0.787962784654897 3.03174334770825 0.00399086900569156 0.0162466989844605 -2.49251823088789
"RASA1" -1.60820369649619 0.310522415542501 -3.02873565157929 0.00402403466250479 0.0162767043079521 -2.50014036045196
"P27348" 1.11019548436085 0.290054174300835 3.02081165803764 0.00411265323125696 0.0165291986555614 -2.52019746167317
"AMBP" -1.56638050322377 3.34141423414827 -3.00552054149496 0.00428885524740821 0.0171282763361682 -2.55880362599387
"KRT76" 2.57978991052878 1.50032032286503 2.99922197746598 0.00436347025126426 0.0173166649594198 -2.57466801481789
"O43707" 1.78459287000397 0.363742985490342 2.99601969075252 0.00440186998869574 0.0173598747679188 -2.58272521190192
"TLN2" 1.98495898644667 0.966455129892931 2.98918781058563 0.00448485305478583 0.017577281227142 -2.59989554503651
"MAPRe2" 1.16349205889065 0.42282012260482 2.97258475235033 0.00469266147072542 0.0182782060989367 -2.64151411003686
"Q9BQe3" 2.66501923922567 0.969807632327124 2.96102569981854 0.00484261618004768 0.018746569384111 -2.67039707071098
"eDIL3" 1.51258084061594 0.874239341804051 2.93226453462988 0.00523538198772914 0.0200708782796747 -2.74193371062368
"ARF1" 1.3870091086033 0.648213854274732 2.93135124500663 0.00524832791782303 0.0200708782796747 -2.74419755633633
"BRN" -1.75318029153587 0.463884710841 -2.91930620228508 0.00542188473372709 0.0206096943794084 -2.77400973067667
"Q08188" 1.78459287000397 0.494699043019943 2.89279486840399 0.00582290356217312 0.0220015098666541 -2.8393315573775
"LUM" -1.6174977212559 3.19119097981736 -2.88130809820928 0.00600509004513747 0.0225334578851151 -2.86750717653686
"FAM124B" -1.6222158108353 0.542232326333978 -2.87944654902843 0.00603510995655223 0.0225334578851151 -2.87206606611939
"P62826" 0.822608140924101 0.748294253470853 2.87348966633371 0.006132113241827 0.0227609615034873 -2.88664069125776
"SPP2" -2.23046671226626 0.907685424247359 -2.87013938223261 0.00618730521722263 0.0227937141264112 -2.89482864249693
"IGF2" -1.64182949720884 0.705943254415119 -2.86857806444229 0.0062131835653609 0.0227937141264112 -2.8986421846269
"P62937" 0.985379858306034 0.554483106393435 2.85193779462669 0.00649531184553155 0.0236909929163607 -2.939197114457
"P14923" 2.14966541257397 0.931804160540682 2.84860221485623 0.0065532781944914 0.0237650490846211 -2.94730677079567
"HMGB2" -2.09282909123286 1.45785418284916 -2.84369841115291 0.00663937029446124 0.0239396723188859 -2.9592172195403
"UTRN" 1.12365891308615 0.277898308571694 2.84036480166405 0.00669849410912611 0.0240156237662419 -2.96730580801
"AHSG" -0.875772510245661 6.27250171719331 -2.82617345500747 0.00695569715093076 0.0247968638544481 -3.0016653844429
"CL43" -1.93341004185264 0.940884828078096 -2.79847917080843 0.00748420079674273 0.0264248520101616 -3.0683709036179
"ARF3" 1.3870091086033 0.662656135431604 2.79787599302464 0.0074961149125498 0.0264248520101616 -3.06981861017762
"P02675" 0.935379940606643 0.361465457081215 2.78313829382741 0.00779273096961992 0.0272712935544593 -3.10512272228861
"P54652" 1.52980575500952 0.339616098038885 2.78072348614673 0.00784235543242992 0.0272712935544593 -3.11089484362342
"APOA1" -1.17997969075844 5.65700133956763 -2.77958328284602 0.00786588815675371 0.0272712935544593 -3.11361904447498
"APOC3" -1.85132453673975 1.19778688740857 -2.76019775991613 0.00827611501964315 0.0285367681824854 -3.15981430275094
"VCL" 2.00717546494858 0.917727114954689 2.75461054656543 0.00839796796099587 0.0287995531705891 -3.17308590824158
"LASP1" -1.75318029153587 0.588559131748599 -2.74940532100397 0.00851297908690141 0.0290361611018097 -3.18543294548941
"Q9NY65" 1.9859033594541 0.771076784687933 2.73968584337679 0.00873163612784957 0.0295629528207033 -3.2084434441815
"TGFBI" -2.27514174120321 2.44310842150736 -2.73839211305852 0.00876112864892475 0.0295629528207033 -3.21150191748307
"LRP1" 1.29211102804946 0.614868001325349 2.71923472045521 0.00920874458744366 0.0309080735887072 -3.25667039605656
"TTR" -1.11246633350387 3.61322770476154 -2.6643176774372 0.0106112682968454 0.0354270385995208 -3.38488386531532
"F13A1" -1.57266992923339 1.66628805992448 -2.6539995543052 0.0108957389671727 0.0360190056341373 -3.40876151524096
"CLTC" 1.8113378734274 0.392360977696785 2.65374868498012 0.0109027418005075 0.0360190056341373 -3.40934122292105
"CALD1" -1.52197291355376 0.613608729397705 -2.64589705799393 0.0111240130015722 0.0365586052291254 -3.42746451145978
"H2AC6" 0.633218664979591 0.321811550347599 2.64183798596015 0.0112400124637682 0.0367484345318018 -3.43681836204395
"H1-3" -1.4727840497665 1.0433624240056 -2.62330388679516 0.0117839032706252 0.03832805651425 -3.47939520096006
"H2AC4" 0.633218664979591 0.328575956505916 2.61291310353195 0.0120992697615526 0.0389522409160188 -3.50316874826611
"H2AC25" 0.633218664979591 0.328575956505916 2.61291310353195 0.0120992697615526 0.0389522409160188 -3.50316874826611
"Q0VCM4" 1.89102269547325 0.998684414612892 2.60327487008815 0.0123986830538188 0.0394008013106263 -3.52515835708999
"ACTG2" -2.98755559717948 1.10752783647369 -2.60240850185377 0.0124259262453481 0.0394008013106263 -3.52713203763979
"ACTA2" -2.98755559717948 1.10752783647369 -2.60240850185377 0.0124259262453481 0.0394008013106263 -3.52713203763979
"GC" -0.818413638500553 4.99867536177431 -2.59892487002928 0.0125360235921722 0.0395511544333032 -3.53506323011447
"PYGL" 0.905266249133781 0.289094199092255 2.59226139632442 0.0127491057166077 0.0400233119760171 -3.55021209583718
"JUP" -2.56286835611544 1.93676595742777 -2.57671860037456 0.0132590526450584 0.0414181297971874 -3.58543536712269
"KRT4" 1.34501272766943 0.841445248595557 2.57002090793269 0.0134844863626573 0.0419148319942698 -3.60056525914845
"H1-2" -1.4727840497665 1.01099196772226 -2.51786733271833 0.015363081167916 0.0475201187105637 -3.71737103633971
"RDX" 1.13899948405748 0.501332519865363 2.50586777302331 0.0158276881304788 0.0486976855330816 -3.74399115088145
"F12AI" -1.56478729221726 4.11224061514221 -2.50407632876027 0.015898135055174 0.0486976855330816 -3.74795710085509
"PRDX6" -1.72005129545741 0.846047017692961 -2.48972485952028 0.0164728517751264 0.0502143452662067 -3.77965134507247
"VNN1" -1.66668342943419 2.79085309958901 -2.46854874772984 0.0173553270268945 0.052584329474119 -3.82616484053286
"Q06830" 0.726431442872276 0.336582340418348 2.467105646445 0.0174169966087018 0.052584329474119 -3.82932362451374
"SeRPINF2" -1.0768917149438 4.3277909011828 -2.44893068177749 0.0182108517466404 0.054719273581572 -3.86898587267621
"CCN2" -1.4037722065545 0.732630820155657 -2.44633462233645 0.018326876538923 0.0548069151472059 -3.87463282050077
"P08727" 1.88029163899156 1.29650660735389 2.44113690004661 0.0185611872233976 0.0552457978205843 -3.88592512388132
"KRT73" -1.70446427017959 2.38515311888049 -2.4348101618988 0.0188500447135143 0.0558421512405049 -3.89964542822263
"Q14CN4" 1.46115852425795 1.04825329384874 2.42844647264238 0.0191446793292076 0.0564499656856542 -3.91341829984657
"CSN1S2" -1.55753820981962 0.825354632457218 -2.42044453834405 0.0195210616374763 0.0568792679867726 -3.93069748612011
"THBS1" -1.34558505560095 3.82406536567389 -2.41838296396753 0.0196191061784989 0.0568792679867726 -3.93514209135691
"P12259" 1.57423486278527 0.759135697267659 2.41821317199791 0.0196272009260601 0.0568792679867726 -3.93550802059397
"ACTA1" -3.28526424923905 2.17781526642366 -2.41771767755073 0.019650840603988 0.0568792679867726 -3.93657577838855
"MAP4" -1.4967103199136 0.337161908363979 -2.406032897173 0.0202158082025789 0.0582473743188459 -3.96170680769463
"CSN1S1" -1.50575289820845 1.04968891000601 -2.38058649139096 0.021497098815082 0.0616575879650761 -4.01610972275242
"HSPA5" -1.4967103199136 0.826080446789921 -2.37679951818395 0.0216939031441594 0.06194051078717 -4.02416769889799
"MAML2" -1.49295783943141 0.395914935966484 -2.36333004149788 0.0224070861402742 0.0636886097050137 -4.05274737253859
"IGHG1" 1.96991996806829 0.493334150531808 2.33128672251641 0.0241890079862149 0.0681961603384322 -4.1202272178939
"P34931" 1.26742949167966 0.704760182144938 2.33093770348823 0.0242090965385243 0.0681961603384322 -4.12095824302184
"HRG" -1.65733654403935 1.90016836831577 -2.31290434985436 0.0252675839534491 0.0706701816023769 -4.15861228524529
"CLeC11A" 0.525077235635134 0.313556625083039 2.31217337705541 0.0253113487197103 0.0706701816023769 -4.16013371961421
"COL1A2" -1.52939444234388 1.33481183586698 -2.28996921353109 0.0266734500757384 0.0734985552695418 -4.2061681628534
"Q3SWY2" 1.54279202781976 0.975216442046511 2.28851393533952 0.0267649656924099 0.0734985552695418 -4.20917303385133
"H2A1" -1.62883685954362 1.08487554912278 -2.2862678506133 0.0269067611208624 0.0734985552695418 -4.21380780057848
"H2AJ" -1.62883685954362 1.08487554912278 -2.2862678506133 0.0269067611208624 0.0734985552695418 -4.21380780057848
"H2AC20" -1.62883685954362 1.08487554912278 -2.2862678506133 0.0269067611208624 0.0734985552695418 -4.21380780057848
"TUBB6" 2.07778453141846 0.781667074279942 2.28119150557518 0.0272297014132719 0.0740600930679939 -4.22426948888317
"Q7RTS7" 1.53847165770456 1.14685695489893 2.27471196453719 0.0276469248824546 0.074872144209566 -4.2375961866171
"PGK2" 0.805730116032768 0.431077244658023 2.25851206661768 0.0287150654691898 0.0774325056028152 -4.27078324067514
"F5" -2.01661146044911 4.62038982616386 -2.24962016831647 0.0293168227291569 0.0787187878387151 -4.28891884081107
"GAPDH" -1.23394595577033 3.07871804506745 -2.24719452278484 0.029482911424232 0.0788293097825864 -4.29385619297745
"HSPA2" -1.99875181638701 0.692878943111484 -2.22074806553054 0.0313487077330833 0.0834642809264792 -4.34741081029966
"P04272" -2.19707840600231 1.21847887840817 -2.21746334159283 0.0315876027510205 0.0837469635961929 -4.35402695522629
"KRT222" -1.31647454594487 0.871570823600914 -2.18626231200395 0.0339384348475025 0.0896031480701845 -4.41647927567915
"SeRPINF1" -0.756362971657055 4.38231994384435 -2.17566255374166 0.034771528630549 0.091420144024485 -4.43753321018454
"PARVB" 0.532144126240296 0.408945657906606 2.16971493143631 0.0352468425064546 0.0922853013343272 -4.44931047352652
"P11021" 1.17637240919387 0.437578763486024 2.16682752317329 0.0354796527946244 0.0925109955099504 -4.45501858853764
"SeRPINA3-5" -1.89014721734881 4.1074092998534 -2.16481948681228 0.0356423576450078 0.0925527887818926 -4.45898463845877
"LeCT2" -1.32357503238586 0.40535114520609 -2.15489457459516 0.0364562325192364 0.0942782078673694 -4.47854335923731
"TG" 1.73834189730271 0.830439203374032 2.14700064202978 0.0371151940580803 0.0955905610230558 -4.49404750073856
"KRT19" -2.08088780985176 2.96099265043905 -2.14165784428608 0.037567117175805 0.0963611826745241 -4.50451476868329
"TUBB5" 2.16535945449476 2.02978074745611 2.13497382385438 0.0381392927049624 0.0972006480019537 -4.51757972783382
"FGA" -1.5420009872303 3.17249349353836 -2.13424117180221 0.0382024733827013 0.0972006480019537 -4.51900978374201
"PRDX2" -1.14964045192097 0.559004630605749 -2.12387340610835 0.0391064454478657 0.0991010726008164 -4.53920352298646
"CDH5" -1.63497122905837 0.991980297507352 -2.1002608651176 0.0412355555746044 0.103805571227035 -4.58489396375901
"eeF1A1" -1.4211897752529 3.10639466574768 -2.09965045492721 0.0412919150205797 0.103805571227035 -4.58606955281468
"O75083" 0.801979297613678 0.280586141774954 2.08522332473284 0.0426437348936417 0.106778558404317 -4.61377290863679
"CFL1" -1.20862407425985 0.963123840118628 -2.07385026585422 0.0437364784463454 0.10871294756705 -4.6355007786702
"B2M" -0.945345534296784 0.513877245340613 -2.07359957575 0.0437608378479091 0.10871294756705 -4.6359786095081
"HSP90AA1" 2.01010057405342 2.00619567514892 2.03239409874257 0.0479289653018931 0.118337433448858 -4.71386812093123
"P0DMV8" 1.29482097522014 0.839672292936283 2.0298461988079 0.0481976551447803 0.118337433448858 -4.7186417114961
"P0DMV9" 1.29482097522014 0.839672292936283 2.0298461988079 0.0481976551447803 0.118337433448858 -4.7186417114961
"CTSD" 0.779478363044467 0.404874234398911 2.0251112085573 0.0487004580772927 0.11910848467741 -4.7274996577921
"MPV17L" -1.20463997648399 0.315558794847105 -2.0220624549703 0.0490266035279284 0.119443192378853 -4.73319396776578
"HBA" -0.741958247310855 4.52126570357216 -1.98520171983707 0.0531220630761055 0.128923160773164 -4.80147290039756
"C5" 1.35511130375362 0.771532167322534 1.96254787571916 0.0557828747500511 0.134862045851656 -4.84291258118653
"P08729" 1.21834994504842 0.723712998452794 1.95793790705706 0.0563381649355403 0.135684664405824 -4.85129635605685
"C9" -1.43160269266225 2.59736352446115 -1.94464783052033 0.0579656854174742 0.139073564632799 -4.87537279729485
"CCDC168" 1.64560044905285 0.497858398849557 1.93550497035219 0.0591086234634406 0.141278565929663 -4.89185561272922
"TUBA1C" 1.27086137881493 0.335330475246119 1.93089719730056 0.0596919218784517 0.142134349831332 -4.90013761942243
"SeRPINA3-8" -1.58272265275026 2.76356503180944 -1.86738436691222 0.0682475633643665 0.161895535650057 -5.01258279263242
"OMD" -1.00744537391468 0.579161880070687 -1.8630040834719 0.0688742306833529 0.162770185622456 -5.02021935375589
"DSG1" -1.23989790371783 1.03087995997917 -1.84077760670104 0.0721298115857779 0.16871864171642 -5.05873161598154
"P02787" 1.67463125367078 0.814725741700157 1.84032560756009 0.0721973455784589 0.16871864171642 -5.05951068256818
"CSTA" 0.572971048920891 0.381212035195322 1.83969216199421 0.0722920797930711 0.16871864171642 -5.06060221359703
"HSP90AB1" 1.57978289394183 1.67089272268817 1.83856587778014 0.0724607795644213 0.16871864171642 -5.06254218827551
"CSRP1" -0.897821911242832 0.533260908749307 -1.81826826974422 0.0755585498647976 0.17528472413488 -5.09732841308638
"CST3" 0.532144126240296 0.296271887536228 1.80593455484574 0.077494877633761 0.179118197021623 -5.11830317452925
"OGN" -1.05737850214504 0.903564955960522 -1.78831016299792 0.0803341378593177 0.185003069303757 -5.14806076090527
"UBA52" -1.08740452630951 1.27572881511371 -1.78464616960749 0.0809352343213987 0.185258494560921 -5.15421538972955
"TAGLN2" -1.63523933992943 1.7896858980515 -1.78405700006728 0.0810322416779941 0.185258494560921 -5.15520403050798
"RBP4" -1.62809756957432 1.85734450256641 -1.78185175483259 0.0813962033223806 0.185418788073726 -5.15890196961074
"PFKL" 0.688219297027007 0.353274024389126 1.77077879636775 0.0832444979335836 0.188947043870832 -5.17740993809496
"RAN" 0.822608140924102 0.736928979129569 1.76292962981757 0.0845758419390222 0.190603963238396 -5.19046867707891
"RPS4X" 0.808550156890931 0.513292028294379 1.76291335509165 0.0845786207713961 0.190603963238396 -5.19049570102775
"ARF4" 0.638970160276159 0.30652531458429 1.75389753958577 0.0861297989040442 0.19340890785926 -5.20543290514823
"H2BC18" 0.615898370587545 0.730843712997558 1.73917943654688 0.0887130267900628 0.1985032620728 -5.22967387547593
"S100A12" -0.757185438524938 0.286516449992109 -1.71987213892876 0.0921991932610769 0.205574879673991 -5.26120227525787
"BPT2" -1.08698493677489 0.60882521501471 -1.71580921557732 0.0929470994349751 0.206512745575596 -5.26779765138171
"TF" -0.557625542812954 6.43319179890424 -1.7090276282887 0.0942066598548469 0.208576850415468 -5.27877575625001
"GPLD1" -1.45612040635954 1.27736996011665 -1.70244328665768 0.0954430767445979 0.210575459530914 -5.28939801183017
"MSN" 1.8762697639693 1.31140299204594 1.69662843367956 0.0965461305303361 0.212266928099798 -5.29874889874602
"Q02413" 1.07975440416465 0.973412188118829 1.67430811476863 0.100878423689186 0.220241320961501 -5.33438046096525
"ADAMTS13" 0.578289492551876 0.332982228000967 1.6733675255001 0.101064447272897 0.220241320961501 -5.33587285105941
"MYH10" -1.62193789951861 1.59849695958135 -1.67258079466175 0.101220258445064 0.220241320961501 -5.33712055220294
"IGHG3" 1.32565645460037 0.378716402118438 1.66909971077162 0.101912056801768 0.220984563030637 -5.34263509171059
"KRT20" -1.11934103241043 1.22298441785712 -1.65456445928503 0.104842778782114 0.226560936340802 -5.36555122770094
"SYNCRIP" 0.80589019068523 0.978798074633221 1.64811301723537 0.106165541775261 0.228636371536484 -5.37566563767983
"UTP15" -1.42507078191239 0.509960648013274 -1.64595810487662 0.106610405176085 0.228813488660236 -5.37903625252352
"KRT7" -1.02005847214413 3.18158863035919 -1.63887509355363 0.108083395240358 0.231188550497173 -5.39008761213548
"AFM" -1.1655018960598 3.6330774368852 -1.62619086935537 0.110762774814451 0.236119293607833 -5.40977255823073
"SLC2A1" 0.319006634110896 0.273565477653511 1.61816421042884 0.112486120016573 0.238985662392112 -5.42215904761894
"SeRPINA6" -1.57910781094759 1.96150691123315 -1.61425940659253 0.113332353226538 0.239975553308543 -5.42816509031413
"CAP1" 1.48340629411157 1.32920007249191 1.5970366526382 0.117126801250004 0.247180640765058 -5.45450128953465
"O60814" 0.615898370587545 0.497880389597874 1.57767245399522 0.121515394438178 0.251362635165995 -5.48381060548084
"H2BC14" 0.615898370587545 0.497880389597874 1.57767245399522 0.121515394438178 0.251362635165995 -5.48381060548084
"H2BC9" 0.615898370587545 0.497880389597874 1.57767245399522 0.121515394438178 0.251362635165995 -5.48381060548084
"H2BC5" 0.615898370587545 0.497880389597874 1.57767245399522 0.121515394438178 0.251362635165995 -5.48381060548084
"H2BC15" 0.615898370587545 0.497880389597874 1.57767245399522 0.121515394438178 0.251362635165995 -5.48381060548084
"H2BC4" 0.615898370587545 0.497880389597874 1.57767245399522 0.121515394438178 0.251362635165995 -5.48381060548084
"ACe" 0.710900725399802 0.353554485651329 1.57601581278971 0.121896935595554 0.251362635165995 -5.48630321093026
"KRT72" -1.68065861997111 1.78368945396979 -1.57158554546993 0.122922024841859 0.251920068541575 -5.49295752706796
"IGKC" 1.15209255367628 0.647521334386395 1.56972188758905 0.123355317011254 0.251920068541575 -5.49575174803317
"KRT75" -1.00556923052478 3.74408656908985 -1.56968039395163 0.123364978097221 0.251920068541575 -5.49581392648478
"IGHG4" 1.0841243236092 0.354738482674643 1.55650502731528 0.126463623845333 0.257414666601308 -5.51548271020901
"AOCX" 1.2654114355542 0.648107272474439 1.55244492033531 0.127431018839478 0.258549752050517 -5.52151381672149
"GSTP1" 0.71524203960409 0.538057025454663 1.55024589526742 0.127957454331259 0.258785748984052 -5.52477446015847
"eHD3" 0.496752683790046 0.929085257842862 1.52455137399347 0.134238866108157 0.270622123048712 -5.56256508522374
"P00742" 0.472059025447283 0.369009306496356 1.52066805263397 0.135209281446228 0.271710371313916 -5.56822701472994
"Q8N1N4" 1.02248794142071 0.896992418578169 1.51658842609079 0.136234773927221 0.272488182037105 -5.57416112034762
"PROC" -1.16754156514771 1.68102634411129 -1.51569567625606 0.136460008753923 0.272488182037105 -5.57545776863936
"CASP14" 0.742304342322193 0.43547856288609 1.51131886667204 0.137568546810044 0.273835183082453 -5.58180475782136
"P23526" 0.471262176297294 0.434848844648397 1.50795238935627 0.138426062814072 0.274675615206538 -5.58667533763635
"ARG1" -1.06300057400588 0.789853158760867 -1.50294316137051 0.139709891297332 0.276354048302872 -5.59390445042056
"HP252" -0.67309427363151 0.395237456647379 -1.48571408758004 0.144197954701613 0.284340341927243 -5.61860244861193
"MYLK" -1.04140006640987 0.407756496006438 -1.48370918402706 0.144727554019339 0.284495596841753 -5.62145972825993
"H2AZ2" -1.00744537391468 0.622406535074498 -1.47456782827185 0.147161796280149 0.288382277803647 -5.63444311603436
"PKP1" -0.921287300937262 0.315565674847234 -1.46002565849465 0.151100713743655 0.295184366477542 -5.65494698645296
"COMP" -1.24393218569133 2.11674356416753 -1.44791874991722 0.154442911861178 0.300158541665839 -5.67187616502821
"HSPA6" 0.820260312305904 0.711514689119529 1.44736089871889 0.154598298005385 0.300158541665839 -5.67265311789777
"PGAM1" 0.558291323338854 0.402911325504952 1.44281729143614 0.155868465102156 0.301696323556627 -5.67897110903384
"HSPA8" -1.35717560081621 2.18840594973386 -1.43291193515075 0.158665853001863 0.306171722459253 -5.69268192007673
"KRT5" -0.893516706218215 4.67624021226336 -1.43020032584947 0.159438447886782 0.306724575050485 -5.69642024755457
"IGHG2" 1.14169519072911 0.404079427542237 1.41024010734269 0.165216290479564 0.316873797241961 -5.72373892455826
"HPX" -0.649452567825485 4.43467162277725 -1.40534900670744 0.166656650831025 0.318667717195081 -5.73037955303746
"PF4" -0.900581427924814 0.493140774575256 -1.38727812727725 0.172062934157642 0.32801121285037 -5.75473083087591
"H2AZ1" -1.00744537391468 0.669371869306268 -1.38160534941425 0.173787734040877 0.330301386083716 -5.76231547544734
"KRT40" -0.933316725735964 0.28844792166748 -1.37873927087379 0.174664219674014 0.330970338181089 -5.76613663512506
"RAP1B" -1.02262650702412 1.39753022001263 -1.3656887150089 0.178698404728041 0.337600878393395 -5.78344382553443
"SeRPIND1" 0.704244773647732 0.688028441939677 1.355496010175 0.181898672529628 0.342621081690135 -5.79685561719028
"GPI" 0.868370053786089 1.05996408749265 1.35373325849064 0.182456562530305 0.342649080228043 -5.7991656943717
"TRPC4" -0.503711466585957 0.269665615237759 -1.35064015741887 0.183438658286954 0.343471196970527 -5.80321248855738
"RPS27A" -0.964912521501047 1.43074905315533 -1.34688626151156 0.184635992025539 0.344690269136436 -5.80811234985087
"PROS1" -1.47567029809059 2.03387790338065 -1.3421570253512 0.186152911136293 0.345782251196178 -5.81426738167105
"POTeF" 1.02248794142071 0.49537561069465 1.34164752161845 0.186316902387798 0.345782251196178 -5.81492930077305
"P07737" 0.311276415915456 0.41744026887899 1.33801171351373 0.18749034328037 0.346633587832245 -5.81964600437983
"O00299" 0.35271278567623 0.309808546473659 1.336825806572 0.187874305924925 0.346633587832245 -5.82118191463075
"FGB" -1.1696243843271 2.91781616788423 -1.30408875137339 0.198711699860945 0.365560007615908 -5.86308315190143
"IGLC3" 0.640184591948583 0.303549571080174 1.30027818803957 0.200003243407962 0.366866414507047 -5.8678978688039
"CTSC" 0.693001221595465 0.512298981811556 1.29311232861455 0.202449156306157 0.370276572838217 -5.87691664892558
"TUBA8" -1.12581201857692 0.601496485451664 -1.2896379712718 0.203643128199098 0.371383855183905 -5.88127273366231
"HMGB1" -0.91263153000523 1.37648863820139 -1.28267511912198 0.206051854701749 0.374693718492229 -5.88996984749494
"CSN2" -0.838481588306916 0.719409121077165 -1.27801513380409 0.20767582912363 0.37656163269256 -5.89576605938322
"UBA1" 0.484826412185751 0.371507614924474 1.26454198788084 0.212425053724511 0.383419965753524 -5.91241385969921
"HBB" -1.03087852504895 3.60338993350591 -1.26357276175143 0.212769801432001 0.383419965753524 -5.913605127772
"AOCY" 0.578289492551876 0.299076449280129 1.26213729729588 0.213281153691738 0.383419965753524 -5.9153678820268
"KRT17" -1.72511836348304 3.15566229471789 -1.2593119784156 0.214290286059565 0.384139688930641 -5.91883192673607
"FTL" 0.729168361367134 0.686434797671335 1.25658839252236 0.215266444705145 0.384796392659906 -5.92216438902175
"IGHA1" 0.917435829607764 0.533600844183805 1.25033339941426 0.217520813468047 0.38772777767892 -5.92979225549835
"LOXHD1" 0.389892776579354 0.305129942147082 1.22529418049269 0.226720883551228 0.402988387382606 -5.95997111261998
"P68133" 1.21474438820553 1.11980822651831 1.2197198240871 0.228807525561595 0.40417629315392 -5.96661197748856
"P35443" 0.325331412646184 0.314705057137273 1.21971240874869 0.228810310711685 0.40417629315392 -5.96662079268174
"RPS4" 0.808550156890931 0.663552093265655 1.21701129699136 0.229826488895423 0.40417629315392 -5.96982847741169
"ACTC1" -1.56300693666625 3.14765073265295 -1.21668006151296 0.229951330019425 0.40417629315392 -5.97022137520307
"KRT74" -1.34991920538515 0.857335682092491 -1.21282437055138 0.231408188583083 0.40469143375945 -5.97478746592947
"THBS2" -0.921287300937263 0.556608593747009 -1.21094430086189 0.232121017210361 0.40469143375945 -5.97700900827884
"eeF1A2" -1.12581201857692 0.504483922437861 -1.21081931874163 0.232168461205897 0.40469143375945 -5.97715657613141
"HBBF" -0.397173290304609 5.04709494072043 -1.20277954978329 0.235235362816925 0.408163102904481 -5.9866192223698
"ATIC" 0.659785026931276 0.543629985578278 1.2016179328732 0.235680918871959 0.408163102904481 -5.98798153432796
"C4" -0.522522645572889 4.59241938916497 -1.20052501948983 0.23610068551527 0.408163102904481 -5.98926214531886
"GNPTG" -0.484400600972909 0.334506007324156 -1.19754573126765 0.237247745315252 0.409025484409629 -5.99274754576515
"PGM1" 0.515902491628524 0.393637497378766 1.19366334737126 0.238748603680772 0.410491468453862 -5.99727725976753
"P46781" 0.471262176297294 0.294764093673969 1.18754722461964 0.241127003227125 0.413454182163901 -6.00438513743664
"SeRPINA7" -0.701278403315971 3.61633860496395 -1.17667830187967 0.24539607665983 0.41963394138849 -6.01693182677912
"PPIA" -0.838758555130502 1.35382875730019 -1.1490272644732 0.256502967503464 0.437324354473936 -6.04836151336892
"COLeC11" 0.513831576622399 0.487477162491397 1.14749871113377 0.25712731459561 0.437324354473936 -6.0500784037942
"TRAP1" -0.79122766939123 0.607607333279489 -1.14404484475517 0.258542077826613 0.438258921653092 -6.0539498894898
"GAPDHS" -0.552951438549508 0.322370115713481 -1.14276948917539 0.259065891880512 0.438258921653092 -6.05537666887015
"CNTN1" 0.752673276574919 0.660028748805807 1.14049072628014 0.260003715292917 0.438669369919334 -6.05792225111537
"GDI2" -0.588992100724371 0.851446839452645 -1.12441133554113 0.26669019584013 0.448750702866991 -6.07574793574576
"FAP" 0.670649901950419 0.55780279319837 1.12265747777576 0.267426850077607 0.448793463827047 -6.07767779972687
"CHIA" -0.78943940049749 2.43697362564595 -1.11357236455592 0.271265900107594 0.453283571265834 -6.0876290179045
"Q86UX7" 0.46641590197499 0.290262389270065 1.11292925067048 0.271539128270183 0.453283571265834 -6.08833054127618
"P02765" 1.02875521226128 1.06939274474532 1.10550575743068 0.274707111991512 0.456990052139607 -6.09640047687388
"TUBB4A" 1.10844994129318 0.741573985655821 1.10433767886793 0.275207955329716 0.456990052139607 -6.09766561454493
"PYGB" 0.484826412185751 0.383107542668964 1.07206127382994 0.289302423066361 0.478918077477953 -6.13212195246945
"KRT77" 0.887632823732033 1.11212838504281 1.07064679864664 0.289931387633246 0.478918077477953 -6.1336097616033
"SePTIN7" 0.527984995475949 0.378903709138505 1.06765605248843 0.291264390368816 0.479863786743402 -6.1367494160945
"GSTA1" -0.739478724664731 1.18884112702396 -1.0586897307324 0.295286243506797 0.485222967845805 -6.14611210801916
"CFL2" -0.610991895422497 0.374442757648552 -1.05486742823257 0.297012369757522 0.486791702122069 -6.15008053991397
"SeRPINC1" -0.674215976368715 4.95379030804966 -1.05296823487277 0.297872619695257 0.486936847222039 -6.15204725980465
"HSPA1B" -0.909936884024074 2.41794247840277 -1.04639058105564 0.300865285855604 0.488417951030731 -6.15883269758239
"HSPA1A" -0.909936884024074 2.41794247840277 -1.04639058105564 0.300865285855604 0.488417951030731 -6.15883269758239
"SeRPINA3-1" 1.32938402588942 3.84999949266226 1.04587493074434 0.301100765373937 0.488417951030731 -6.15936292496798
"CFB" -0.727345718282339 4.57360680274049 -1.03926354548314 0.304131190481613 0.489219669228429 -6.16613914091201
"YWHAe" 0.668238431378364 0.894440115061187 1.03801404044152 0.304706262382639 0.489219669228429 -6.16741519575937
"P05786" -1.28384882158924 1.54148494534518 -1.03785111693981 0.304781301166208 0.489219669228429 -6.16758147324452
"H2B1" 0.615898370587545 0.855501407010386 1.03664832739494 0.305335670123836 0.489219669228429 -6.16880825369594
"ACTN4" -0.618506418088889 0.364055589207912 -1.0363537377209 0.305471552576864 0.489219669228429 -6.16910851248024
"PZP" 1.00999348717214 1.58382233784497 1.03302878391923 0.30700809371204 0.49043571425898 -6.17249180888378
"H2BC12" 0.615898370587545 0.94148834362549 1.02991933059716 0.308449823865851 0.491494542574121 -6.17564643908737
"SULT1e1" 0.566849786810251 0.516658063393535 1.0275067116086 0.309571641475855 0.492039561136686 -6.17808785933572
"PPIe" -0.618506418088889 0.534199470938428 -1.01808775675076 0.313977888002234 0.497631466265969 -6.18756692852394
"KRT24" 0.551310938763965 0.307843755544185 1.01612722086184 0.314900372116774 0.497631466265969 -6.18952949502586
"CPB2" -0.804193205202994 2.49092361437449 -1.01378614169957 0.316004320087762 0.497631466265969 -6.19186826455985
"P07195" 0.283500172051136 0.331726118496806 1.01314087239441 0.316309061023561 0.497631466265969 -6.19251199112818
"AFP" -0.324578382305284 5.63990601640145 -1.01160957752771 0.317033041900031 0.497631466265969 -6.19403805733065
"O43505" 0.22757420202247 0.29264576963563 1.00399468868466 0.320649947151905 0.502059842811048 -6.20159417366533
"P05089" 0.471262176297294 0.390389495787338 0.998593806957771 0.323232069601995 0.503585219158877 -6.20692027272336
"F2" -0.651455190889991 4.46967325870573 -0.997774939345692 0.323624783346971 0.503585219158877 -6.20772540248511
"CORO1A" -0.487084665276085 0.546552496626269 -0.996101955509238 0.324428113353485 0.503585219158877 -6.20936835455859
"HPD" 0.472059025447283 0.415668077339158 0.995294205677982 0.324816456731637 0.503585219158877 -6.21016065995323
"HSP90B1" 0.401172882978825 0.401908665735753 0.993030627201497 0.325906385909414 0.504036591933432 -6.21237768045625
"KRT35" -1.02619993138437 1.03842056043664 -0.988690126622708 0.328003230863397 0.506039214363823 -6.21661538574007
"B4GALT1" -0.642010310912223 0.604090201189785 -0.982613329419945 0.330954017991305 0.509346305737838 -6.22251839637705
"ACO1" 0.445565165973968 0.368919030414894 0.979575081369002 0.332435969947458 0.510382231233203 -6.22545668009044
"CD44" -0.484400600972909 0.274022207389356 -0.971494836119498 0.336398746534941 0.515212643358125 -6.23322862067857
"HBD" 0.662244926862907 0.814906290238242 0.96829025692662 0.337979020570106 0.515887749880981 -6.23629383073069
"WDR1" 0.46641590197499 0.49446527816826 0.967287159639632 0.338474688511452 0.515887749880981 -6.23725130616913
"CRYZL1" -0.921287300937263 0.725116975696209 -0.951420460345141 0.346379096857995 0.525609031630481 -6.25226964930552
"P00747" 0.710900725399802 1.01723332705427 0.951142207261259 0.346518791059081 0.525609031630481 -6.25253089644528
"BLMH" 0.257695134571995 0.34131178630279 0.937884546978425 0.353217594760522 0.533713820707032 -6.2648931644166
"Q86Y46" 0.742304342322192 1.05126095261204 0.937223734944183 0.353553687885165 0.533713820707032 -6.26550498119513
"ReG1" -0.448156266494754 0.282004772270175 -0.930829406772296 0.356816664713712 0.537353974783657 -6.27140377779435
"K2CA" 0.572971048920891 0.49157497204076 0.928746699581049 0.35788367251361 0.537677612752591 -6.27331669450872
"THBS3" 0.280592412210322 0.323629307052341 0.924193201627711 0.360223726757271 0.539218198965099 -6.27748460561552
"LDHB" -0.83200348007133 1.58525526685111 -0.922102580031763 0.361301418723371 0.539218198965099 -6.27939158809475
"RPL30" 0.257695134571995 0.316838166991133 0.921770607541407 0.361472738767412 0.539218198965099 -6.27969401765772
"ACTN3" -0.419252658800654 0.28601249898022 -0.916241753622502 0.364333729243243 0.5420077325153 -6.28471542541062
"UBB" 0.319006634110896 0.577739721944097 0.913189057561972 0.365919641919997 0.5420077325153 -6.28747546826464
"P0CG48" 0.319006634110896 0.577739721944097 0.913189057561972 0.365919641919997 0.5420077325153 -6.28747546826464
"HGFAC" 0.274343099263113 0.363443167339019 0.89478014567787 0.375577404711397 0.555010169491549 -6.30393126612217
"ITIH4" -0.383754750236291 5.50207756163405 -0.890458441670011 0.377868043072022 0.557090502753378 -6.30774758549914
"SeRPINA3-3" 0.946641269393882 0.50964773980268 0.888365594523653 0.378980506247318 0.557428203827641 -6.3095892815983
"LGALS3BP" 0.533499778336206 0.705418077214483 0.886268472726398 0.38009732760387 0.557770729576842 -6.31143054157706
"RPL12" 0.220593817447581 0.361472331618091 0.883296735113822 0.381683499537969 0.558798812548627 -6.31403251055395
"SeRPINA3-6" -1.08381511337199 3.76802438787071 -0.874570963292364 0.386365097206081 0.564343463743141 -6.32162374621061
"eRC1" 0.164457483577155 0.453126800778874 0.861968841321424 0.393190055935512 0.572524819909869 -6.33245869446406
"ASS1" 0.487405180870396 0.346997363117123 0.86071566073644 0.393872845027015 0.572524819909869 -6.33352782694205
"NCAM1" -0.448156266494754 0.308761910501216 -0.85916614825735 0.394718113536315 0.572524819909869 -6.33484768921791
"PLG" -0.556341065877364 5.08341324061474 -0.857559772750017 0.395595596641368 0.572524819909869 -6.33621355688342
"SeRPINA1" -0.272698444897786 6.29018619540095 -0.848143791654667 0.400763525745583 0.578676852964446 -6.34416999616746
"MYH14" 0.311276415915456 0.505922711842503 0.844461757516651 0.402795741904609 0.580283363337462 -6.34725814820964
"KRT15" 0.855702528261887 0.898171136215576 0.836711999611139 0.407093844046111 0.584814866978261 -6.35371538933494
"BCL2L14" 0.327910126264867 0.278345186011782 0.835452860684355 0.407794835927789 0.584814866978261 -6.35475907723561
"SeRPINA3-4" -0.797078855065743 4.28063114130312 -0.831563214875689 0.409964980877375 0.586593884203228 -6.35797354012938
"PCYOX1" 0.401172882978825 0.410504855434628 0.822760275817962 0.414902512184837 0.590756212233845 -6.36519469015547
"YWHAZ" -0.549391638649174 1.67445722854013 -0.82114786772738 0.415810824537141 0.590756212233845 -6.3665092860548
"P00488" 0.280592412210322 0.373297292501453 0.820655850925965 0.416088232031279 0.590756212233845 -6.36690992882242
"MFGe8" 0.23455458659736 0.28800563179801 0.819715234180449 0.416618881844787 0.590756212233845 -6.36767521185657
"ALDOB" -0.402601047865916 0.356123696946491 -0.815891150426968 0.418780485135094 0.592489879193372 -6.37077770195984
"KPRP" 0.57297104892089 0.531270244173194 0.81380349566498 0.419963425303146 0.59256540602018 -6.37246547824474
"APCS" -0.642010310912223 0.693876707081285 -0.812484170208002 0.420712047380413 0.59256540602018 -6.37352992895558
"P62987" 0.319006634110896 0.600125432816278 0.802575518006257 0.426360311609928 0.59918342232932 -6.3814707499889
"ITIH2" -0.278696695209606 0.271640739549629 -0.788784312013768 0.434297361738972 0.608981411682869 -6.39236538694182
"GPX3" 0.325331412646184 0.481329126730382 0.783905199952884 0.437126351861835 0.611589197394274 -6.39617574990461
"ARHGDIB" 0.274343099263113 0.279676009478865 0.772894254462601 0.443550812838706 0.618415651671064 -6.40469021848184
"ITIH1" -0.639614651045676 3.80924768927212 -0.772186607653383 0.443965594622808 0.618415651671064 -6.40523341194166
"BLVRB" -0.57773307678481 1.35086998416588 -0.770208469769655 0.445126277931426 0.618666699063282 -6.40674927029291
"F11" 0.513831576622399 0.767003666770929 0.767723018475873 0.446587160698043 0.619332963517506 -6.40864851659528
"FLG2" 0.282112523286256 0.546101704521524 0.756448886146705 0.453249090396447 0.627193368509119 -6.41718847614922
"HNRNPR" 0.311276415915456 0.274976810390274 0.749191753142594 0.457567844705409 0.630744817117425 -6.42262046131496
"Q08380" 0.382912392004465 0.393787616540834 0.748778013632768 0.45781478009474 0.630744817117425 -6.42292860766332
"CP" 0.535846226888231 0.486714698212137 0.724724745108293 0.47230286015124 0.64928780992469 -6.44055743056661
"H4" -0.415346432909299 1.60037448391229 -0.716758899046759 0.47715787699601 0.654536131270613 -6.44627172765411
"KRT25" -0.920614968583376 0.870916214072822 -0.710189652508687 0.481182837634847 0.65862553264119 -6.45093772179339
"CATHL1" 0.401172882978825 0.572803420151975 0.704615174979925 0.484613229752913 0.661885168775083 -6.45486419888468
"GALK1" 0.22757420202247 0.276395954789196 0.697735169907659 0.488865820936135 0.666251259202379 -6.45966850888197
"PRDX1" -0.41427241811346 0.546049595625712 -0.692694775671349 0.491994469797363 0.669070065608051 -6.46315893593469
"KRT84" 0.522197442896847 0.579494009436698 0.689861406742544 0.493758045777967 0.670024358894403 -6.46511014060277
"YWHAB" 0.406176205411117 0.691992842911427 0.670158948861544 0.506117563608679 0.685322280337074 -6.47846160333737
"F9" -0.477071588559678 1.26479360370761 -0.662274890784491 0.511110014062264 0.690600468679418 -6.48369804177559
"RAB1B" 0.35271278567623 0.359511205731281 0.650576466696012 0.518566545457309 0.699178397828123 -6.49135588688398
"TUBB3" 0.731191261820888 1.54141251624483 0.647847816705389 0.520314093479725 0.7000387910143 -6.49312281189178
"P02647" 0.443734473602194 0.803771327597334 0.62232812571973 0.536808584804233 0.720694078747811 -6.50929483066307
"AZGP1" 0.311276415915456 0.618569799322471 0.619761005864812 0.538482745527905 0.721406820441843 -6.51088628241636
"P09429" 0.355100609979128 1.13960692870907 0.613401478579054 0.54264176524135 0.725438461583246 -6.51480092651179
"KRT27" -0.705899342491507 0.822600485886249 -0.599552623966246 0.551755536832106 0.734886066226516 -6.52318823916242
"P61284" 0.220593817447581 0.272669072133968 0.599125235314945 0.552038027561599 0.734886066226516 -6.52344408161499
"COL1A1" -0.485272066717633 1.249747684195 -0.585392004210657 0.561154133942538 0.745448965300509 -6.53156941668439
"UBC" 0.449259275259895 1.09692025673344 0.578605601769355 0.565686564121217 0.749891222606068 -6.53551611683641
"C7" -0.464437820139306 3.19095786669979 -0.574930778946349 0.56814842422436 0.750053625652273 -6.53763432211583
"P13929" 0.325331412646184 0.395447519903641 0.574874119564561 0.568186423235794 0.750053625652273 -6.53766687705346
"COL3A1" 0.15253121197286 0.302753326489726 0.570558450081201 0.571084441574541 0.75230539171928 -6.54013724978246
"PFN1" -0.508704663582612 1.79396376116169 -0.560260887186722 0.578028582792024 0.759866741128681 -6.54595763354716
"LYZ" 0.220593817447581 0.618327282928133 0.551205278494893 0.584168928131974 0.766342190543193 -6.55098964309542
"SeRPINA3-2" -0.32136549416314 4.68780865363659 -0.549393741318565 0.58540103389574 0.766365253917452 -6.55198656583152
"GGH" -0.316734513681949 0.577545365003286 -0.543068236815275 0.589713035110755 0.768780531533854 -6.55544221099412
"SeRPINB12" 0.220593817447581 0.57571456833276 0.542454090943845 0.590132493382282 0.768780531533854 -6.55577561753617
"C3" -0.211635497416085 6.60985039740058 -0.541329365597262 0.590901042462629 0.768780531533854 -6.55638524120991
"KRT18" 0.277997084541073 0.340387878901831 0.53554083104637 0.5948639750022 0.772343967544008 -6.55950298483722
"ACTB" 0.155376263740969 4.58489953713887 0.527656349847675 0.600281910934375 0.776184192212276 -6.56369637389424
"ACTG1" 0.155376263740969 4.58489953713887 0.527656349847675 0.600281910934375 0.776184192212276 -6.56369637389424
"B4GAT1" -0.22485095940759 0.601513335851212 -0.520907101109826 0.604937988793869 0.780094306828649 -6.5672371805674
"LIMS1" 0.15253121197286 0.626390033840329 0.518042356749028 0.606919323492574 0.780094306828649 -6.56872647438543
"PeBP1" 0.302178401722288 0.681304612077119 0.517904497900728 0.6070147458841 0.780094306828649 -6.56879793835186
"P0CG53" -0.381921875787141 1.03241699431888 -0.507066193777436 0.614538299205996 0.786909198809062 -6.57435751265226
"LPA" 0.22757420202247 0.288490087895019 0.506673363223677 0.614811782904703 0.786909198809062 -6.5745568347261
"IGF2R" -0.419646718198324 0.877479878395385 -0.49769726610854 0.621075839430324 0.793317519596223 -6.57906967831665
"PIP" 0.164457483577155 0.463104733121213 0.487992577247378 0.627880408713059 0.800388965450385 -6.58385905999046
"Q06033" 0.311276415915456 0.590504811827602 0.483729836212642 0.630879693465974 0.802590900356914 -6.58593327729284
"TUBB2B" 0.495550272586411 0.765486657853197 0.480692888122168 0.633020346287429 0.803693840055066 -6.58740004619921
"P68871" 0.277997084541073 0.444238308283867 0.47570779269318 0.63654107525484 0.80654100097551 -6.58978789622634
"GSTA2" 0.388520063114309 1.47844549928175 0.468655386333179 0.641536346407439 0.810124573298725 -6.59312388604655
"CD14" 0.371013203944261 0.896772712450706 0.4671917983215 0.642575130237561 0.810124573298725 -6.59381002255254
"P05543" 0.192782035422244 0.424580065328214 0.466282405937653 0.643220936961429 0.810124573298725 -6.59423527908134
"P26583" 0.270186251681961 1.11725100709765 0.458779571908526 0.64855967963258 0.81522142997641 -6.59771248800232
"P62851" 0.164457483577155 0.538293948984258 0.456392724707827 0.650262010117718 0.815736239332565 -6.59880696275141
"TUBA4A" 0.415670680852354 2.94213655683537 0.45249356000507 0.653047001532863 0.817604480093723 -6.60058273309078
"Q08554" 0.164457483577155 0.505329989393162 0.442596883535744 0.66013812218609 0.824845851682025 -6.60502210264676
"P08603" 0.338248857156682 0.361869046592644 0.438991813769927 0.662729109880522 0.82644677536484 -6.60661505317139
"ACTN1" 0.342139656907959 0.758090282966487 0.432237938937257 0.66759438276074 0.829488198422642 -6.60956457540941
"KRT28" -0.515452343660568 1.15356301224141 -0.431956891803336 0.667797154990019 0.829488198422642 -6.60968633021652
"FHL1" 0.15253121197286 0.658231571395055 0.422694787726588 0.674493594452848 0.835734097247033 -6.61365489204259
"AMY2A" 0.164457483577155 0.570364073266519 0.421341215858993 0.675474468456397 0.835734097247033 -6.61422771444476
"HP20" -0.233783938063029 0.680981753881348 -0.414418345445838 0.680500042252659 0.836933312130238 -6.61712891950121
"HRNR" 0.139859827165404 0.465822623919104 0.413423369118816 0.681223546068756 0.836933312130238 -6.61754196944437
"COL2A1" -0.224434476560918 0.598477585239702 -0.412550378181031 0.681858596981731 0.836933312130238 -6.61790356733431
"H2BC12L" 0.156688059554012 0.477914723900764 0.410878387608922 0.683075524163348 0.836933312130238 -6.61859399758439
"H2BC13" 0.156688059554012 0.477914723900764 0.410878387608922 0.683075524163348 0.836933312130238 -6.61859399758439
"eNO1" 0.339602319960234 2.99192467694863 0.395131025950807 0.694578325486308 0.849377758491977 -6.62496012369372
"P01009" 0.311276415915456 0.384859138319171 0.388320656579338 0.699575811695994 0.853834307892015 -6.62763680423412
"TIe1" 0.156688059554012 0.329321550699608 0.383827617723037 0.70288021981375 0.856211233016363 -6.62937739513606
"FGG" -0.400390015393727 1.88977614221664 -0.38062112699485 0.705241990999958 0.857432940888196 -6.63060727459896
"P80209" 0.156688059554012 0.368808821772609 0.377624971385918 0.707451493371479 0.857864337020688 -6.63174721294699
"TBA1B" 0.347527532450743 2.81683154113251 0.376453777619848 0.708315878902977 0.857864337020688 -6.63219037991522
"DDBX" 0.249170757070685 1.09075362379658 0.372659149527485 0.711119120596754 0.859609511679217 -6.63361682904045
"RAP1BL" 0.192782035422244 0.558280460192407 0.367777152435342 0.714731583942449 0.862324339326359 -6.63543090695086
"eZR" 0.309048435152741 1.29807461408825 0.364160308048876 0.717412159237968 0.862769356273656 -6.63675953836919
"P16402" 0.139859827165404 0.535435086540311 0.363590164208074 0.71783504285843 0.862769356273656 -6.63696778708175
"P02790" 0.257695134571995 0.311598705911339 0.35394139848042 0.72500511695826 0.869165738341904 -6.64044285524793
"Q32LP2" 0.26941497112279 0.846657908552228 0.352723685965392 0.725911797315663 0.869165738341904 -6.64087481796185
"P01042" 0.192782035422244 0.328975594078848 0.346979791880628 0.730193899091994 0.872637027134561 -6.64289240230557
"P02751" 0.311276415915456 0.622009498720353 0.325454169444604 0.746317778856368 0.890220261736046 -6.65016024045874
"FMOD" 0.229045817065905 1.06522880756232 0.315208469155079 0.754033384398203 0.894950621855871 -6.65345688251947
"P35625" -0.0517027880025688 0.334972889619899 -0.314024817746071 0.754926396266511 0.894950621855871 -6.65383096838799
"LDHA" -0.302759511638736 1.61294037748063 -0.31397402535648 0.754964724427687 0.894950621855871 -6.6538469896605
"RPS25" 0.164457483577155 0.528543909319453 0.312659740605654 0.755956705941647 0.894950621855871 -6.65426065285603
"P16403" 0.139859827165404 0.413501804493008 0.308372893283351 0.759195166990381 0.89542458013258 -6.65559790337309
"H1-4" 0.139859827165404 0.413501804493008 0.308372893283351 0.759195166990381 0.89542458013258 -6.65559790337309
"KRT10" 0.529261944996399 1.86919749840774 0.305320291762323 0.761503893936614 0.896471934839559 -6.65653893344814
"P21291" 0.0659522517065323 0.410715326481604 0.302305091076758 0.763786489273521 0.897484682926614 -6.65745928126813
"NeFH" 0.164457483577155 0.384919047854502 0.28895259652828 0.77391997006082 0.907701674922635 -6.66142558271515
"P02763" 0.139859827165404 0.32012740065791 0.283650077294758 0.777955338121373 0.910410199855902 -6.6629511612274
"eeF2" 0.156688059554012 0.411835233384375 0.279541513126527 0.781086337999826 0.910410199855902 -6.66411386970478
"KRT80" -0.238743687784317 1.37415635638299 -0.278750249376727 0.781689756769399 0.910410199855902 -6.66433585300951
"P16070" 0.0659522517065322 0.292146950984891 0.278342814237007 0.782000520319966 0.910410199855902 -6.66444991140673
"MBL" 0.110615786554315 0.373473500404577 0.275066155589582 0.784501033647717 0.911639322710331 -6.66536114183462
"P00738" 0.192782035422244 0.333793307575117 0.264691875928606 0.792432997068974 0.918293038599929 -6.66817526724851
"AHCY" -0.222647997150714 2.07720855762668 -0.262371427220416 0.794210238961064 0.918293038599929 -6.66878995402515
"COL6A3" 0.110615786554315 0.260466421892031 0.261872246235613 0.794592708519115 0.918293038599929 -6.66892148180018
"K2C4" -0.303240786525358 1.07211431784201 -0.258187492423422 0.797417517576782 0.919872858484368 -6.66988464172185
"APOM" 0.139859827165404 0.449846401681055 0.252519470581274 0.80176808405664 0.923203761021423 -6.67133964198587
"P51884" 0.110615786554315 0.355631198281322 0.245687819430338 0.807020248312407 0.927558791776191 -6.67305054645734
"A2M" -0.0799285422913263 6.85398639709391 -0.233597679823883 0.816337049975953 0.935203258512897 -6.67596367568754
"HSPA1L" -0.210374154401956 1.39618597961092 -0.229870116610075 0.819215038331165 0.935203258512897 -6.67683226569475
"CA2" -0.0967926060444256 0.345645323777982 -0.226177078798922 0.822068853445615 0.935203258512897 -6.67767906436634
"P63000" 0.110615786554315 0.56948871392229 0.224553875126945 0.823323965190005 0.935203258512897 -6.67804692949493
"HBG1" -0.0517027880025689 0.477156268145192 -0.223689056570396 0.82399286079523 0.935203258512897 -6.67824184305005
"HBG2" -0.0517027880025689 0.477156268145192 -0.223689056570396 0.82399286079523 0.935203258512897 -6.67824184305005
"AGT" 0.090170119894891 5.10974841269168 0.22144487853142 0.825729239610526 0.935203258512897 -6.67874413736359
"Q14624" 0.164457483577155 0.627085872180991 0.220758846298141 0.826260216777223 0.935203258512897 -6.67889667724997
"CPN1" 0.206599237330686 2.23358421359915 0.21979007154003 0.827010171553402 0.935203258512897 -6.67911128082813
"RAC1" 0.110615786554315 0.591880443610741 0.213091202342113 0.832200371598645 0.939388970444983 -6.68056944449079
"YWHAQ" 0.137643599358211 0.514867348909609 0.20670242920695 0.837157367355371 0.94329696214507 -6.68191814674405
"RPL22" -0.0517027880025689 0.348742198865514 -0.194211597753185 0.846868035159995 0.952537843468729 -6.68443664867644
"P11171" -0.0517027880025688 0.343269224856955 -0.190160192188705 0.850022937477944 0.954385184250147 -6.68521987709233
"P29279" -0.0517027880025689 0.375357173522509 -0.183830194003111 0.854957171369443 0.956918250881715 -6.68641060923561
"PLeK" 0.0659522517065322 0.356570434842956 0.183375242877275 0.855312034068601 0.956918250881715 -6.68649463956577
"P18065" 0.0659522517065322 0.31297054960441 0.179578629659927 0.858274571069018 0.958533193530178 -6.6871877739319
"GFAP" -0.148535864870709 1.07772854627193 -0.175267641619126 0.861640979173036 0.960592681728243 -6.6879572598371
"H2AC7" -0.0517027880025689 0.298618059715194 -0.172695261110796 0.863650967516795 0.961135380076011 -6.68840751987611
"P05452" 0.0659522517065323 0.63467875107243 0.164191999992541 0.870301603101275 0.961647487032915 -6.68984858434232
"AKR1A1" 0.0659522517065322 0.457750447432581 0.162061862845738 0.871969147209737 0.961647487032915 -6.6901982022166
"DCD" -0.0517027880025688 0.409362076418307 -0.15924609178277 0.874174330047138 0.961647487032915 -6.6906533546838
"FTH1" -0.0517027880025688 0.282484824372127 -0.158454568643425 0.874794397310061 0.961647487032915 -6.69077986483307
"PGLYRP1" -0.124098552318521 1.52650722953648 -0.151248048285752 0.880443481974959 0.961647487032915 -6.69190272598057
"P02656" -0.0517027880025688 0.312947293834637 -0.147402747480592 0.88346034934259 0.961647487032915 -6.69248051035458
"PGK1" -0.127651375109358 1.44964417635107 -0.144145735953276 0.886017037029327 0.961647487032915 -6.69295827274189
"RAB8A" -0.0517027880025688 0.302377082886402 -0.14376111483432 0.886319038250306 0.961647487032915 -6.69301398773649
"CKB" -0.0517027880025689 0.278064743634779 -0.142400331004729 0.887387650717046 0.961647487032915 -6.69320991263487
"FLNC" -0.0517027880025688 0.271711608969947 -0.136281296134003 0.892195464498429 0.961647487032915 -6.69406791936784
"P49747" -0.0517027880025688 0.476961206766378 -0.133152709308244 0.894655234355095 0.961647487032915 -6.69449206235403
"THeMIS" -0.0517027880025689 0.314023317558594 -0.127166976922525 0.899364257395116 0.961647487032915 -6.69527611912986
"HBe1" -0.0517027880025689 0.355476418673161 -0.125042668508492 0.9010363570046 0.961647487032915 -6.69554571455825
"COLGALT1" -0.0517027880025689 0.276744504294037 -0.121642466952111 0.903713687244855 0.961647487032915 -6.69596778749709
"MAN2B1" -0.0517027880025689 0.257721982999801 -0.121534284202894 0.903798889444591 0.961647487032915 -6.69598102554921
"P08697" -0.0517027880025688 0.422768746850354 -0.121301296934447 0.903982388645495 0.961647487032915 -6.69600949564515
"FeRMT3" -0.0995665836672073 1.78631223336103 -0.120884365980308 0.904310773867767 0.961647487032915 -6.69606030664554
"TIMP3" -0.0517027880025688 0.303581002833819 -0.119682967359798 0.905257119744582 0.961647487032915 -6.69620574228096
"ANG1" -0.0517027880025688 0.327357710119103 -0.116045971726234 0.908122835579969 0.961647487032915 -6.69663717019171
"P02649" -0.0517027880025689 0.591694934187602 -0.114253224366473 0.909535860886601 0.961647487032915 -6.69684493413149
"P09210" -0.0517027880025688 0.330527392169844 -0.108715534605158 0.913902459045014 0.961647487032915 -6.69746628829358
"P35580" -0.0517027880025688 0.441271939685429 -0.108650197233614 0.913953995393682 0.961647487032915 -6.69747343531874
"Q32Le4" -0.0517027880025688 0.358614391703744 -0.106890098261995 0.915342453700835 0.961647487032915 -6.697664350308
"P02753" -0.0517027880025689 0.304305999228133 -0.0999363035889099 0.920830539567535 0.961647487032915 -6.69838813773717
"FKBP4" -0.051702788002569 0.307773610383954 -0.0996143055679907 0.921084763886759 0.961647487032915 -6.69842047450994
"ASL" -0.0517027880025689 0.347499488022769 -0.0992658411095827 0.921359893408986 0.961647487032915 -6.69845535165894
"FABP1" 0.0659522517065321 0.585698847704855 0.0971010619732516 0.923069307601595 0.961647487032915 -6.6986692834445
"P36955" -0.0517027880025688 0.746790949493321 -0.0961830941966206 0.923794290623136 0.961647487032915 -6.69875857697988
"Q7Z3Y7" -0.0517027880025689 0.378250244393938 -0.095772570293773 0.924118531111117 0.961647487032915 -6.69879823553968
"HMGCR" -0.0517027880025688 0.299332174844075 -0.0924403550030869 0.926750862485212 0.961647487032915 -6.699113869298
"ILK" -0.0517027880025688 0.589892980239292 -0.091800192405369 0.927256663916677 0.961647487032915 -6.69917322740474
"PSMe4" -0.0517027880025689 0.337757591140528 -0.0914231221934318 0.927554606595772 0.961647487032915 -6.69920799770074
"DSC1" -0.0517027880025688 0.453335524236637 -0.0873523591675525 0.930771786235859 0.961647487032915 -6.69957426068782
"ARHGeF9" -0.0517027880025688 0.399278493642343 -0.0870864311670242 0.930981994030299 0.961647487032915 -6.6995976070979
"P02749" -0.0517027880025688 0.451919943200276 -0.0870170161079594 0.931036865289732 0.961647487032915 -6.69960368948874
"ARFIP2" -0.0517027880025689 0.436516442761799 -0.0853857652752793 0.932326434370056 0.961647487032915 -6.6997452296479
"P00751" -0.0517027880025688 0.338174304148422 -0.0853724587125363 0.932336954499895 0.961647487032915 -6.69974637321998
"AOC3" 0.0530360135472501 0.499763080736666 0.0840319876863809 0.933396789243714 0.961647487032915 -6.69986066088655
"GAL3ST4" -0.0517027880025688 0.370598323564226 -0.0818691106750213 0.93510711030613 0.961647487032915 -6.70004125393552
"YWHAG" 0.0511229431665761 0.468170897201404 0.081838395483133 0.935131400961866 0.961647487032915 -6.70004378465215
"Q14533" -0.0517027880025688 0.451527797045678 -0.0785244307718066 0.937752562584504 0.961647487032915 -6.70031125512854
"P78385" -0.0517027880025689 0.434649580733642 -0.0759034572451879 0.939826101787847 0.961647487032915 -6.70051496737329
"KRT33A" -0.0517027880025688 0.335776781552413 -0.0750252231980672 0.940520996907148 0.961647487032915 -6.70058168082239
"FN1" 0.0679751137952458 3.63302739964173 0.0738637165533869 0.941440100785316 0.961647487032915 -6.70066872043578
"P19827" -0.0517027880025689 0.489176403833407 -0.0734983599369214 0.941729225346943 0.961647487032915 -6.70069581839696
"KRT86" -0.0517027880025688 0.501964950096177 -0.073266587118735 0.94191264262953 0.961647487032915 -6.70071293900453
"KRT33B" -0.0517027880025688 0.421834264019887 -0.0732337923413684 0.941938595580405 0.961647487032915 -6.70071535712511
"KRT31" -0.0517027880025689 0.616384676505695 -0.0676831176943713 0.946332152645532 0.961647487032915 -6.7011090405955
"P02774" -0.0517027880025689 0.817341281900046 -0.0664724187467923 0.94729069291237 0.961647487032915 -6.70119079056527
"P63267" -0.0517027880025688 0.706404285464378 -0.0638326638435417 0.949380923413413 0.961647487032915 -6.70136391972843
"CRYZ" -0.051702788002569 0.771489576565082 -0.0637483944278838 0.949447656259897 0.961647487032915 -6.70136933104767
"P00734" -0.0517027880025688 0.971546688862607 -0.063619814375266 0.949549479350867 0.961647487032915 -6.70137757398017
"CLIC1" -0.0290015791259168 0.656642505144377 -0.0620305608978711 0.950808085674281 0.961647487032915 -6.7014780830149
"ITIH3" -0.0473261955708226 4.69375702630809 -0.0595008070404434 0.952811779716476 0.961647487032915 -6.70163282823088
"C1S" 0.0353547235057147 0.664569223577313 0.0592969656577009 0.9529732460758 0.961647487032915 -6.70164501680287
"HP" -0.0517027880025689 0.619022881242853 -0.0592604592890088 0.953002163625921 0.961647487032915 -6.70164719526344
"ADORA1" -0.0517027880025687 0.406560103967575 -0.0577368382848319 0.954209116055847 0.961647487032915 -6.70173691871417
"KRT83" -0.0517027880025689 0.457778587254636 -0.055981012695413 0.955600146161859 0.961647487032915 -6.7018374184732
"P62736" -0.0517027880025688 0.638998481544567 -0.0557203285942455 0.95580668178474 0.961647487032915 -6.70185207493143
"C4B" -0.0517027880025689 0.648270272682259 -0.0523760698745426 0.95845654854172 0.961647487032915 -6.70203403205856
"KRT81" -0.0517027880025689 0.615608932666368 -0.0522711205677291 0.958539714318998 0.961647487032915 -6.70203956004432
"eNO3" -0.0517027880025688 0.800492843654084 -0.052195705956801 0.958599475980513 0.961647487032915 -6.70204352550599
"RAP1A" -0.0286241559888585 0.599993751912971 -0.0393256254485778 0.968801494495135 0.970339274645127 -6.70263640871347
"ALB" 0 7.83356785233269 0 1 1 -6.70341485728306
