"logFC" "AveExpr" "t" "P.Value" "adj.P.Val" "B"
"P63261" 5.271140562855 2.45979019689723 19.7700996519455 4.46793075123551e-24 1.4096321520148e-21 43.3233679246979
"P60709" 5.271140562855 2.45979019689723 19.7700996519455 4.46793075123551e-24 1.4096321520148e-21 43.3233679246979
"P13645" 5.48344799258706 2.97643993189695 17.0080573308846 1.96743971326483e-21 4.13818153023369e-19 37.8107141996318
"P02768" 6.29517564748687 3.23301415862248 16.3014168312037 1.05081145457706e-20 1.65765506959532e-18 36.2674529675602
"KRT1" 6.17824491017908 3.24960602826261 16.0591430889391 1.88884639626583e-20 2.38372415208748e-18 35.7249205648187
"KRT9" 5.38581970542824 2.75795260815414 14.7178852006553 5.45135337727501e-19 5.73300663510089e-17 32.5918952823528
"TLN1" 5.67960133494518 2.71389669310979 13.2504460433672 2.74087405907043e-17 2.47070218753349e-15 28.8992122333608
"P68366" 4.16698666953726 1.76508982753113 9.54936503887133 1.78365640104814e-12 1.40685898632672e-10 18.2685283398783
"P19823" 3.55475776138154 1.72378064659439 8.86231477707267 1.68396471663618e-11 1.1806463735527e-09 16.0924587753941
"eeF1A1P5" 2.9534017948832 1.86671378928113 8.31674758803349 1.03806383194806e-10 6.55018277959228e-09 14.3262975134143
"KRT2" 5.39455863191657 2.86031237617989 7.98302137550096 3.20191359905026e-10 1.83673407363701e-08 13.2314372855168
"FLNA" 4.74611181074152 1.75658537855711 7.91864045561176 3.98336796436383e-10 2.09458765459465e-08 13.0191006847058
"TUBB1" 2.9709109274147 1.29215683445709 7.67818612920167 9.02994905179686e-10 4.38299834744909e-08 12.2231723436902
"KRT14" 4.25799126042506 2.44276934440136 7.59730684419872 1.19025853747111e-09 5.36466526531621e-08 11.9545099686775
"TUBA1B" 3.93582119165332 1.66164867095912 6.93402275251667 1.1624523464439e-08 4.89004953737399e-07 9.73758390810677
"P07996" 4.28478149654597 1.8511055360765 6.76990803244778 2.04845901643335e-08 8.07861024605904e-07 9.18654796300061
"VTN" 2.21440655221738 1.30500717022259 6.6651983574202 2.94131301945274e-08 1.09174618545569e-06 8.8347507184833
"FBLN1" 3.3338157813551 1.2055395696611 6.48214508258989 5.5376397321951e-08 1.94125037278617e-06 8.21963187782185
"P68104" 2.9534017948832 1.79940580014137 6.45107445674704 6.16550738215262e-08 2.04759745165174e-06 8.11523963399281
"POTee" 3.3462432047475 1.22222899345803 6.3977999922947 7.41211032511803e-08 2.33852080757474e-06 7.93627335700741
"PKM" 2.40633686098345 1.39826985526521 6.35951938376124 8.46060140836742e-08 2.54220928032374e-06 7.8077038494041
"P13647" 4.15760405751023 2.44539382196407 6.25090930139617 1.23134932871951e-07 3.5317337564637e-06 7.44309832498907
"P11142" 3.03540049896842 1.29353643577238 6.21678680048485 1.38537297802196e-07 3.80074064839937e-06 7.32861494859465
"P07900" 3.46182127801635 1.26570801424459 6.14963793253572 1.74686165866575e-07 4.59279044424204e-06 7.10344082989541
"P68032" 4.49159901436552 1.87318986533482 6.12902467718554 1.87567716155824e-07 4.634955721488e-06 7.03435137545822
"P02771" 2.73187759883097 1.20445681963199 6.12379967202934 1.90980742882231e-07 4.634955721488e-06 7.01684147687153
"P68371" 3.43528199427409 1.45345865388749 6.03713211025678 2.57533554442993e-07 6.01865455013069e-06 6.72658070075283
"KRT16" 3.6080896028104 2.30697925096178 5.99032131578528 3.02631821485826e-07 6.82002426276986e-06 6.56995902113166
"COL6A1" 2.08299319104037 0.906037327762269 5.82780561046411 5.29510992343583e-07 1.06476213720954e-05 6.02721811881728
"P06396" 4.39030996282615 1.8637240805787 5.82411598898707 5.36270446241372e-07 1.06476213720954e-05 6.01491674964702
"LOX" -2.82572058708118 0.69202037673911 -5.82286581173476 5.38580213460766e-07 1.06476213720954e-05 6.01074882670414
"MYH9" 3.76323005784814 1.83979858127324 5.82211374607366 5.39974459440655e-07 1.06476213720954e-05 6.0082415961315
"C4A" 3.2497021524195 1.69571761681544 5.72913627216162 7.43138920206728e-07 1.41864672004435e-05 5.69860937706182
"P01024" 3.89187304921677 2.16965196404416 5.72091381887802 7.64405522686337e-07 1.41864672004435e-05 5.67126070748872
"CHI3L1" -3.16711740369002 0.759499594345939 -5.60267080468819 1.14631171136105e-06 2.06663625676806e-05 5.27864063177104
"AMY2A" 2.17183347867139 0.570364073266519 5.564252466002 1.30730541808264e-06 2.29141588558373e-05 5.15136272689966
"ACTBL2" 3.17108535973927 0.466625960054164 5.44614940225021 1.95647834856699e-06 3.33658875120478e-05 4.76108199381055
"P63104" 1.88077568599944 0.884129142970355 5.30502398404459 3.16164073972847e-06 5.24998764939122e-05 4.29690731681497
"KRT71" -3.77391322753772 2.06923573706999 -5.28836238645696 3.34547729177538e-06 5.41281069515453e-05 4.24227848725737
"CKM" -3.31398639745594 1.31106230670835 -5.22493367059413 4.1473306030644e-06 6.39887224240834e-05 4.03467181842383
"P02788" 2.18236834096397 1.24423163318215 5.22419236251113 4.15774583104187e-06 6.39887224240834e-05 4.03224891150468
"KRT6A" 4.11096626188167 2.4219735959836 5.136338852359 5.59413217948263e-06 8.40451763155605e-05 3.74569784619705
"ANXA5" -2.4481864713275 0.794981727204845 -5.12389551296592 5.83378221527837e-06 8.5607362275364e-05 3.70520924562281
"Q04695" 2.9673381179247 2.00730714342483 4.90083167536962 1.23268441286937e-05 0.000176778151027403 2.9839166119589
"P04406" 2.44149921070754 1.46040235764334 4.61796695403999 3.14475734610176e-05 0.000440964863420047 2.08343208858727
"KRT13" 2.2484320161663 1.5651524960697 4.59522731601143 3.38838015077937e-05 0.000464797364161257 2.01182628597019
"IGFBP3" -3.59033794835051 1.43521702137938 -4.58147251706815 3.54462681739218e-05 0.000475885004632864 1.96857425619284
"eDIL3" 2.32982687699176 0.874239341804051 4.51656436455224 4.38250470940848e-05 0.000576116764924323 1.76510555309256
"APOB" 3.73940650420265 1.56865439369341 4.4787221532635 4.95749498972868e-05 0.000638403946636489 1.64697748932859
"LRP1" 2.11603876068538 0.614868001325349 4.45318238369251 5.3866266106781e-05 0.000679792278267576 1.56746530838392
"KRT79" -3.73461190798521 2.41563447401021 -4.43942869582904 5.63256203756028e-05 0.000696891499156968 1.52471856249129
"F12" -2.82821265866473 1.40352742793015 -4.35137514972993 7.48820441497836e-05 0.000908664804971412 1.25227691507472
"POSTN" 2.58032324630645 0.858096457429997 4.27123340376167 9.6876161829643e-05 0.00115337468140575 1.00623727548507
"KRT6B" 4.11096626188167 2.22641661277503 4.2328880415819 0.000109515391565525 0.00127970763107123 0.889190875352116
"AMY2B" 2.20684731433606 0.74822742113586 4.21672845600987 0.000115310506918574 0.00132292599755673 0.839999561171882
"P08238" 2.68424279091935 1.08591880466753 4.14371741722724 0.000145433277782094 0.0016387213978661 0.618767589706727
"COL10A1" -2.13775668701358 0.836743477537966 -4.10880020646611 0.000162420753645079 0.00179802623772009 0.513569559988885
"QSOX1" 1.02448934119619 0.805070645396471 4.07053606116189 0.000183250260107531 0.00199363645048021 0.398750385524374
"LYSM" -1.86629219230694 1.03729602438514 -4.04456553281922 0.000198841098844992 0.00212658870120661 0.321101355182681
"NACA" -2.56122825546359 0.816083855863542 -4.00760783934885 0.000223264953998616 0.00234800309955212 0.211000696999937
"GARIN1B" -2.21881935378496 0.931787480834391 -3.99835037558123 0.000229824235553916 0.00237736217433641 0.18349613456879
"MYH11" 1.73303992089142 0.652544957969425 3.95125349315995 0.000266192517124399 0.00270915287589509 0.0440372091160857
"SeRPINA5" -1.53419030500935 4.39741935957571 -3.93779804853572 0.00027756749306939 0.00278008076391723 0.00434004800992316
"VCL" 2.84928429111411 0.917727114954689 3.91030515046037 0.000302289707805047 0.00298038758789039 -0.0765666100229181
"HBA1" 2.22383195761916 1.70191375070829 3.87921343073613 0.000332814854051358 0.00323086419856011 -0.167728403676535
"DSG1" -2.57344838086124 1.03087995997917 -3.82059372573023 0.000398659051640642 0.00381142214523098 -0.338614042011254
"P61204" 1.20146653815077 0.540338427439164 3.79542157780648 0.000430641098174912 0.00405573929773686 -0.411590144578127
"KRT17" -5.10436951307524 3.15566229471789 -3.72611746888881 0.00053198866385184 0.00487619340034777 -0.611218853213725
"KRT3" 2.03909834317052 1.58048859238809 3.72536071194292 0.000533212907486523 0.00487619340034777 -0.613388060993039
"TUBB" 2.30336208712772 1.37916446976825 3.70604789814116 0.000565389355318172 0.00509658118865381 -0.668668582329921
"UBA52" -2.22622546564289 1.27572881511371 -3.65367685513144 0.000662313293880735 0.00588353236238998 -0.817802297202493
"P01023" 3.3447794115416 2.29391897658004 3.64918194236617 0.0006713380825548 0.00588353236238998 -0.830548961441843
"CALD1" -2.09253731745056 0.613608729397705 -3.63780346067861 0.00069471424506452 0.00600499573473578 -0.862778013308609
"KRT73" -2.53664515723791 2.38515311888049 -3.62357223558785 0.00072505186446012 0.00618253684424778 -0.903010235919116
"CAPNS1" -1.95330296431344 0.739184125827107 -3.57310180677955 0.000843217221866312 0.00709426755996858 -1.04499274804914
"Q13509" 2.53638802814791 0.919595553811429 3.56844211479151 0.000855012429439451 0.00709885319705649 -1.0580456824437
"P61224" 1.18842301932783 0.922756113454085 3.55340671511417 0.000894158805986732 0.00732745722828088 -1.10009866471658
"P49747" 1.35547437457275 0.476961206766378 3.49081920617689 0.00107632354270513 0.00859722274824052 -1.27407397976583
"APOA2" -1.76381543658755 2.08661494538222 -3.49036574915128 0.00107776450643574 0.00859722274824052 -1.27532804148203
"HBB" 2.84331191998999 3.60338993350591 3.48511624596304 0.00109458069985062 0.00859722274824052 -1.28983905372423
"JUP" -3.46210146249046 1.93676595742777 -3.48081133917646 0.00110855768088667 0.00859722274824052 -1.30172960446523
"APOH" -1.63362078740713 3.60746490795528 -3.47816618047889 0.00111723021450986 0.00859722274824052 -1.30903159150269
"B4GAT1" -1.49914177384155 0.601513335851212 -3.47302763404656 0.00113426315904601 0.00862313317298832 -1.32320747627961
"P84077" 1.20146653815077 0.497523308665411 3.45293952212388 0.00120325862795458 0.00903876421713502 -1.37850914636574
"CSN1S1" -2.13946293843936 1.04968891000601 -3.38247834431547 0.00147828190761974 0.0109740692200947 -1.57100247854858
"SeRPIND1" 1.74999234154136 0.688028441939677 3.36829995132156 0.00154042392524612 0.0113024127538407 -1.60945312694371
"LTF" -3.60175004810797 2.26415786302272 -3.29594162599785 0.00189818739606301 0.0137673131829398 -1.80416949702667
"IGFBP2" -3.47464812366769 2.40775523204748 -3.25154300175829 0.00215533253641603 0.0154547139827104 -1.92236908227413
"P37802" 1.07660441602855 0.354293361291635 3.243584472306 0.0022047812967376 0.015631651665634 -1.94345204049913
"TUBA1A" 2.56375027945741 1.19948842838369 3.2379189368038 0.0022406351594535 0.0157093420623906 -1.95844110125411
"SPON1" -1.8933759278928 0.468705315670895 -3.21236752288617 0.00240929877248848 0.0165168459146427 -2.02583850669677
"HRG" -2.29988871228499 1.90016836831577 -3.20962126006111 0.00242812457140279 0.0165168459146427 -2.03306251236358
"O75083" 1.2340771908414 0.280586141774954 3.2087194152272 0.00243433703654797 0.0165168459146427 -2.03543395828327
"KRT20" -2.15386476125676 1.22298441785712 -3.1837554247499 0.00261238680425393 0.017536341207279 -2.10091166134503
"IGF2" -1.8096145128656 0.705943254415119 -3.16172934249724 0.00277962556046411 0.0184625655647669 -2.15841513234249
"P01008" 2.16167427935357 1.58182119686144 3.15556448301154 0.0028282125742469 0.0185896055661437 -2.17446431737749
"eHD3" 1.02448934119619 0.929085257842862 3.1441936475223 0.00291993695126023 0.0187940742977593 -2.20401401219492
"AMY1A" 1.73643232446756 0.755503261094872 3.13711349721589 0.00297845868427248 0.0187940742977593 -2.22237895375479
"AMY1B" 1.73643232446756 0.755503261094872 3.13711349721589 0.00297845868427248 0.0187940742977593 -2.22237895375479
"AMY1C" 1.73643232446756 0.755503261094872 3.13711349721589 0.00297845868427248 0.0187940742977593 -2.22237895375479
"TLN2" 2.06843812687503 0.966455129892931 3.11490064934474 0.00316931396688157 0.0198003674564581 -2.27982357003896
"PARVB" 0.758158093024356 0.408945657906606 3.09124324352949 0.00338520684437522 0.0209418188117722 -2.34071423172605
"RGN" -1.70969433092856 1.02697867734299 -3.08155200952066 0.00347757876197977 0.0213043902797013 -2.36557109588532
"KRT75" -1.9638446934963 3.74408656908985 -3.06553583639224 0.0036354469821237 0.0218970607205695 -2.40653918285514
"ARFIP2" -1.85574560494122 0.436516442761799 -3.06471400780688 0.00364372642735308 0.0218970607205695 -2.40863759393329
"KRT222" -1.8096145128656 0.871570823600914 -3.00521724549861 0.00429242064624595 0.0254528245370091 -2.55956805455201
"HABP2" -1.69360933732017 1.13805930585204 -3.00320981294887 0.00431608910532484 0.0254528245370091 -2.56462630234249
"P26038" 1.71241289761046 1.1333406550057 2.92675868134834 0.00531388163566061 0.0308181287946996 -2.75557425931314
"KNG1" -1.36133872566557 4.54464354662345 -2.92353251786472 0.00536038731662036 0.0308181287946996 -2.7635588637864
"IGF2R" 2.46435440924298 0.877479878395385 2.9227023565644 0.00537241547926618 0.0308181287946996 -2.7656125053513
"MST1" -1.94327544375228 1.60785553826297 -2.91460605879792 0.00549104907325129 0.0312148825695637 -2.78562018582331
"F10" -1.97205116820134 1.80481524069034 -2.86459400084004 0.00627967488855257 0.0348834383295228 -2.90836682495268
"KRT8" 2.10520295553999 1.37402142304736 2.86326514316873 0.00630199932778783 0.0348834383295228 -2.91160833619169
"CDH1" -1.66849389384055 0.600999147693407 -2.8632509795385 0.00630223766967607 0.0348834383295228 -2.91164288024054
"KRT76" 2.41654872793685 1.50032032286503 2.80944042182105 0.00727072386961786 0.0397289952795815 -3.04202426831005
"SeRPINA3-1" 3.56883628638807 3.84999949266226 2.80773375576463 0.007303587087847 0.0397289952795815 -3.04613118940075
"F13A1" -1.65680634768211 1.66628805992448 -2.79598612943642 0.00753355778334183 0.040629700523835 -3.07435311159824
"Q9BQe3" 2.50672977177545 0.969807632327124 2.78515485647451 0.00775151326313136 0.0414508887206431 -3.10029981691579
"Q86UX7" 1.165332109747 0.290262389270065 2.7806345928414 0.00784418776302184 0.0415939704072839 -3.11110725799451
"O43505" 0.628558667862976 0.29264576963563 2.77302769142005 0.00800246161079654 0.0416770835301992 -3.12926648947875
"Q9NY65" 2.00785162099529 0.771076784687933 2.76996493079807 0.00806701715502847 0.0416770835301992 -3.13656798488329
"PZP" 2.70551380794191 1.58382233784497 2.76721946665243 0.0081252937598904 0.0416770835301992 -3.14310819956049
"P31946" 0.942528761462156 0.416300648724564 2.76692974193922 0.00813146625108328 0.0416770835301992 -3.14379811045722
"CSN2" -1.81353106812022 0.719409121077165 -2.76418729165124 0.00819010833240048 0.0416770835301992 -3.1503260698916
"Q5XKe5" 1.74523792683248 1.3958302434628 2.75012007349854 0.00849710071007838 0.0428933643844756 -3.18373850389094
"CSN1S2" -1.75210576890879 0.825354632457218 -2.72280629278912 0.00912372756351088 0.0456910483537727 -3.24826672243193
"KRT78" -2.35317792677084 1.21398713660327 -2.70685482920455 0.00950911642656212 0.0472460824028402 -3.28573812232531
"P15311" 1.19715611536617 0.776083929513556 2.69293724404803 0.00985755544241775 0.0482181297814402 -3.31830223726511
"KRT7" -1.6761204752041 3.18158863035919 -2.69293592046078 0.00985758913122945 0.0482181297814402 -3.3183053284104
"CCDC168" 2.27893521686899 0.497858398849557 2.68041397405994 0.0101810894344 0.049417441793126 -3.34750027359693
"ARHGeF9" -1.58310123772627 0.399278493642343 -2.66652229591236 0.010551378315327 0.0508238146333691 -3.3797733138007
"ACTG2" -3.05052268484091 1.10752783647369 -2.65725805324682 0.0108051546612529 0.0512635533176734 -3.40122816202914
"ACTA2" -3.05052268484091 1.10752783647369 -2.65725805324682 0.0108051546612529 0.0512635533176734 -3.40122816202914
"FAM124B" -1.49527684676027 0.542232326333978 -2.65412883260518 0.0108921318702941 0.0512905612698179 -3.40846276393996
"KRT19" -2.55834086404152 2.96099265043905 -2.63305438856046 0.0114948353515378 0.0537277119023731 -3.45702357460873
"CCN2" -1.49566733134225 0.732630820155657 -2.60647899928204 0.0122984023231423 0.0570609696022265 -3.51785479256003
"KRT5" -1.62334672987071 4.67624021226336 -2.59839688040567 0.0125527879042265 0.0575073407853226 -3.53626462035346
"FeRMT3" 2.13954925513262 1.78631223336103 2.59763914422156 0.0125768827707995 0.0575073407853226 -3.5379884618566
"CFH" -1.52640709808002 4.64711187182647 -2.59192527342952 0.0127599413350042 0.0579246257725729 -3.55097548167912
"LASP1" -1.63490168447937 0.588559131748599 -2.56391622260828 0.0136930016449775 0.0617163145570059 -3.61433003874709
"P23528" 0.769644375965335 0.716620014092231 2.55429662330683 0.0140275492376242 0.0627757699924886 -3.63597068100182
"P00747" 1.90537107149638 1.01723332705427 2.5492713424587 0.0142052643437979 0.0631233929643413 -3.64725160450475
"HSPA6" 1.44235554883425 0.711514689119529 2.54505672420536 0.0143558902213579 0.0633466204872505 -3.65669991747066
"ARF1" 1.20146653815077 0.648213854274732 2.53921939704391 0.014566913278976 0.063831404715513 -3.66976668291119
"P62258" 1.05820921581073 0.499107347535886 2.52227545587372 0.0151955422679718 0.0661268080764841 -3.70756789289552
"C5" 1.71728972060873 0.771532167322534 2.48707488738341 0.0165810111339859 0.0716617672982542 -3.78548853727177
"CRYZ" -2.01042850622838 0.771489576565082 -2.47881389641386 0.016922332027247 0.0726393980217201 -3.80365505508088
"THBS3" 0.743550032464575 0.323629307052341 2.44904657136179 0.0182056878547062 0.0776201961913488 -3.868733682857
"ARF3" 1.20146653815077 0.662656135431604 2.42359935682003 0.0193718801688636 0.0820379623258585 -3.92389028349552
"LGALS3BP" 1.45119245917128 0.705418077214483 2.41077161912386 0.0199849460815637 0.0840700065164445 -3.95152632442695
"P35900" 0.810770761935627 0.909107359925009 2.4018438531732 0.0204218892707635 0.0850670063209614 -3.97069350351629
"TTR" 1.00228443702522 3.61322770476154 2.40043591699146 0.020491576799978 0.0850670063209614 -3.97371121170076
"H2AZ2" -1.63490168447937 0.622406535074498 -2.39295696694013 0.0208653597702672 0.0860525621897947 -3.98971831482943
"HSP90AA1" 2.35470751624682 2.00619567514892 2.38082299067968 0.0214848616646514 0.0880321279895782 -4.0156061656761
"OGN" -1.39962829966472 0.903564955960522 -2.36714620888575 0.0222029195772841 0.0903873693759114 -4.04466302473899
"ACTA1" -3.1948500251232 2.17781526642366 -2.35117932588006 0.0230684294200808 0.0933088395132754 -4.07842024362058
"CFD" -1.38204385892758 1.75420206290034 -2.33786225059655 0.0238133184112969 0.0957083052071869 -4.10643864563929
"P04272" -2.30460687838869 1.21847887840817 -2.32598948478503 0.0244955134262375 0.0978270188098471 -4.13131311058663
"KLKB1" -1.63466969588717 2.45522538487941 -2.30581780765115 0.0256947336213568 0.101149762268421 -4.17334611796877
"PFN1" 2.08837427577623 1.79396376116169 2.30002692777419 0.026048562760737 0.101149762268421 -4.18535961845897
"ANXA2" 1.1284440372692 1.02910085649948 2.29628513177636 0.026279498038243 0.101149762268421 -4.19310949236425
"H2A1" -1.63490168447937 1.08487554912278 -2.29478055966022 0.0263728708076897 0.101149762268421 -4.1962228971732
"H2AJ" -1.63490168447937 1.08487554912278 -2.29478055966022 0.0263728708076897 0.101149762268421 -4.1962228971732
"H2AC20" -1.63490168447937 1.08487554912278 -2.29478055966022 0.0263728708076897 0.101149762268421 -4.1962228971732
"RPS27A" -1.6423077963373 1.43074905315533 -2.29243766535331 0.0265188588351502 0.101149762268421 -4.20106782598064
"MDH1B" -2.249858520321 1.30473120409333 -2.29098206222198 0.0266099216110267 0.101149762268421 -4.20407593194103
"CLeC3B" -1.41549269739757 2.73407577761207 -2.28023276119472 0.0272910799664861 0.103117793166783 -4.22624326713869
"ARG1" -1.60895486051705 0.789853158760867 -2.2748507984856 0.0276379258702994 0.103806733477136 -4.2373109573817
"PGAM1" 0.870868969405469 0.402911325504952 2.25062571296804 0.0292482152399556 0.109204874653325 -4.28687082887233
"H2AZ1" -1.63490168447937 0.669371869306268 -2.24209567240948 0.0298347675483427 0.110215155645655 -4.30422092953806
"HMGB2" -1.64972380839882 1.45785418284916 -2.24161494717243 0.0298681325125308 0.110215155645655 -4.30519715792356
"APOD" -1.26227496919042 2.04941190125326 -2.23659078595108 0.0302188242165795 0.110860919073614 -4.3153899109298
"KRT35" -2.31609382622995 1.03842056043664 -2.23143563772825 0.0305824526434566 0.111546402416307 -4.32582937891601
"CLeC11A" 0.499260158969112 0.313556625083039 2.198488087941 0.0329994731814827 0.119670503319055 -4.39209300842151
"P0CG53" -1.6423077963373 1.03241699431888 -2.18044269285033 0.0343936231048038 0.124013578166464 -4.42804883299556
"TIe1" -0.884632461409967 0.329321550699608 -2.16702134923312 0.035463982371235 0.127146436796871 -4.45463560700263
"CPN1" 2.03415478517305 2.23358421359915 2.16403037849101 0.0357064763107548 0.127292579390318 -4.46054238064394
"CL43" -1.48947938704978 0.940884828078096 -2.15591982547746 0.0363714076251528 0.12893459669366 -4.47652631132347
"TG" 1.73887357015249 0.830439203374032 2.14765730338714 0.0370599812500606 0.130641609881499 -4.49275954588264
"KRT27" -2.5130599683147 0.822600485886249 -2.13445686586078 0.0381838633399727 0.133855654264016 -4.51858881437178
"KNG2" -1.46948095929676 4.12277039415999 -2.12071902917427 0.0393851753115587 0.137304119456318 -4.54533148153196
"UBC" -1.6423077963373 1.09692025673344 -2.11514495775415 0.0398819770297442 0.138272129152575 -4.5561419104804
"H4C1" 0.852535929075412 0.852768548672937 2.06037745350735 0.0450625050470658 0.155379457293434 -4.6611131073196
"TRAP1" -1.41835092831766 0.607607333279489 -2.05080930605474 0.0460253617881897 0.157836974393194 -4.67921858364577
"COL3A1" 0.546893933013695 0.302753326489726 2.0457121578148 0.0465455649799092 0.158758116228771 -4.68883521009404
"BLVRB" -1.53175922709579 1.35086998416588 -2.04207440730702 0.046919944241811 0.15917464955152 -4.69568628938347
"NCAM1" -1.06243856345285 0.308761910501216 -2.03681464829532 0.0474658783983031 0.159437712285054 -4.70557422948421
"ITIH2" 0.719531051659317 0.271640739549629 2.03646047947854 0.0475028366237562 0.159437712285054 -4.70623927774833
"COL1A1" 1.68303651718858 1.249747684195 2.03027577214748 0.0481522629109882 0.160373753727768 -4.71783723829835
"OMD" -1.09719538525747 0.579161880070687 -2.02897302030223 0.0482900367801519 0.160373753727768 -4.72027649885245
"AKR1A1" 0.820618609749346 0.457750447432581 2.01647369332633 0.0496293890634859 0.163958871722825 -4.74361380003799
"UTRN" 0.791483416677026 0.277898308571694 2.00069755301079 0.0513657103974852 0.168811266983402 -4.77289724981584
"KRT28" -2.36716695948176 1.15356301224141 -1.98372186056182 0.0532924755640112 0.174236021144513 -4.8041921405171
"P02649" 0.886706569981141 0.591694934187602 1.95945109734212 0.0561553729968701 0.182649692582603 -4.84854627237153
"HPX" 0.904006267901821 4.43467162277725 1.95617720768563 0.0565514995176766 0.182908888309261 -4.85449400943789
"ADAMTS13" 0.674933511916501 0.332982228000967 1.95302151475888 0.0569355960400549 0.182908888309261 -4.86021907482381
"TUBA1C" -1.28451249041448 0.335330475246119 -1.95163816367739 0.057104676698771 0.182908888309261 -4.86272629426704
"KRT25" -2.5130599683147 0.870916214072822 -1.93864888855463 0.0587134449252091 0.187112039130338 -4.88619514706816
"Q0VCM4" 1.40211863335863 0.998684414612892 1.93022548689792 0.0597773643036391 0.189545310932645 -4.90134355452761
"ORM1" -0.855267154303136 3.86425014046426 -1.92658099116479 0.0602427774165254 0.190065962749138 -4.90788039135337
"HBD" 1.29909856207845 0.814906290238242 1.89945506476994 0.0638052792093691 0.199332063370723 -4.95620416534412
"HBBF" 0.627209171016105 5.04709494072043 1.89940860261808 0.063811532172561 0.199332063370723 -4.9562864357201
"PKP1" -1.19084477197259 0.315565674847234 -1.88721142752686 0.0654712315373263 0.203509099015039 -4.97782458033448
"LBP" -1.41778939162158 1.85962211188047 -1.88409638898801 0.0659009493626846 0.203840681607127 -4.98330622962081
"P34931" 1.0145500929409 0.704760182144938 1.86586558008795 0.068464298763056 0.210736451314577 -5.01523237691422
"COLGALT1" -0.778932190682463 0.276744504294037 -1.83261361569746 0.0733578732672258 0.224310958146355 -5.07277771063376
"GDI2" 0.959178919559097 0.851446839452645 1.83111394641446 0.0735853697881071 0.224310958146355 -5.0753520367687
"P06733" 0.899272063616983 1.00307738353785 1.82666899089945 0.0742631631105073 0.225288730397741 -5.08297155942558
"P12814" 1.223044318513 0.537805322538134 1.81688573513054 0.0757735510198698 0.228770864562382 -5.0996856941914
"KRT10" -3.14146244940501 1.86919749840774 -1.81224484526135 0.0764990405028869 0.229861402653913 -5.10758728510608
"LDHA" 1.73435904176247 1.61294037748063 1.7986014272785 0.0786658107419832 0.234942779338362 -5.1307153705996
"SeRPINA3-4" 1.7207425807556 4.28063114130312 1.79518779520076 0.0792159415949975 0.234942779338362 -5.13647843140414
"KRT80" -1.5352442421313 1.37415635638299 -1.79250693209907 0.0796502438845169 0.234942779338362 -5.14099774385448
"P02675" 0.602379914379046 0.361465457081215 1.79232687634235 0.0796794845933591 0.234942779338362 -5.14130106620942
"SeRPINA3-7" -0.748017712525195 4.02428387310896 -1.78540504936223 0.0808104275310925 0.237169208242416 -5.1529415535509
"HNRNPK" -0.884632461409966 0.431388864781368 -1.74975866765727 0.0868498058363184 0.25371401612369 -5.21226772403343
"GALK1" -0.562771919102739 0.276395954789196 -1.72544056885515 0.0911822695239805 0.26514291276328 -5.25214078310807
"FTL" 0.990834324513515 0.686434797671335 1.70752185237714 0.094488240594544 0.273495778968611 -5.28120814202047
"AOCX" 1.38369518980275 0.648107272474439 1.69755899808261 0.0963689014787188 0.276787197746258 -5.29725434638998
"WDR1" 0.818206725009995 0.49446527816826 1.69685650871184 0.096502667993941 0.276787197746258 -5.29838266080012
"AOC3" 1.06766422744398 0.499763080736666 1.69164198462676 0.0975004097112345 0.278383522750176 -5.30674519899271
"Q7RTS7" 1.13339972549119 1.14685695489893 1.67579162298294 0.100585597946541 0.285898704073276 -5.33202514128097
"HMGCR" -0.929028549375018 0.299332174844075 -1.66102703993376 0.103531311893534 0.292951828721167 -5.35538427896435
"P62826" 0.473929366754661 0.748294253470853 1.65550408534949 0.104651256015696 0.294798850651359 -5.36407518542402
"F12AI" -1.02943261859667 4.11224061514221 -1.647366300265 0.106319522724332 0.298167194840238 -5.37683406068335
"TGFBI" -1.35929093451807 2.44310842150736 -1.63606139653863 0.108673133903975 0.303419236696498 -5.39446597969491
"Q32Le4" -0.789794196237898 0.358614391703744 -1.63281676876744 0.109356455373498 0.303982041148358 -5.3995066197873
"FLNB" 0.706998585595777 0.413331594768217 1.6284388718678 0.110284001287218 0.305215810579977 -5.40629374010622
"KRT83" -1.4905356176122 0.457778587254636 -1.61387222152059 0.11341654397113 0.310225108446157 -5.4287599217079
"CAPN1" -0.778932190682463 0.388832623725532 -1.61234341702152 0.113749469332177 0.310225108446157 -5.43110737802951
"SYNCRIP" 0.787850131598829 0.978798074633221 1.6112195836688 0.113994711380262 0.310225108446157 -5.43283174299352
"Q86Y46" 1.27520781824594 1.05126095261204 1.61006068010813 0.114248056574309 0.310225108446157 -5.43460879607472
"RBP4" 1.46986138843109 1.85734450256641 1.60867207425498 0.114552219125126 0.310225108446157 -5.43673657175327
"FGG" 1.68866451517001 1.88977614221664 1.60528825936924 0.115296172333247 0.31090549035162 -5.44191477266581
"PPIA" 1.16399887244353 1.35382875730019 1.59457859722883 0.117676658195784 0.315974346049105 -5.45823946725499
"KRT4" 0.833151307613624 0.841445248595557 1.59196729963192 0.118263084923171 0.316203417739496 -5.46220505855237
"LDHB" 1.42650472129876 1.58525526685111 1.58098339182945 0.12075574297242 0.319930664085259 -5.47882189704519
"P62979" 0.550234392753123 0.649622135978336 1.58017920722794 0.120939898780802 0.319930664085259 -5.48003445155113
"UBB" 0.550234392753123 0.577739721944097 1.57510212274061 0.122107781177183 0.319930664085259 -5.48767695818899
"P0CG48" 0.550234392753123 0.577739721944097 1.57510212274061 0.122107781177183 0.319930664085259 -5.48767695818899
"Q3SWY2" 1.06160202641814 0.975216442046511 1.57473657332538 0.122192218771073 0.319930664085259 -5.48822636758389
"ADORA1" -1.40594620654518 0.406560103967575 -1.5700292363429 0.123283775091529 0.321454801994855 -5.49529113830262
"P08727" 1.20343449781558 1.29650660735389 1.5623897370422 0.12507197773435 0.324173975566355 -5.50671613270942
"MAPRe2" 0.610258258049303 0.42282012260482 1.55913775174612 0.12583949174367 0.324173975566355 -5.5115643556837
"O43707" 0.928636121747194 0.363742985490342 1.55901783149703 0.125867866899773 0.324173975566355 -5.51174296545464
"YWHAB" 0.942528761462156 0.691992842911427 1.55509868780699 0.126798039299479 0.32504590162718 -5.51757336619836
"LIMS1" 0.457292657864647 0.626390033840329 1.55310485729556 0.127273373220631 0.32504590162718 -5.52053447323622
"SeRPINF1" -0.539236981349729 4.38231994384435 -1.55110410196976 0.127751796519082 0.32504590162718 -5.52350243317202
"BRN" -0.929028549375018 0.463884710841 -1.54697085027944 0.12874471994161 0.326256699932354 -5.52962288901332
"FTH1" 0.503667501918172 0.282484824372127 1.54359986838988 0.129559102546259 0.327007174826757 -5.53460371350129
"DSP" 1.23261592688566 1.36211428931009 1.53443479004117 0.13179415685407 0.331323159262622 -5.54809621369813
"CLU" -1.08658644449779 3.10692691815279 -1.52813118327209 0.133349231867121 0.333286478727412 -5.55733414292202
"PFKL" 0.592718939162193 0.353274024389126 1.52505768758299 0.134112752775152 0.333286478727412 -5.56182591392963
"H4" -0.883629043630096 1.60037448391229 -1.52486919423323 0.134159691912461 0.333286478727412 -5.56210112275948
"MYLK" -1.06243856345284 0.407756496006438 -1.51368326631074 0.136968815138548 0.336589664129014 -5.57837810514156
"DDBX" 1.01052148963148 1.09075362379658 1.51133336565047 0.137564862770718 0.336589664129014 -5.58178375964093
"RAP1BL" 0.791483416677026 0.558280460192407 1.5099410925282 0.13791898349545 0.336589664129014 -5.58379929194301
"eeF2" -0.845955200369521 0.411835233384375 -1.50923814757584 0.138098051077705 0.336589664129014 -5.58481627647857
"P27348" 0.554074351327687 0.290054174300835 1.50762121039784 0.138510650724405 0.336589664129014 -5.58715395301351
"KRT81" -1.4905356176122 0.615608932666368 -1.50692003252959 0.13868987745411 0.336589664129014 -5.58816697219531
"MYH14" 0.554543806369782 0.505922711842503 1.50442183668097 0.139329936714972 0.336847471521638 -5.59177274982062
"ASL" -0.779322675264446 0.347499488022769 -1.49624660186704 0.141440934001094 0.340298459858477 -5.60353465165366
"APOA4" -1.13065729245929 2.28641850567132 -1.49472754059776 0.14183596662881 0.340298459858477 -5.60571376857429
"HSP90B1" 0.599281750116128 0.401908665735753 1.48341315536933 0.144805880854661 0.346107995527618 -5.62188131574362
"MSN" 1.63252572560574 1.31140299204594 1.47622139308822 0.14671909017522 0.34935753170024 -5.63209996808462
"DSC1" -0.86675658164847 0.453335524236637 -1.46439360730867 0.149908977856704 0.355611146720227 -5.64880776648028
"P68133" 1.45332990191922 1.11980822651831 1.45928255320287 0.151304200213774 0.356323835768917 -5.65598977193572
"SPP2" -1.13395170234072 0.907685424247359 -1.45915624767652 0.151338808218811 0.356323835768917 -5.65616696604473
"KRT6C" 1.36771877180282 2.16427141361773 1.45271122701191 0.153113040642694 0.359161073031747 -5.66519015807524
"PRDX1" -0.86675658164847 0.546049595625712 -1.44928247605955 0.154063570069928 0.360052269311574 -5.6699756731432
"ARF4" 0.525490339506455 0.30652531458429 1.44240884916774 0.155983044838941 0.36319299370248 -5.67953817026784
"ACTN3" -0.657367209465685 0.28601249898022 -1.43662126436544 0.157613731401068 0.363349047645755 -5.68755762925775
"Q9BUF5" 0.820400816711974 0.589043054365598 1.43638841370356 0.15767961662001 0.363349047645755 -5.68787965886214
"HRNR" 0.485808637047597 0.465822623919104 1.4360424115047 0.157777557931754 0.363349047645755 -5.68835808766939
"GSTA2" 1.18842301932783 1.47844549928175 1.43354462774928 0.158486007343386 0.363653347758823 -5.69180873583266
"APOe" -0.865385395127231 3.49230270079397 -1.43094713070042 0.159225374640621 0.364026128254464 -5.69539131923387
"TRPC4" -0.531085173131288 0.269665615237759 -1.42403937457013 0.161204757942146 0.367220946792398 -5.70488992279509
"THBS2" -1.08184661109666 0.556608593747009 -1.42198420273619 0.161797348058607 0.36724505980209 -5.70770780652417
"H2BC18" 0.499260158969112 0.730843712997558 1.40981539070785 0.165340978601669 0.371329363048751 -5.72431639835451
"VASP" -0.725090493659623 0.502140227184709 -1.40828973472715 0.165789483427566 0.371329363048751 -5.72638947088013
"HGFAC" 0.431655301560897 0.363443167339019 1.40785970068399 0.165916073362605 0.371329363048751 -5.72697343292533
"LUM" -0.79014359716909 3.19119097981736 -1.40751180997263 0.166018537553302 0.371329363048751 -5.72744572942626
"H2AC6" 0.336941584412228 0.321811550347599 1.40574674433912 0.166539159655779 0.371329363048751 -5.72984033557265
"H2AC4" 0.336941584412228 0.328575956505916 1.39035554339495 0.171132801372704 0.378894026898864 -5.75060431010246
"H2AC25" 0.336941584412228 0.328575956505916 1.39035554339495 0.171132801372704 0.378894026898864 -5.75060431010246
"H1-3" -0.779322675264447 1.0433624240056 -1.38811946219335 0.17180825788209 0.379059478054541 -5.75360351498208
"P62987" 0.550234392753123 0.600125432816278 1.38431181539372 0.172963179670572 0.380277931610213 -5.75870042417818
"SLC2A1" 0.269336727004013 0.273565477653511 1.36621313035273 0.178534928313935 0.388933995826809 -5.78275128529699
"P26583" 0.803768847690105 1.11725100709765 1.36480936968894 0.178972781851632 0.388933995826809 -5.78460453513096
"ACe" 0.61530209587081 0.353554485651329 1.36408052219905 0.179200445193967 0.388933995826809 -5.78556607036056
"UTP15" -1.18056330192962 0.509960648013274 -1.36355173356604 0.179365757187958 0.388933995826809 -5.78626338102756
"GSTP1" 0.628100919796471 0.538057025454663 1.36137254077955 0.180048261074545 0.389076892938485 -5.78913444305539
"KRT72" -1.43711313953139 1.78368945396979 -1.34384592471923 0.185610102119198 0.398806649869898 -5.81207159771932
"CKB" -0.487692858759158 0.278064743634779 -1.34320850381407 0.185814825771395 0.398806649869898 -5.81290062543919
"H1-2" -0.779322675264447 1.01099196772226 -1.33232778152785 0.18933608687343 0.402711655677764 -5.82699602803994
"MFGe8" 0.381189965830866 0.28800563179801 1.33217272209932 0.189386632500855 0.402711655677764 -5.8271961337724
"GPX3" 0.551503609927436 0.481329126730382 1.32888043026169 0.190462266156682 0.402711655677764 -5.83143978699356
"PGK2" 0.473929366754661 0.431077244658023 1.32845374926553 0.190602007729329 0.402711655677764 -5.83198905372282
"CST3" 0.391246878716823 0.296271887536228 1.32777235134076 0.190825332880588 0.402711655677764 -5.83286587947172
"UBA1" 0.505128765873911 0.371507614924474 1.31749532962586 0.194217750585677 0.406213301376695 -5.84603990877553
"HBA" 0.492234595457838 4.52126570357216 1.3170349800786 0.194370773990898 0.406213301376695 -5.84662780973849
"KRT15" 1.344982579109 0.898171136215576 1.31513350263706 0.195003806817877 0.406213301376695 -5.84905412326757
"P54652" 0.722717775222268 0.339616098038885 1.31368200494433 0.195488084339788 0.406213301376695 -5.8509040706791
"HP20" 0.739751716872516 0.680981753881348 1.31132482875866 0.196276471934413 0.406213301376695 -5.8539042814069
"H2BC12L" 0.499260158969112 0.477914723900764 1.30919490418407 0.196990919526575 0.406213301376695 -5.85661095243409
"H2BC13" 0.499260158969112 0.477914723900764 1.30919490418407 0.196990919526575 0.406213301376695 -5.85661095243409
"ADIPOQ" -0.613980907804423 2.93752513994763 -1.3058569064198 0.198114548911002 0.407199610302417 -5.8608446173398
"ILK" 0.724877960279869 0.589892980239292 1.28704734879669 0.204536842458411 0.416718560669769 -5.88451372243974
"O60814" 0.499260158969112 0.497880389597874 1.27889443745635 0.207368665689869 0.416718560669769 -5.8946738601782
"H2BC14" 0.499260158969112 0.497880389597874 1.27889443745635 0.207368665689869 0.416718560669769 -5.8946738601782
"H2BC9" 0.499260158969112 0.497880389597874 1.27889443745635 0.207368665689869 0.416718560669769 -5.8946738601782
"H2BC5" 0.499260158969112 0.497880389597874 1.27889443745635 0.207368665689869 0.416718560669769 -5.8946738601782
"H2BC15" 0.499260158969112 0.497880389597874 1.27889443745635 0.207368665689869 0.416718560669769 -5.8946738601782
"H2BC4" 0.499260158969112 0.497880389597874 1.27889443745635 0.207368665689869 0.416718560669769 -5.8946738601782
"P12259" 0.829412728674264 0.759135697267659 1.27407722501723 0.209055624749268 0.418774918148534 -5.90064883477137
"IGFBP6" -0.657367209465685 0.599377808165143 -1.26829863688587 0.21109277502982 0.421517534948786 -5.90778855332358
"C9" -0.928814640967113 2.59736352446115 -1.2616750344003 0.213446019445397 0.424872045015916 -5.91593514468219
"P02647" 0.89358317600838 0.803771327597334 1.25323132680135 0.21647419725623 0.428653494339804 -5.92626269241381
"PROC" -0.964873436080143 1.68102634411129 -1.25259308863747 0.216704381449124 0.428653494339804 -5.92704069625014
"P00734" 1.01600796807744 0.971546688862607 1.25018864223852 0.217573192405198 0.429027138774 -5.92996836420382
"CTSC" 0.668556817875307 0.512298981811556 1.24750005719114 0.218547733429751 0.429606292193685 -5.9332357847019
"GFAP" -1.05492877899613 1.07772854627193 -1.24478272861397 0.219535980941225 0.43020870799352 -5.93653146541457
"P02765" 1.12354701096653 1.06939274474532 1.20736952247107 0.233480833251402 0.456118903348714 -5.981224155684
"P80209" -0.495048634908801 0.368808821772609 -1.19308852968233 0.238971404562713 0.465404186046518 -5.99794674627714
"COL6A3" 0.500450690739321 0.260466421892031 1.18476892491036 0.242213085401455 0.468487495669944 -6.00760262048048
"P00558" 0.5441351030724 0.750630568987068 1.18473538116448 0.242226219875941 0.468487495669944 -6.00764142343396
"RDX" 0.537856720622988 0.501332519865363 1.18331732505431 0.242781951004868 0.468487495669944 -6.00928086724493
"MAN2B1" 0.500450690739321 0.257721982999801 1.17637595239207 0.245515610965211 0.471904869525349 -6.01727929742738
"CP" 0.868791693148293 0.486714698212137 1.17502896684655 0.246048656218447 0.471904869525349 -6.01882627994328
"COL1A2" 0.782926113934942 1.33481183586698 1.17227881031977 0.247139582207276 0.472560837493307 -6.0219795953103
"ACO1" 0.526458908531621 0.368919030414894 1.15741998599691 0.253094284060376 0.480544748865788 -6.03889630633233
"P61981" 0.310058982944969 0.3862453650712 1.1562880100406 0.25355212264781 0.480544748865788 -6.04017672303498
"GAPDH" -0.634859108540975 3.07871804506745 -1.15617049902539 0.253599685217603 0.480544748865788 -6.04030957611012
"PRDX6" 0.789924876518101 0.846047017692961 1.14339357635123 0.258809471974402 0.487974260079774 -6.05467867106394
"FABP1" -0.776181188852916 0.585698847704855 -1.14276640707651 0.259067158679436 0.487974260079774 -6.05538011508946
"KRT74" -1.24149074522981 0.857335682092491 -1.11540766708265 0.270487238337713 0.507968593425884 -6.08562491861241
"MYH10" -1.07645823371748 1.59849695958135 -1.11006923785784 0.272756568097689 0.509880930805915 -6.09144566178837
"GPLD1" 0.948723658182592 1.27736996011665 1.10921336979564 0.273121639639301 0.509880930805915 -6.09237639624001
"K2C4" -1.29267576459021 1.07211431784201 -1.10061947141192 0.276806516172808 0.515235727743485 -6.10168434131137
"APOM" 0.607325801408451 0.449846401681055 1.09653781897384 0.278568846062901 0.515889559300842 -6.10608109640436
"FLNC" 0.414808111455576 0.271711608969947 1.0933759911217 0.279939434441781 0.515889559300842 -6.10947637011887
"TUBA8" 0.953722022403629 0.601496485451664 1.09250577701647 0.28031748397039 0.515889559300842 -6.11040920265078
"AOCY" 0.500450690739321 0.299076449280129 1.09225135572202 0.280428080570822 0.515889559300842 -6.11068179837352
"GPI" 0.689674963302148 1.05996408749265 1.07515906530837 0.287928268555585 0.528147492612135 -6.12885703452166
"RAB8A" 0.384328091605612 0.302377082886402 1.0686355039234 0.290827372006002 0.531627910147597 -6.13572211748487
"PCYOX1" -0.520313609837341 0.410504855434628 -1.06710445123532 0.291510708258429 0.531627910147597 -6.13732756939595
"eNO3" -1.05492877899613 0.800492843654084 -1.06498613481179 0.292457987862164 0.531818415968373 -6.13954521325018
"KRT77" 0.867380439576912 1.11212838504281 1.04621873596023 0.300943747434985 0.545676737446769 -6.15900942828067
"CHAD" -0.657367209465685 0.459959781554867 -1.04271684650208 0.302545718494133 0.547009594182801 -6.16260485310199
"MAML2" -0.657367209465685 0.395914935966484 -1.040602509591 0.303515772888369 0.547195579121602 -6.16477010188671
"HSPA2" -0.929028549375018 0.692878943111484 -1.03221337283215 0.307385720799564 0.552593703203775 -6.17331994453218
"PYGB" 0.463753696909352 0.383107542668964 1.02546471593941 0.31052330000309 0.555614543220755 -6.18014996212812
"P09429" 0.593268777067221 1.13960692870907 1.02481362977442 0.310827153339028 0.555614543220755 -6.1808066361747
"P63000" 0.503667501918172 0.56948871392229 1.02246246086853 0.311926099731763 0.556003867035996 -6.18317466889035
"C4" 0.442831390245783 4.59241938916497 1.01742990071302 0.314287221798021 0.558528052395125 -6.18822586875467
"RAN" 0.473929366754661 0.736928979129569 1.01567694449739 0.315112498657154 0.558528052395125 -6.18997972746557
"eZR" 0.857558002867873 1.29807461408825 1.01048428328006 0.317565784834976 0.561299748545854 -6.19515810299656
"CNTN1" 0.66284671728109 0.660028748805807 1.00438072870662 0.32046591887324 0.564843560919035 -6.20121242672769
"P21291" 0.218362493220002 0.410715326481604 1.0009073487643 0.322124272457537 0.56618500256464 -6.20464212971567
"RAC1" 0.503667501918172 0.591880443610741 0.970269406453045 0.337002461899101 0.590690426273147 -6.23440190274622
"TPI1" -0.580854921588707 1.16634827998241 -0.955266247092502 0.344452153003891 0.602075646940319 -6.24865138683174
"FHL1" 0.342301293263047 0.658231571395055 0.948586001664398 0.347803842300887 0.60436612620343 -6.25492743945023
"HBG1" 0.218871391273982 0.477156268145192 0.946934138675356 0.348635927001662 0.60436612620343 -6.25647282928772
"HBG2" 0.218871391273982 0.477156268145192 0.946934138675356 0.348635927001662 0.60436612620343 -6.25647282928772
"P07737" 0.218871391273982 0.41744026887899 0.940811671890922 0.351731351474684 0.608061596658975 -6.26217808131195
"TUBB6" 0.855060358771751 0.781667074279942 0.938767421592353 0.352768885016826 0.60818897935961 -6.26407510245748
"F5" -0.838753207955146 4.62038982616386 -0.935666671474643 0.354346445532668 0.609244161120201 -6.26694495756779
"P11021" 0.505128765873911 0.437578763486024 0.930425521788794 0.357023420182023 0.612178744931675 -6.27177505879873
"TUBA1D" -1.14633879104312 1.70209257780935 -0.928375382283781 0.358074122592326 0.612316453538639 -6.27365730737376
"TUBB2B" -0.954035503650679 0.765486657853197 -0.925432003553109 0.359586122829267 0.613240117581804 -6.27635265736208
"CRYZL1" -0.884632461409967 0.725116975696209 -0.913566726486595 0.365723197456119 0.622025168719167 -6.28713448652813
"GNPTG" -0.368766598574404 0.334506007324156 -0.91167282837778 0.36670899292294 0.622025200361224 -6.28884304135464
"CATHL1" 0.504619867819931 0.572803420151975 0.886308201646459 0.380076150584711 0.642970646163412 -6.31139569888615
"CATHL4" -0.531085173131288 0.921576588262768 -0.865737997181798 0.391140918635644 0.659919571280992 -6.3292340246115
"PeBP1" 0.503667501918172 0.681304612077119 0.863237290299709 0.392499702755156 0.660446166502676 -6.3313750032485
"FN1" 0.777598522566064 3.63302739964173 0.844960951976653 0.402519849431483 0.675505385615069 -6.34684023250597
"H2B1" 0.499260158969112 0.855501407010386 0.840328913740313 0.405084356883267 0.677689371007289 -6.3507088902239
"GSN" -0.293280137771541 4.6420356331314 -0.838323199688512 0.406197935080068 0.677689371007289 -6.35237765900579
"LPA" 0.375126408996718 0.288490087895019 0.835184997206408 0.407944057547305 0.677689371007289 -6.35498091006271
"H2BC12" 0.499260158969112 0.94148834362549 0.834874247562588 0.408117212334025 0.677689371007289 -6.35523817291771
"F11" -0.556796255678033 0.767003666770929 -0.83191715249399 0.409767216093027 0.67864334213832 -6.35768164228437
"KRT33B" 0.585849854583087 0.421834264019887 0.829819981692806 0.410939877914434 0.678803829748712 -6.35940945364776
"TUBB4A" -0.830913799284986 0.741573985655821 -0.827831174199148 0.412053846510355 0.678866781065364 -6.36104407888519
"CAP1" 0.760757190246914 1.32920007249191 0.819031927668897 0.417004628339487 0.684389875127719 -6.36823061380483
"BCL2L14" 0.321068426808522 0.278345186011782 0.818021507014817 0.417575438865565 0.684389875127719 -6.36905107509831
"ACTN1" 0.639126649207411 0.758090282966487 0.807432812875016 0.423585801223363 0.688764248638556 -6.3775899289704
"RAP1B" 0.604505350022243 1.39753022001263 0.807299760975599 0.423661655460792 0.688764248638556 -6.37769653620133
"O00299" 0.212807834439834 0.309808546473659 0.806568450231952 0.424078729685394 0.688764248638556 -6.37828219087029
"PGM1" -0.347429224340519 0.393637497378766 -0.80386029846803 0.425625375685701 0.688764248638556 -6.38044646547972
"HSPA5" 0.505128765873911 0.826080446789921 0.802152421464743 0.426602503745684 0.688764248638556 -6.3818077129705
"THBS4" -0.606468221846535 2.70759369313272 -0.801232275958773 0.427129506395059 0.688764248638556 -6.38253994000211
"PGK1" 0.708381114613196 1.44964417635107 0.799913961082235 0.427885238456916 0.688764248638556 -6.38358759590431
"APOC3" -0.531085173131289 1.19778688740857 -0.791811525267825 0.432547638714414 0.694497608215764 -6.38998971024835
"CLIC1" 0.364525543272654 0.656642505144377 0.779672162423642 0.439589593794114 0.704012775847935 -6.39946291743322
"KRT24" 0.414808111455576 0.307843755544185 0.764537366933617 0.448463718386274 0.716406598232251 -6.41107407193636
"P29279" 0.212807834439834 0.375357173522509 0.756642088401748 0.453134440482497 0.722039979657716 -6.41704316593753
"TUBB5" -0.763787800754214 2.02978074745611 -0.75306986939498 0.455256996396139 0.723594873365148 -6.41972403306243
"PYGL" 0.26175341989361 0.289094199092255 0.749540023606721 0.457360043602695 0.725111023902765 -6.42236094652064
"HSP90AB1" -0.64079336014715 1.67089272268817 -0.745761212627745 0.459617654723535 0.726864010352258 -6.42517045128528
"SeRPINA6" -0.712860321520368 1.96150691123315 -0.728728888314656 0.469873072353048 0.739914516290748 -6.43766175600528
"CPB2" 0.57762180980862 2.49092361437449 0.728164553168028 0.470215088799667 0.739914516290748 -6.43807080950144
"HSPA8" 0.6840305671215 2.18840594973386 0.722202464476128 0.473837089677444 0.742864522258834 -6.44237346488263
"P02787" 0.656271386862227 0.814725741700157 0.721205361541023 0.474444377924422 0.742864522258834 -6.44308966962754
"FMOD" 0.511691350778684 1.06522880756232 0.70417984237815 0.484881697572565 0.757327601901704 -6.45516955862443
"P13929" 0.396965449708408 0.395447519903641 0.701454438544663 0.486564332968924 0.758079244699731 -6.45707706988941
"APCS" 0.550692140819628 0.693876707081285 0.696918163881447 0.489372195814596 0.760575998913817 -6.46023596014191
"VNN1" -0.460145474414956 2.79085309958901 -0.681528066206435 0.498965170961914 0.773579908788619 -6.47080351638507
"B2M" 0.305029305976513 0.513877245340613 0.669076667225936 0.506801328071578 0.783803034345995 -6.47918403157024
"F2" 0.423925507373435 4.46967325870573 0.649288321471137 0.519391139986321 0.799224449516594 -6.49219092781916
"CDH5" -0.50233195148447 0.991980297507352 -0.645288504317358 0.521956035713176 0.799224449516594 -6.49477345772407
"CHIA" -0.456882842489763 2.43697362564595 -0.644472656059144 0.522480026009811 0.799224449516594 -6.49529829630106
"CFL1" 0.375126408996717 0.963123840118628 0.643670782003242 0.522995313111134 0.799224449516594 -6.49581350997788
"AHCY" 0.546072325560883 2.07720855762668 0.643499053467777 0.523105701506107 0.799224449516594 -6.49592376573799
"FeTUB" -0.249249106589544 4.53036562922424 -0.631941392004007 0.530563352643305 0.806779336541121 -6.50327777876121
"PGLYRP1" 0.51844983050155 1.52650722953648 0.631873003612268 0.530607646061118 0.806779336541121 -6.50332090390581
"P00488" 0.212807834439834 0.373297292501453 0.622404551428243 0.536758784851467 0.814170176060759 -6.50924735243692
"CA2" 0.26175341989361 0.345645323777982 0.61164407382514 0.543793987129706 0.822863323450466 -6.51587570464481
"SeRPINA3-2" 0.351867632222145 4.68780865363659 0.601538990422208 0.550443573385391 0.830932762694214 -6.52199680834749
"C4BPA" -0.466272682701376 1.09352212121896 -0.593830987857799 0.55554343354974 0.836629848615479 -6.52659842119589
"F9" 0.420611912501665 1.26479360370761 0.583897081894345 0.562150986270567 0.844564934135067 -6.53244269687896
"IQGAP1" 0.396965449708408 0.787962784654897 0.580570460242459 0.564372428799235 0.845888367155148 -6.53437809673882
"ATIC" 0.31559511691645 0.543629985578278 0.574770169880682 0.568256141084734 0.849691054560349 -6.53772659548899
"ITIH3" 0.447220524059127 4.69375702630809 0.562267509264438 0.576672206727096 0.859978470665714 -6.54483165092558
"PROS1" -0.616264710398485 2.03387790338065 -0.560507324439333 0.577861920066978 0.859978470665714 -6.54581956321771
"SeRPINA3-8" -0.471214857913503 2.76356503180944 -0.555965543044065 0.580937220431134 0.862520908451872 -6.54835454874592
"SeRPINF2" -0.242938243343731 4.3277909011828 -0.552459369540825 0.583316696887744 0.864020741164711 -6.55029759671697
"Q32LP2" -0.419326035107804 0.846657908552228 -0.5489903701642 0.58567555391366 0.865483078500046 -6.55220810771424
"ACTB" -0.15684605377263 4.58489953713887 -0.532647743156253 0.596849322650927 0.876646109105615 -6.56104881756083
"ACTG1" -0.15684605377263 4.58489953713887 -0.532647743156253 0.596849322650927 0.876646109105615 -6.56104881756083
"ARHGDIB" 0.188783004419326 0.279676009478865 0.531849716095641 0.597397506997487 0.876646109105615 -6.56147376381511
"ACTN4" -0.314580942301577 0.364055589207912 -0.527103884188231 0.600662408616103 0.879392064586452 -6.56398790176302
"SeRPINB12" 0.212807834439834 0.57571456833276 0.52330786833688 0.603279864118356 0.881103310454617 -6.56598284462915
"AFP" 0.166689892957254 5.63990601640145 0.519520403654072 0.605896692238264 0.881103310454617 -6.56795909597248
"FLG2" 0.19368496520364 0.546101704521524 0.519341624699843 0.606020343482256 0.881103310454617 -6.56805203001124
"B4GALT1" -0.328624087867816 0.604090201189785 -0.502967637153005 0.617394380715436 0.895576676394116 -6.5764296020352
"YWHAG" 0.310058982944969 0.468170897201404 0.496347199469107 0.622020471935155 0.900217701355694 -6.57974153904362
"GC" 0.155090521283353 4.99867536177431 0.492499872811978 0.624715946204767 0.901189438781223 -6.58164625856185
"ASS1" -0.278220411691806 0.346997363117123 -0.491313336169385 0.625548295065255 0.901189438781223 -6.58223072611827
"HPD" -0.216700147078111 0.415668077339158 -0.456892865361593 0.649905146735651 0.934146122073339 -6.59857809463732
"A1BG" -0.160350007782691 4.15117798268516 -0.452591701412411 0.652976842185577 0.936428153225225 -6.60053822243723
"CORO1A" 0.219410872279053 0.546552496626269 0.448701456887938 0.655760322988757 0.938287446271895 -6.60229526192344
"P35625" -0.0734495401600949 0.334972889619899 -0.446107054442799 0.657619377137382 0.938818613062643 -6.60345867484115
"CSRP1" 0.218362493220002 0.533260908749307 0.442227559555272 0.660403365022351 0.940664838214681 -6.60518588743906
"TUBB4B" 0.44454593439934 1.99452773543662 0.438212895316116 0.663289473282729 0.942647877570726 -6.60695753223399
"Q14CN4" 0.26175341989361 1.04825329384874 0.43503436395824 0.665578162357383 0.942963643387581 -6.60834883408624
"FGA" -0.313390195707068 3.17249349353836 -0.433754753762218 0.666500451586151 0.942963643387581 -6.60890610746873
"TUBA4A" 0.394063577398481 2.94213655683537 0.428972355326423 0.669952006305535 0.945220979341116 -6.6109744406722
"ITIH4" 0.183342870658777 5.50207756163405 0.425425891920807 0.672516223398521 0.945220979341116 -6.61249355823905
"AMBP" -0.221665216288949 3.34141423414827 -0.425324089210897 0.67258988862783 0.945220979341116 -6.61253698043266
"RPS4X" 0.19368496520364 0.513292028294379 0.42229886288182 0.674780444753303 0.946192134754076 -6.61382263335457
"Q02413" 0.266649531462674 0.973412188118829 0.413476872708482 0.681184632854082 0.9530543311107 -6.61751978327707
"P05109" 0.19368496520364 0.687321161041491 0.40475558282223 0.68753913959709 0.953853599087682 -6.62109858488544
"ALDOB" 0.19368496520364 0.356123696946491 0.392512264729709 0.696498379188662 0.953853599087682 -6.62599484516237
"YWHAQ" -0.257108569922185 0.514867348909609 -0.386105610581522 0.70120413897826 0.953853599087682 -6.62849742189217
"eRC1" -0.0734495401600948 0.453126800778874 -0.384970106864647 0.70203942242916 0.953853599087682 -6.62893670593289
"AHSG" 0.116559016583347 6.27250171719331 0.376143341742054 0.70854505752922 0.953853599087682 -6.63230761611662
"Q00610" 0.212807834439834 0.270744400877645 0.374376959680772 0.709849603636805 0.953853599087682 -6.63297286145352
"S100A9" 0.19368496520364 0.734901277775447 0.367646345827936 0.71482846640252 0.953853599087682 -6.63547918566339
"GSTA1" 0.256414056622025 1.18884112702396 0.36710039045985 0.715232881761417 0.953853599087682 -6.63568050509005
"eIF4A1" 0.134941307396486 0.281091213558205 0.366888619070509 0.715389773235169 0.953853599087682 -6.63575851510989
"C3" 0.141560423796111 6.60985039740058 0.362088663493766 0.718949153908016 0.953853599087682 -6.63751466778179
"APOA1" -0.152180458583348 5.65700133956763 -0.358479270420518 0.721629839004243 0.953853599087682 -6.63882008518324
"TUBB3" -0.404434553637982 1.54141251624483 -0.358335850352062 0.721736429905129 0.953853599087682 -6.63887168763357
"RAP1A" -0.260427606814877 0.599993751912971 -0.357791458586854 0.722141076853162 0.953853599087682 -6.6390673725651
"LYZ" 0.1398432681808 0.618327282928133 0.349431133089442 0.728365339695385 0.953853599087682 -6.6420353809082
"SeRPINA7" -0.200388988420555 3.61633860496395 -0.336233617768839 0.738228508788298 0.953853599087682 -6.64657857732496
"P05786" -0.411325904364085 1.54148494534518 -0.332511929825276 0.741018063060226 0.953853599087682 -6.6478283000856
"SeRPINA3-5" -0.289810709517158 4.1074092998534 -0.331925400144035 0.741458012640103 0.953853599087682 -6.64802399098916
"CLTC" 0.212807834439834 0.392360977696785 0.311779772886647 0.756621110829351 0.953853599087682 -6.65453665173752
"HNRNPR" 0.128550736855647 0.274976810390274 0.309400735129296 0.758418292741085 0.953853599087682 -6.655278951088
"PRDX2" -0.166766321558662 0.559004630605749 -0.308088111201314 0.759410458443705 0.953853599087682 -6.65568608786464
"C1S" 0.179549470354509 0.664569223577313 0.301140490484922 0.764668695405333 0.953853599087682 -6.65781232388382
"NeFH" 0.171035283264718 0.384919047854502 0.300509822492232 0.765146569671506 0.953853599087682 -6.65800294110829
"HP252" 0.134941307396486 0.395237456647379 0.297854563988142 0.767159542219764 0.953853599087682 -6.65880111807251
"A2M" 0.100814496170794 6.85398639709391 0.294638582451251 0.769599777082821 0.953853599087682 -6.65975840092791
"RPL12" -0.0734495401600948 0.361472331618091 -0.294104974335648 0.770004899147023 0.953853599087682 -6.65991623568357
"RPS4" 0.193684965203639 0.663552093265655 0.291530202178916 0.771960608350301 0.953853599087682 -6.66067381611339
"O95678" 0.26175341989361 1.40815289159792 0.290434875907648 0.772793035685785 0.953853599087682 -6.66099408408356
"PLG" 0.184786877159069 5.08341324061474 0.284835691813999 0.777052510193958 0.953853599087682 -6.66261249384056
"HSPA1B" -0.24610036569511 2.41794247840277 -0.283005458047679 0.778446336212037 0.953853599087682 -6.66313470415712
"HSPA1A" -0.24610036569511 2.41794247840277 -0.283005458047679 0.778446336212037 0.953853599087682 -6.66313470415712
"eeF1A1" -0.19106273021144 3.10639466574768 -0.282274018145605 0.779003575119873 0.953853599087682 -6.6633424636409
"HMGB1" -0.200038264421155 1.37648863820139 -0.281147534584839 0.779862002877329 0.953853599087682 -6.66366138406561
"RPL22" -0.0734495401600949 0.348742198865514 -0.275899097511337 0.783865172457148 0.953853599087682 -6.66513052221686
"P35443" -0.0734495401600949 0.314705057137273 -0.275372472708573 0.784267176311477 0.953853599087682 -6.6652764115077
"SULT1e1" -0.149888548918427 0.516658063393535 -0.271697182552724 0.787074392751386 0.953853599087682 -6.66628683120577
"P11171" -0.0734495401600948 0.343269224856955 -0.270143626922433 0.788261873537125 0.953853599087682 -6.66670986956814
"TAGLN2" 0.24546655881599 1.7896858980515 0.267805648900907 0.79004989560338 0.953853599087682 -6.66734195103401
"BLMH" -0.0734495401600949 0.34131178630279 -0.267320486330635 0.790421078203105 0.953853599087682 -6.66747243045922
"RPL30" -0.0734495401600948 0.316838166991133 -0.262727611716288 0.793937363715387 0.953853599087682 -6.66869595132606
"P07195" -0.0734495401600948 0.331726118496806 -0.262485665022257 0.79412271780646 0.953853599087682 -6.6687598187191
"GGH" -0.152575744459766 0.577545365003286 -0.261604078322031 0.794798198279903 0.953853599087682 -6.66899203748778
"AFM" 0.184541577102507 3.6330774368852 0.257485490770182 0.79795599889753 0.953853599087682 -6.67006659510632
"P62937" 0.0888690343967891 0.554483106393435 0.257209395779498 0.798167809094769 0.953853599087682 -6.67013802145084
"P50395" -0.0734495401600948 0.305060164883725 -0.255721232304164 0.799309738787362 0.953853599087682 -6.67052169659226
"Q06830" -0.0734495401600949 0.336582340418348 -0.249449245397847 0.804127340169012 0.953853599087682 -6.6721143319776
"H2AC7" -0.0734495401600949 0.298618059715194 -0.245332756828999 0.807293468121569 0.953853599087682 -6.67313818835937
"YWHAe" 0.156210096778089 0.894440115061187 0.242650326740298 0.809358374099507 0.953853599087682 -6.67379622104983
"P00742" -0.0734495401600948 0.369009306496356 -0.236606786823494 0.814015632535024 0.953853599087682 -6.67525233189393
"P16070" 0.0560439186631182 0.292146950984891 0.236525996276442 0.814077937588369 0.953853599087682 -6.6752715491841
"SeRPINC1" 0.151041499532366 4.95379030804966 0.235891623351499 0.814567203344451 0.953853599087682 -6.67542221714332
"CSTA" -0.0734495401600949 0.381212035195322 -0.235831362839525 0.81461368368921 0.953853599087682 -6.67543650843921
"P23526" -0.0734495401600949 0.434848844648397 -0.235025035218746 0.815235687870805 0.953853599087682 -6.67562738549439
"P16402" 0.0888690343967891 0.535435086540311 0.23103065021758 0.818318738267055 0.953853599087682 -6.67656333453455
"C7" 0.186412488197462 3.19095786669979 0.230761304091358 0.81852673710169 0.953853599087682 -6.67662587067852
"SeRPINA3-6" -0.282856326311609 3.76802438787071 -0.228247352083913 0.82046873627695 0.953853599087682 -6.6772060443237
"DCD" -0.0734495401600949 0.409362076418307 -0.226226721335715 0.822030475680815 0.953853599087682 -6.67766777226385
"AGT" -0.0919675928121997 5.10974841269168 -0.225859214148373 0.822314599389957 0.953853599087682 -6.67775130988882
"COMP" 0.188327304252775 2.11674356416753 0.219210209435503 0.827459136542981 0.953853599087682 -6.67923928166286
"PIP" -0.0734495401600949 0.463104733121213 -0.217945876470522 0.828438262860255 0.953853599087682 -6.67951720508051
"P02656" -0.073449540160095 0.312947293834637 -0.209401938252269 0.83506201358384 0.953853599087682 -6.68135326529231
"MBL" 0.0841090724069889 0.373473500404577 0.209152417732311 0.835255640460731 0.953853599087682 -6.68140578514448
"TF" 0.0672893346353867 6.43319179890424 0.206230387870906 0.837523887999283 0.953853599087682 -6.68201617155464
"P62851" -0.0734495401600949 0.538293948984258 -0.203832838938436 0.839386046629858 0.953853599087682 -6.68251059669125
"P18065" -0.0734495401600946 0.31297054960441 -0.199992683036706 0.842370599322978 0.953853599087682 -6.68329049328277
"P61284" -0.0734495401600948 0.272669072133968 -0.199486429589751 0.842764232911326 0.953853599087682 -6.68339220357195
"Q08554" -0.0734495401600948 0.505329989393162 -0.19767137903907 0.844175844831276 0.953853599087682 -6.68375474620296
"TBA1B" 0.179280047328421 2.81683154113251 0.194202314253231 0.846875261511709 0.953853599087682 -6.68443846222949
"CTSD" -0.0734495401600949 0.404874234398911 -0.190824394997481 0.849505539321867 0.953853599087682 -6.68509260136559
"S100A7" -0.0734495401600949 0.524428888572263 -0.189025718198844 0.850906819870224 0.953853599087682 -6.68543624233026
"P09210" 0.0888690343967891 0.330527392169844 0.186865060039143 0.852590749153445 0.953853599087682 -6.68584474457784
"P46781" -0.0734495401600948 0.294764093673969 -0.18508762628063 0.853976529760288 0.953853599087682 -6.68617727770413
"P05452" -0.0734495401600949 0.63467875107243 -0.182856939457974 0.855716348504052 0.953853599087682 -6.68659011783011
"THeMIS" -0.0734495401600948 0.314023317558594 -0.180654783607507 0.857434625540194 0.953853599087682 -6.68699277474795
"P14923" 0.134941307396486 0.931804160540682 0.178815784482925 0.858870077410513 0.953853599087682 -6.68732529689119
"P05543" -0.0734495401600949 0.424580065328214 -0.177652592088525 0.859778269777887 0.953853599087682 -6.68753386765818
"HBe1" -0.0734495401600949 0.355476418673161 -0.177636968085427 0.859790469927145 0.953853599087682 -6.68753665992976
"CD14" -0.140011015781912 0.896772712450706 -0.176306388970994 0.860829591649544 0.953853599087682 -6.68777355697832
"LOXHD1" 0.0560439186631182 0.305129942147082 0.176126082643514 0.860970421877141 0.953853599087682 -6.68780552197267
"P08697" -0.0734495401600949 0.422768746850354 -0.172321935138499 0.863942750398088 0.953853599087682 -6.68847231302888
"P00338" -0.0734495401600949 0.339952528327364 -0.170280570777032 0.865538571132889 0.953853599087682 -6.68882412872157
"TIMP3" -0.073449540160095 0.303581002833819 -0.170022918631313 0.865740029099646 0.953853599087682 -6.6888682357794
"S100A12" -0.073449540160095 0.286516449992109 -0.166833395508194 0.868234656340402 0.953853599087682 -6.68940872115984
"COL2A1" 0.0888690343967891 0.598477585239702 0.163357048840164 0.870955160832911 0.953853599087682 -6.68998616766274
"P51884" -0.0734495401600948 0.355631198281322 -0.16313817333147 0.871126500642233 0.953853599087682 -6.69002211808789
"TCN2" 0.088869034396789 0.440545433393437 0.162253589559697 0.87181903279888 0.953853599087682 -6.69016692099469
"P16403" -0.073449540160095 0.413501804493008 -0.161946769623228 0.872059262925314 0.953853599087682 -6.69021696253683
"H1-4" -0.073449540160095 0.413501804493008 -0.161946769623228 0.872059262925314 0.953853599087682 -6.69021696253683
"PLeK" 0.0560439186631179 0.356570434842956 0.155825872972061 0.876854245526142 0.953853599087682 -6.69119549443882
"P05089" -0.0734495401600948 0.390389495787338 -0.155637900974885 0.877001573733611 0.953853599087682 -6.69122494908139
"IGFBP4" -0.073449540160095 0.316080397760248 -0.155464437079283 0.877137534724131 0.953853599087682 -6.69125209883985
"P35580" -0.0734495401600948 0.441271939685429 -0.154349645994256 0.878011397092064 0.953853599087682 -6.69142585898083
"ReG1" -0.0734495401600949 0.282004772270175 -0.152556143930924 0.879417609209938 0.953853599087682 -6.69170278692563
"GAPDHS" -0.0734495401600952 0.322370115713481 -0.151796139113225 0.880013616930751 0.953853599087682 -6.69181916106551
"CASP14" -0.0734495401600949 0.43547856288609 -0.149541999774745 0.881781760135089 0.953853599087682 -6.69216090656836
"IGLC3" -0.0734495401600949 0.303549571080174 -0.149183276500005 0.882063198469377 0.953853599087682 -6.69221482077918
"P02763" -0.0734495401600949 0.32012740065791 -0.148963202414345 0.882235866429292 0.953853599087682 -6.69224783272672
"ITIH1" 0.123082231851022 3.80924768927212 0.148593298980984 0.882526102040482 0.953853599087682 -6.69230320995377
"CD44" -0.0734495401600948 0.274022207389356 -0.147307515386164 0.883535086940956 0.953853599087682 -6.69249463104863
"AZGP1" -0.073449540160095 0.618569799322471 -0.146240314275181 0.884372693296596 0.953853599087682 -6.69265224847419
"GDF6" -0.0734495401600949 0.295749412812816 -0.144769336386916 0.885527427647827 0.953853599087682 -6.69286762391733
"Q08380" -0.0734495401600949 0.393787616540834 -0.14362920065192 0.886422620071007 0.953853599087682 -6.69303306215467
"ACO2" -0.073449540160095 0.361765483052936 -0.143253308820424 0.886717789316687 0.953853599087682 -6.69308731910009
"P02753" -0.0734495401600948 0.304305999228133 -0.141970594381494 0.887725163429041 0.953853599087682 -6.69327139907995
"FKBP4" -0.0734495401600948 0.307773610383954 -0.141513160508337 0.888084452512031 0.953853599087682 -6.69333664442524
"KRT18" -0.0734495401600949 0.340387878901831 -0.141495108994567 0.888098631468395 0.953853599087682 -6.69333921485912
"RPS25" -0.0734495401600952 0.528543909319453 -0.139639216620301 0.889556579287346 0.953853599087682 -6.69360173514968
"CATHL2" 0.0560439186631181 0.348458948683919 0.138567923055831 0.890398339732313 0.953853599087682 -6.69375169566324
"RASA1" -0.0734495401600949 0.310522415542501 -0.138327776114219 0.89058705083948 0.953853599087682 -6.69378515329316
"P36955" -0.0734495401600949 0.746790949493321 -0.136638744501861 0.891914497752283 0.953853599087682 -6.69401883356506
"Q7Z3Y7" -0.0734495401600948 0.378250244393938 -0.136055549802817 0.892372916105944 0.953853599087682 -6.6940988532923
"POTeI" -0.0734495401600948 0.510637212644928 -0.135939618117467 0.892464048273451 0.953853599087682 -6.69411471944761
"RAB1B" -0.0734495401600948 0.359511205731281 -0.135477204848663 0.892827559024997 0.953853599087682 -6.69417786985661
"Q14533" 0.0888690343967891 0.451527797045678 0.134971258008393 0.89322531888598 0.953853599087682 -6.69424671919686
"P01042" -0.0734495401600949 0.328975594078848 -0.132198553162163 0.895405624191086 0.953853599087682 -6.69461945886839
"P78385" 0.0888690343967891 0.434649580733642 0.130466213010073 0.896768258377154 0.953853599087682 -6.6948484166082
"PSMe4" -0.0734495401600951 0.337757591140528 -0.129876676762075 0.897232051181469 0.953853599087682 -6.69492564544514
"CFL2" -0.0734495401600949 0.374442757648552 -0.12680941942768 0.899645668318558 0.953853599087682 -6.69532181430726
"KRT86" 0.088869034396789 0.501964950096177 0.125933844234216 0.900334833220642 0.953853599087682 -6.6954331682663
"P68871" -0.0734495401600948 0.444238308283867 -0.125686636899695 0.900529424094833 0.953853599087682 -6.6954644680493
"CATHL3" -0.073449540160095 0.337409403174493 -0.124811627408091 0.901218243089596 0.953853599087682 -6.6955747622869
"DYNC1H1" -0.0734495401600948 0.327439591398445 -0.124453930220716 0.901499849183878 0.953853599087682 -6.69561962800448
"P02749" -0.0734495401600949 0.451919943200276 -0.123617314774508 0.902158545643625 0.953853599087682 -6.69572406167666
"MPV17L" -0.073449540160095 0.315558794847105 -0.123289580614822 0.902416601149886 0.953853599087682 -6.69576478043806
"SeRPINA1" -0.0393311374657337 6.29018619540095 -0.122327283797976 0.90317436814803 0.953853599087682 -6.69588371508461
"ACTC1" -0.15658091267689 3.14765073265295 -0.121886134986587 0.903521784203923 0.953853599087682 -6.69593792733606
"P00751" -0.0734495401600949 0.338174304148422 -0.121281038741294 0.903998344112236 0.953853599087682 -6.69601196853399
"IGFBP5" -0.0734495401600949 0.517686905947146 -0.119597708811514 0.905324283498517 0.953853599087682 -6.69621600811164
"LeCT2" -0.0734495401600949 0.40535114520609 -0.119582201027313 0.905336500073106 0.953853599087682 -6.6962178745906
"Q08188" -0.0734495401600948 0.494699043019943 -0.119060462715668 0.905747523580465 0.953853599087682 -6.69628052877547
"K2CA" -0.0734495401600948 0.49157497204076 -0.119056657640746 0.905750521300318 0.953853599087682 -6.69628098471128
"MAP4" -0.0734495401600949 0.337161908363979 -0.118073622902272 0.906525023555418 0.953853599087682 -6.69639828710504
"P08729" -0.0734495401600949 0.723712998452794 -0.11803639793298 0.906554353751188 0.953853599087682 -6.69640270994194
"FGB" -0.105570496492404 2.91781616788423 -0.117707273204511 0.906813682527904 0.953853599087682 -6.69644175383617
"GAL3ST4" -0.0734495401600948 0.370598323564226 -0.116304144606234 0.907919370957549 0.953853599087682 -6.69660698389054
"P0DMV8" -0.0734495401600947 0.839672292936283 -0.115144311647259 0.908833477674892 0.953853599087682 -6.69674206888918
"P0DMV9" -0.0734495401600947 0.839672292936283 -0.115144311647259 0.908833477674892 0.953853599087682 -6.69674206888918
"TUBB2A" -0.0734495401600947 0.306442143454817 -0.114889631466914 0.909034217169193 0.953853599087682 -6.69677155014859
"Q06033" -0.0734495401600948 0.590504811827602 -0.114142068640326 0.909623482485947 0.953853599087682 -6.69685770968582
"SePTIN7" 0.0560439186631181 0.378903709138505 0.113328275383865 0.910265012224956 0.953853599087682 -6.69695086350098
"PF4" -0.0734495401600947 0.493140774575256 -0.113143506365066 0.910410677826942 0.953853599087682 -6.6969719209673
"SeRPINB3" -0.073449540160095 0.783301319974117 -0.111396906210476 0.911787790897119 0.953853599087682 -6.69716927816098
"Q8N1N4" -0.073449540160095 0.896992418578169 -0.108942822693552 0.913723183272729 0.953853599087682 -6.69744139259651
"KRT40" -0.0734495401600947 0.28844792166748 -0.108503107952436 0.914070016801383 0.953853599087682 -6.69748950918182
"KRT33A" -0.0734495401600948 0.335776781552413 -0.106581643992442 0.915585806199113 0.953853599087682 -6.69769748689568
"IGHG4" -0.0734495401600949 0.354738482674643 -0.10545338391872 0.916476007293818 0.953853599087682 -6.69781787813922
"P19827" -0.0734495401600949 0.489176403833407 -0.10441256552006 0.917297312582188 0.953853599087682 -6.69792780332508
"KPRP" -0.0734495401600949 0.531270244173194 -0.104322011818652 0.917368772440271 0.953853599087682 -6.69793731554783
"YWHAZ" 0.0680139210537221 1.67445722854013 0.10165696439495 0.919472183390791 0.953853599087682 -6.69821357170893
"P02790" -0.0734495401600949 0.311598705911339 -0.100882125714891 0.920083841211747 0.953853599087682 -6.69829254998944
"P00738" -0.0734495401600949 0.333793307575117 -0.10084703446816 0.920111543408431 0.953853599087682 -6.69829611249699
"IGHA1" -0.073449540160095 0.533600844183805 -0.100101184486166 0.920700365808966 0.953853599087682 -6.69837153912865
"Q14624" -0.0734495401600949 0.627085872180991 -0.098594696903923 0.921889821544732 0.953853599087682 -6.69852218098136
"KRT84" -0.073449540160095 0.579494009436698 -0.0970322696686306 0.923123635390319 0.953853599087682 -6.69867600446941
"POTeF" -0.0734495401600949 0.49537561069465 -0.0963760935731758 0.923641860137371 0.953853599087682 -6.69873987372676
"KRT31" -0.0734495401600948 0.616384676505695 -0.0961513694581838 0.923819347029008 0.953853599087682 -6.6987616477858
"P08603" -0.0734495401600949 0.361869046592644 -0.0953255160312674 0.924471638864051 0.953853599087682 -6.69884123023981
"P02774" -0.073449540160095 0.817341281900046 -0.0944314374311611 0.925177876779753 0.953853599087682 -6.6989266135467
"IGHG3" -0.073449540160095 0.378716402118438 -0.092478413854576 0.926720792614705 0.953853599087682 -6.6991103273629
"PPIe" 0.056043918663118 0.534199470938428 0.0922506634733992 0.926900737240221 0.953853599087682 -6.6991315011465
"P01009" -0.073449540160095 0.384859138319171 -0.0916290865677573 0.927391862186553 0.953853599087682 -6.69918902309946
"IGHG2" -0.0734495401600949 0.404079427542237 -0.0907260433789638 0.928105432222782 0.953853599087682 -6.69927189984617
"P63267" -0.0734495401600948 0.706404285464378 -0.0906813730483761 0.928140731546491 0.953853599087682 -6.69927597816545
"CFB" 0.0618106855697489 4.57360680274049 0.0883178255117261 0.930008657231981 0.953853599087682 -6.69948890211715
"IGHG1" -0.0734495401600949 0.493334150531808 -0.0869232966444192 0.931110949247216 0.953853599087682 -6.69961189382465
"RNASe4" 0.0560439186631182 0.790744822982162 0.086837474694855 0.931178790868482 0.953853599087682 -6.69961939904856
"HP" -0.0734495401600951 0.619022881242853 -0.0841860497781565 0.933274974807423 0.954451392388142 -6.69984761761764
"P62736" -0.073449540160095 0.638998481544567 -0.0791569018021502 0.937252258493579 0.956133104977814 -6.70026106165356
"P02751" -0.0734495401600951 0.622009498720353 -0.0767949573647894 0.939120758408569 0.956133104977814 -6.70044645232116
"IGKC" 0.0560439186631182 0.647521334386395 0.0763596340511336 0.939465174463146 0.956133104977814 -6.70048000843602
"C4B" -0.073449540160095 0.648270272682259 -0.0744060116736261 0.941010970839799 0.956164126569908 -6.70062825153111
"SeRPINA3-3" -0.0734495401600948 0.50964773980268 -0.0689279524582633 0.945346669897432 0.959025319461864 -6.70102344747899
"eNO1" -0.0560963314560086 2.99192467694863 -0.0652686972305861 0.948243787116466 0.960420272344285 -6.70127060689245
"THBS1" 0.0254685735177818 3.82406536567389 0.0457739657969447 0.963689174887637 0.974352804812733 -6.7023601957829
"ANG1" -0.0196078431372549 0.327357710119103 -0.0440094489721767 0.96508796039296 0.974352804812733 -6.7024399380589
"FAP" 0.0248108099500415 0.55780279319837 0.0415329089575363 0.967051374277195 0.974775426787396 -6.70254657189919
"BPT2" -0.0196078431372547 0.60882521501471 -0.0309510433992918 0.975442906321288 0.981580591038375 -6.70293265188876
"eeF1A2" -0.0270538442102766 0.504483922437861 -0.0290966135336131 0.976913805344057 0.981580591038375 -6.70298870295605
"COLeC11" 0.00803696290812295 0.487477162491397 0.0179483025140713 0.985757964128279 0.988892329673997 -6.70325270192895
"HSPA1L" 0.00615302200433554 1.39618597961092 0.00672323978989607 0.994664835955029 0.996243669027974 -6.70339210405269
"ALB" 0 7.83356785233269 0 1 1 -6.70341485728306
