"logFC" "AveExpr" "t" "P.Value" "adj.P.Val" "B"
"ALB" -8.80711826352332 7.83356785233269 -38.607388237134 1.28177878885763e-36 8.08802415769164e-34 64.6285053770132
"AHSG" -7.41915952586298 6.27250171719331 -21.3081880035403 2.00258113369957e-25 6.31814347682216e-23 45.4276843331328
"P13645" 7.43849521253754 2.97643993189695 20.5338496020268 9.33866546946684e-25 1.92396104353327e-22 44.118650136599
"A2M" -7.84369387289317 6.85398639709391 -20.4019450942885 1.21962665200207e-24 1.92396104353327e-22 43.8902366024966
"P02768" 8.75374272922942 3.23301415862248 20.1741657920477 1.94030921519832e-24 2.44867022958028e-22 43.4919905210855
"P63261" 5.99059322844063 2.45979019689723 19.9967031129906 2.79409798567693e-24 2.5186797556602e-22 43.1783341735501
"P60709" 5.99059322844063 2.45979019689723 19.9967031129906 2.79409798567693e-24 2.5186797556602e-22 43.1783341735501
"TF" -7.28788731492936 6.43319179890424 -19.8789014266874 3.56444021797465e-24 2.81145222192751e-22 42.9684709538422
"SeRPINA1" -6.96726176077531 6.29018619540095 -19.2856046702483 1.23674533084313e-23 8.67095893068906e-22 41.8910598435197
"KRT1" 7.83456213884045 3.24960602826261 18.1240930724565 1.54447026569646e-22 9.74560737654468e-21 39.6789249494187
"AFP" -6.28289361563258 5.63990601640145 -17.4275907845994 7.45241557404458e-22 4.27497657020193e-20 38.2836389243717
"KRT9" 7.02342427621165 2.75795260815414 17.0815316951973 1.65773388166573e-21 8.71691732775897e-20 37.570316957619
"C3" -7.32004549011247 6.60985039740058 -16.663689332501 4.42290022478606e-21 2.14680772449231e-19 36.6907370380074
"GC" -5.70195130348483 4.99867536177431 -16.1149394315813 1.64932025988692e-20 7.43372202849032e-19 35.504381301342
"ACTB" -5.14097917635906 4.58489953713887 -15.5380547080004 6.81139985694953e-20 2.61293818413753e-18 34.217824406455
"ACTG1" -5.14097917635906 4.58489953713887 -15.5380547080004 6.81139985694953e-20 2.61293818413753e-18 34.217824406455
"eRC1" 3.32816173535754 0.453126800778874 15.5248229537426 7.03961158959397e-20 2.61293818413753e-18 34.1878313977894
"TLN1" 7.13911282412338 2.71389669310979 14.8231736887381 4.15613794322035e-19 1.45695724565113e-17 32.565548764503
"HBBF" -5.46611274971548 5.04709494072043 -14.7322436534966 5.25297060672228e-19 1.74453918570619e-17 32.35067172628
"APOA1" -6.82002648050962 5.65700133956763 -14.2980076822347 1.62893709889295e-18 5.13929654700724e-17 31.3095441531471
"GSN" -5.33750805687056 4.6420356331314 -13.5784964637707 1.11615578918435e-17 3.35378239512058e-16 29.5288192124963
"SeRPINA5" -5.82172493851843 4.39741935957571 -13.2987307828696 2.3993830374866e-17 6.88186680297293e-16 28.8173019271448
"ITIH4" -6.01212758159027 5.50207756163405 -12.4157336065595 2.86406211079352e-16 7.85749213874222e-15 26.4997565634242
"SeRPINF1" -4.78906427485223 4.38231994384435 -12.26016316179 4.47878324999113e-16 1.17754676281017e-14 26.0799897597939
"eeF1A1P5" 4.83635346307985 1.86671378928113 12.1208569753551 6.70162707357875e-16 1.69149067337128e-14 25.7011710580447
"A1BG" -4.76076832771066 4.15117798268516 -11.9591126246554 1.07337229564756e-15 2.60499199443695e-14 25.2578464414239
"AGT" -5.42378515976709 5.10974841269168 -11.8546784496633 1.45751778120569e-15 3.40627303681775e-14 24.9696079871923
"KNG1" -6.17703712232595 4.54464354662345 -11.8060942991606 1.68124895911602e-15 3.78881461857931e-14 24.8349816026543
"P68366" 5.71347259996162 1.76508982753113 11.6529756694708 2.64214110504292e-15 5.74893461131753e-14 24.4084708310582
"FeTUB" -5.09322096659888 4.53036562922424 -11.4926456654729 4.2553715607527e-15 8.95046484944986e-14 23.9582594706151
"HBA" -4.69516076144981 4.52126570357216 -11.1804671457391 1.08666556585193e-14 2.21189023242763e-13 23.0710538119137
"HBG1" 2.85131389551744 0.477156268145192 10.9789324382522 2.00379685185898e-14 3.83150246522126e-13 22.490873351359
"HBG2" 2.85131389551744 0.477156268145192 10.9789324382522 2.00379685185898e-14 3.83150246522126e-13 22.490873351359
"TUBB1" 4.67814854320383 1.29215683445709 10.7603728213712 3.91409478123461e-14 7.26409943223248e-13 21.855128595404
"P19823" 4.79432499414852 1.72378064659439 10.637729367449 5.71434037451925e-14 1.0302139360919e-12 21.495412531141
"COL6A1" 4.26677411792725 0.906037327762269 10.6243205513427 5.95639915253785e-14 1.04402440701427e-12 21.4559551410802
"P35443" 3.14904672446855 0.314705057137273 10.5073900535795 8.56106611355232e-14 1.46000884260852e-12 21.1107958976115
"VTN" 3.8829119857404 1.30500717022259 10.4015383319062 1.19068403143025e-13 1.97716216798023e-12 20.7966830138561
"P07195" 3.26488418529339 0.331726118496806 10.3840936491477 1.25738088017101e-13 2.03437778304591e-12 20.7447657789477
"APOH" -5.44980761814656 3.60746490795528 -10.3267712064516 1.5044027812724e-13 2.37319538745720e-12 20.5738691770024
"P23526" 3.61512321920539 0.434848844648397 10.2951447312148 1.6611904905543e-13 2.5566126818043e-12 20.4793846976124
"C4" -4.92049244532836 4.59241938916497 -10.0614129545929 3.46979971898147e-13 5.21296100637454e-12 19.7768196403979
"P35625" 1.84978288260485 0.334972889619899 9.99896556305431 4.22931808518115e-13 6.20627839941699e-12 19.5878421089767
"ORM1" -4.92844045573496 3.86425014046426 -9.88050853706787 6.16473399511478e-13 8.84078897935779e-12 19.2279135469816
"KRT14" 6.20661275205717 2.44276934440136 9.85584483454013 6.66930304307754e-13 9.35184493373761e-12 19.1527351886419
"KRT2" 7.42456356546845 2.86031237617989 9.77837325454941 8.54299002838678e-13 1.17187537128523e-11 18.9160604125132
"P18065" 3.93947581522738 0.31297054960441 9.54657900171599 1.79977138311864e-12 2.41628881435715e-11 18.2031764399191
"SeRPINF2" -4.6860822568892 4.3277909011828 -9.4841556087826 2.20212626536613e-12 2.89487848634589e-11 18.0099911936365
"P68104" 4.87505555683521 1.79940580014137 9.47705488782397 2.25331690977133e-12 2.90172034707287e-11 17.9879842634961
"SeRPINA3-7" -4.44229264076411 4.02428387310896 -9.43661742164648 2.56865710752281e-12 3.24164526969378e-11 17.8625346046457
"P35900" 3.56977423486606 0.909107359925009 9.41177959861266 2.78411400634301e-12 3.44465870196557e-11 17.7853758957163
"P37802" 3.50456884126528 0.354293361291635 9.39697254097639 2.92116258160928e-12 3.54471844037587e-11 17.7393402365167
"CFH" -6.16696196609079 4.64711187182647 -9.3198232511369 3.75376407194674e-12 4.46910401773281e-11 17.4990293047852
"HPX" -4.82308909912314 4.43467162277725 -9.28851623036544 4.1566941436273e-12 4.85717408264597e-11 17.4012969949271
"P02788" 4.3459630864442 1.24423163318215 9.25894377637402 4.57741855762348e-12 5.16386634156481e-11 17.308866513228
"TTR" -4.3437120157791 3.61322770476154 -9.2585816364335 4.58282908284674e-12 5.16386634156481e-11 17.3077339445788
"SLC2A1" 2.02296413574775 0.273565477653511 9.1326195641914 6.91788262341211e-12 7.65821743047902e-11 16.9128081216781
"PARVB" 2.45670624278174 0.408945657906606 8.91478638089923 1.41599768060113e-11 1.54050782148157e-10 16.2252821004043
"P11142" 4.87987264073783 1.29353643577238 8.89493475449307 1.51190531609659e-11 1.61696992280838e-10 16.1623454480125
"KRT16" 5.9690377051821 2.30697925096178 8.81985474679712 1.93791726758743e-11 2.03804299307944e-10 15.9238999787166
"KRT5" -6.17947983516318 4.67624021226336 -8.80299432047843 2.0491868909864e-11 2.11973266920069e-10 15.8702635889731
"TUBA1B" 5.59786606076749 1.66164867095912 8.77721450543459 2.2319253139953e-11 2.27152398892102e-10 15.7881898450997
"FLNA" 5.86587690805734 1.75658537855711 8.71023577582569 2.78743861569709e-11 2.79186312143629e-10 15.5746004093529
"P63104" 3.44891732364068 0.884129142970355 8.65799718488198 3.31610291533977e-11 3.2694702180928e-10 15.4076662188265
"P00742" 2.97793308938672 0.369009306496356 8.53763057044503 4.95303734559463e-11 4.80825625395417e-10 15.0218778949119
"P02675" 3.19170557786431 0.361465457081215 8.45189054133178 6.59735005105334e-11 6.30746648820402e-10 14.7461215163282
"QSOX1" 2.38721878528623 0.805070645396471 8.44152074547656 6.83042761320954e-11 6.43283555811227e-10 14.7127177892317
"P23528" 2.83705631992133 0.716620014092231 8.37979690265603 8.40022255998575e-11 7.79491240492795e-10 14.5136591910802
"HBA1" 5.33294103625981 1.70191375070829 8.27928430625748 1.17740444886643e-10 1.07672783657206e-09 14.1886781751113
"COL3A1" 2.4830060477393 0.302753326489726 8.26615424013838 1.23058211402613e-10 1.10928187707212e-09 14.1461511810639
"O43505" 2.10113427001213 0.29264576963563 8.24985849881971 1.29996149728453e-10 1.15531789406555e-09 14.0933473372953
"PLG" -5.99727518778928 5.08341324061474 -8.22738017732254 1.40218299032907e-10 1.2288575929134e-09 14.0204672792589
"PKM" 3.43928203453293 1.39826985526521 8.08946814843081 2.23317775835644e-10 1.92421190885181e-09 13.5722687599583
"POTee" 4.75222242235489 1.22222899345803 8.08638142267161 2.25660350641893e-10 1.92421190885181e-09 13.5622169405464
"P06733" 4.4198521267483 1.00307738353785 7.99025796126291 3.12434012654915e-10 2.62861149313668e-09 13.2487638400373
"P61224" 2.99881703981067 0.922756113454085 7.9800964408698 3.23381560110528e-10 2.68491795302294e-09 13.2155797735132
"P61981" 2.38941925281489 0.3862453650712 7.93045982741788 3.82673437945767e-10 3.13593427719193e-09 13.053354952705
"P13647" 5.89864363966803 2.44539382196407 7.89289882693154 4.34721239191346e-10 3.51678335807358e-09 12.9304566629072
"O00299" 2.33097502601844 0.309808546473659 7.86276951090992 4.81581835111023e-10 3.84655870829184e-09 12.8317893907513
"eDIL3" 4.54699424416188 0.874239341804051 7.84500570417235 5.11560260342494e-10 4.03493155345143e-09 12.7735815938328
"P02771" 3.92282409070373 1.20445681963199 7.82605469003386 5.45616851639976e-10 4.25042263438055e-09 12.7114553134785
"P68371" 4.98313611415649 1.45345865388749 7.79390922323521 6.08686857371475e-10 4.68391959757806e-09 12.606008313743
"FBLN1" 4.47667424711882 1.2055395696611 7.74670376849585 7.14852369291651e-10 5.43460054244617e-09 12.4510124016559
"P07737" 2.02338518751936 0.41744026887899 7.74063467539907 7.29790748365785e-10 5.48211859784298e-09 12.4310724249644
"C4A" 4.917844953928 1.69571761681544 7.71622234525577 7.93120307464041e-10 5.88775192952717e-09 12.3508374672101
"P07900" 4.85326155303686 1.26570801424459 7.67295952988996 9.19245069339558e-10 6.74469347387513e-09 12.2085375540292
"Q04695" 5.18338048172157 2.00730714342483 7.619038121984 1.10507539256116e-09 8.01497210007005e-09 12.030987934205
"P07996" 5.38816646439743 1.8511055360765 7.57668793694526 1.27718067671571e-09 9.15796598872288e-09 11.8913951494736
"P01024" 5.78452731768299 2.16965196404416 7.56761314875612 1.31743331594468e-09 9.34045418383254e-09 11.8614671374824
"LIMS1" 2.4935386074034 0.626390033840329 7.5371464308537 1.46214081526723e-09 1.02512317159291e-08 11.7609493289283
"SeRPINC1" -5.38849178814483 4.95379030804966 -7.48975760167466 1.71964490343164e-09 1.19241311435755e-08 11.6044790583919
"LOXHD1" 2.66262868260173 0.305129942147082 7.44714987657489 1.98989878540887e-09 1.36481101477499e-08 11.4636726020985
"P50395" 2.38993438626664 0.305060164883725 7.4053909657954 2.29617492991477e-09 1.55107945496163e-08 11.3255627680055
"P49747" 3.23013169427379 0.476961206766378 7.40355966806694 2.31064134336598e-09 1.55107945496163e-08 11.3195036966576
"MYH14" 3.05424571839036 0.505922711842503 7.37432119641652 2.55441737056295e-09 1.69667090613181e-08 11.2227380213389
"AMY2A" 3.23259813400784 0.570364073266519 7.37082886615322 2.58521152418264e-09 1.69923799141588e-08 11.2111767262039
"SeRPINA3-2" -4.80212958007428 4.68780865363659 -7.30638655481209 3.22535889105798e-09 2.0981458353171e-08 10.9977187512911
"TUBB" 5.08980149242145 1.37916446976825 7.28842963231711 3.43058446655875e-09 2.2088763248965e-08 10.9381981383763
"KNG2" -5.66910996321812 4.12277039415999 -7.28145815170604 3.51374975154735e-09 2.23957181133977e-08 10.9150856538645
"KRT75" -5.23159570183058 3.74408656908985 -7.2680471959427 3.67947078472022e-09 2.32174606515846e-08 10.8706173327279
"P05543" 3.36404923835421 0.424580065328214 7.24150971692676 4.03089245747787e-09 2.51831004026588e-08 10.78259675769
"P62826" 2.32553561984349 0.748294253470853 7.22976097148475 4.19705582180125e-09 2.58626934783531e-08 10.7436167989294
"THBS3" 2.46575957459437 0.323629307052341 7.22806220820937 4.22164410185479e-09 2.58626934783531e-08 10.7379800842557
"KRT13" 3.97003383000414 1.5651524960697 7.22113980586683 4.3233450295347e-09 2.59922459803924e-08 10.7150092084205
"THBS1" -4.51440089569287 3.82406536567389 -7.22101670648248 4.32517563857559e-09 2.59922459803924e-08 10.7146007018826
"P36955" 4.2994326025748 0.746790949493321 7.11836468262546 6.15771613945456e-09 3.65620555745313e-08 10.3737044014246
"P21291" 1.74427353192792 0.410715326481604 7.11565250271832 6.21549528855235e-09 3.65620555745313e-08 10.364691235562
"F12AI" -4.99479645871928 4.11224061514221 -7.11368047419364 6.25784786378666e-09 3.65620555745313e-08 10.3581375608558
"ADIPOQ" -3.75657248118893 2.93752513994763 -7.11077280849646 6.32082364526005e-09 3.65911900932027e-08 10.3484741718183
"AMBP" -4.1350233673178 3.34141423414827 -7.06130070761592 7.49524620968565e-09 4.2938262035013e-08 10.1840051530229
"MYH9" 5.12675649063325 1.83979858127324 7.05906065503739 7.55332343246664e-09 4.2938262035013e-08 10.1765558626777
"eHD3" 2.57529138652301 0.929085257842862 7.0341645486513 8.23000067437731e-09 4.63672359422507e-08 10.0937511808704
"KRT6A" 6.21784384024412 2.4219735959836 6.91407158543557 1.24529158021455e-08 6.95379634615384e-08 9.69402149707165
"P61204" 2.45771627774854 0.540338427439164 6.90978278172369 1.26385799311873e-08 6.99556485664841e-08 9.67973794127284
"KRT3" 4.24248983460506 1.58048859238809 6.89819195672965 1.315435298738e-08 7.2177362913363e-08 9.64113296233211
"CLeC11A" 1.75212608806813 0.313556625083039 6.86668094645562 1.46657137738154e-08 7.97764257868752e-08 9.53616269020617
"F2" -5.01973152922351 4.46967325870573 -6.8424690199564 1.59442267675369e-08 8.59898041907333e-08 9.45549038232893
"P06396" 5.77814227489063 1.8637240805787 6.82193174923748 1.71158804035035e-08 9.15264452085651e-08 9.38705106352323
"P05452" 3.06561570457132 0.63467875107243 6.79241768707729 1.89523483900429e-08 1.00495225496782e-07 9.28868124545143
"P16070" 1.80263089253944 0.292146950984891 6.77082364951149 2.04199078593356e-08 1.0737468216034e-07 9.21669786364515
"P04406" 4.00809957576334 1.46040235764334 6.74709836363275 2.21638847942635e-08 1.1558191161306e-07 9.13760042387984
"LRP1" 3.58630622839515 0.614868001325349 6.71704937658879 2.45884327725098e-08 1.27174599011916e-07 9.03740761952351
"Q86UX7" 3.14739583701877 0.290262389270065 6.68389903236871 2.75725010945574e-08 1.41449172281835e-07 8.92685956862249
"P01008" 5.1195319251678 1.58182119686144 6.65122081554933 3.08687674903495e-08 1.57082195858149e-07 8.81787388364045
"P68032" 5.42591129805949 1.87318986533482 6.58942301440192 3.82188877264963e-08 1.92928945243353e-07 8.61174804198914
"P0DMV8" 4.69757658199573 0.839672292936283 6.5540776460466 4.31854122671371e-08 2.14566890870579e-07 8.49384646576362
"P0DMV9" 4.69757658199573 0.839672292936283 6.5540776460466 4.31854122671371e-08 2.14566890870579e-07 8.49384646576362
"APOe" -4.41866185097881 3.49230270079397 -6.50263085857405 5.1590591338122e-08 2.54325493237148e-07 8.32223466212462
"P51884" 3.254238382011 0.355631198281322 6.4328019927564 6.56748856766538e-08 3.21246921410609e-07 8.08932269146456
"KRT7" -4.49616092537789 3.18158863035919 -6.42905204525144 6.65317026945199e-08 3.22934649232631e-07 8.0768159114654
"H4C1" 2.97174224120246 0.852768548672937 6.39189367329206 7.56497779808177e-08 3.64389388594626e-07 7.9528939814485
"P26038" 4.17851367189172 1.1333406550057 6.35600981422418 8.56384500646447e-08 4.09377742354476e-07 7.83323965310635
"P62937" 2.45768422209649 0.554483106393435 6.33062743902918 9.34896868031643e-08 4.43548814833058e-07 7.74861485100238
"P01023" 6.48959807055886 2.29391897658004 6.30129979356021 1.03460650867525e-07 4.8719157236872e-07 7.65085155273034
"GAPDH" -3.87436916034106 3.07871804506745 -6.27956896538496 1.11527660257137e-07 5.21288545350024e-07 7.57842382397788
"P34931" 3.81474625224512 0.704760182144938 6.24391266585103 1.26147148469987e-07 5.85285666798251e-07 7.45960750095176
"CFB" -4.90425285813772 4.57360680274049 -6.2365149472386 1.29412081015506e-07 5.96051263655362e-07 7.43496042550615
"P35580" 3.32433782935428 0.441271939685429 6.21736000108954 1.3826331764237e-07 6.3220401037924e-07 7.37114868708592
"P12259" 4.54460750063652 0.759135697267659 6.21306280863175 1.40330546824143e-07 6.37040108244853e-07 7.35683470056975
"F5" -6.23053035212215 4.62038982616386 -6.18580590151551 1.54180594184022e-07 6.94913963786557e-07 7.26605472491396
"MYH11" 3.04539965866931 0.652544957969425 6.17952263334153 1.57562069070576e-07 7.05118195627897e-07 7.24513142430296
"POSTN" 4.14561382645414 0.858096457429997 6.10734340153857 2.02140167576994e-07 8.98242575641431e-07 7.00487325757756
"TUBA1A" 5.3836462794427 1.19948842838369 6.05133331984306 2.45225520891171e-07 1.08207904672957e-06 6.81857747641229
"HSPA6" 3.85154347322114 0.711514689119529 6.04845212575395 2.47674271988625e-07 1.08529490017238e-06 6.80899801127338
"ILK" 3.80756419936994 0.589892980239292 6.0167389674405 2.76292617285957e-07 1.20234925177544e-06 6.7035829780902
"Q06033" 4.3338045975928 0.590504811827602 5.99391100673245 2.98910953002534e-07 1.29186857085342e-06 6.62773282247886
"HGFAC" 2.04070471220847 0.363443167339019 5.92361429226079 3.80812121775812e-07 1.6346425091193e-06 6.39433258698961
"P00558" 3.05470665642208 0.750630568987068 5.91927384739165 3.86545904492651e-07 1.64804368739772e-06 6.37993052555346
"Q9BUF5" 3.77138109635194 0.589043054365598 5.87665960595128 4.4761080260281e-07 1.8955866875327e-06 6.2385925985486
"SeRPINA7" -3.93313055616021 3.61633860496395 -5.87340501587582 4.52651331885736e-07 1.90415326946599e-06 6.22780281847721
"APOB" 5.49349071991859 1.56865439369341 5.85577179674748 4.8095925065983e-07 2.00983633885002e-06 6.16935621635166
"LUM" -3.68613079754165 3.19119097981736 -5.84387705412013 5.01043119947589e-07 2.07998821504558e-06 6.129941802779
"CLeC3B" -4.07452228339425 2.73407577761207 -5.84160990279496 5.04964776506168e-07 2.08256715016596e-06 6.12243044904016
"SeRPIND1" 3.37215061553954 0.688028441939677 5.77651468145173 6.3157407036899e-07 2.58781323638203e-06 5.9069155288625
"ITIH3" -5.11005179760036 4.69375702630809 -5.71782515823619 7.72549438291475e-07 3.14502384233497e-06 5.71288004426633
"VCL" 4.67924838763804 0.917727114954689 5.71525052536817 7.79403882268873e-07 3.15258878020294e-06 5.70437423709722
"FLNB" 2.78443129182925 0.413331594768217 5.7078654642655 7.99402349308056e-07 3.21288460135913e-06 5.67997925586396
"AMY2B" 3.34499545225444 0.74822742113586 5.68830908290639 8.54857973458711e-07 3.41402140033194e-06 5.61540086381665
"LOX" -3.08822025872058 0.69202037673911 -5.66369868530772 9.30107458665713e-07 3.69118117244066e-06 5.53417967461006
"FHL1" 2.29144397861663 0.658231571395055 5.6514738464735 9.69897334344327e-07 3.82503261232044e-06 5.49385400851277
"F12" -4.11596329533995 1.40352742793015 -5.63599066689954 1.02272822016166e-06 4.00833234113049e-06 5.44279939083315
"KRT73" -4.42378803491876 2.38515311888049 -5.62413607912244 1.06510135864756e-06 4.14863553892967e-06 5.4037245601076
"APOD" -3.55475089281122 2.04941190125326 -5.60565079356539 1.1346800879153e-06 4.39253457346352e-06 5.34281985777626
"KRT6C" 5.89623534456693 2.16427141361773 5.57367448936561 1.26585708736386e-06 4.87046233004022e-06 5.23754247189572
"Q13509" 4.39314084833545 0.919595553811429 5.50075618358019 1.62399762659353e-06 6.210560620488e-06 4.9978539512447
"Q14CN4" 3.69337387106032 1.04825329384874 5.4630953215755 1.84665682085704e-06 7.01952080699271e-06 4.8742811681215
"H2BC18" 2.17082979229257 0.730843712997558 5.45563637664733 1.89422188973899e-06 7.15720965524134e-06 4.84982562282455
"Q5XKe5" 3.8772602725087 1.3958302434628 5.4375877134974 2.01440208298602e-06 7.56599829978678e-06 4.79067595330893
"P08697" 2.59237543370217 0.422768746850354 5.41294588972079 2.19077449880082e-06 8.17975567303737e-06 4.70998005967891
"AMY1A" 3.3533626682073 0.755503261094872 5.39184254463758 2.35392912127414e-06 8.63563532281384e-06 4.64092919917472
"AMY1B" 3.3533626682073 0.755503261094872 5.39184254463758 2.35392912127414e-06 8.63563532281384e-06 4.64092919917472
"AMY1C" 3.3533626682073 0.755503261094872 5.39184254463758 2.35392912127414e-06 8.63563532281384e-06 4.64092919917472
"KRT6B" 5.88015487300134 2.22641661277503 5.38847584618963 2.3810487364737e-06 8.68463440875668e-06 4.62991823236795
"P08238" 3.92060196207528 1.08591880466753 5.38648425801739 2.39723699098133e-06 8.69342839832885e-06 4.62340528884772
"HABP2" -3.39316982206476 1.13805930585204 -5.3550352922424 2.66780577514958e-06 9.61934539496792e-06 4.52062513890329
"Q9BQe3" 5.3386460110199 0.969807632327124 5.27906804471445 3.4525836862176e-06 1.23782971932006e-05 4.27287683376147
"SYNCRIP" 2.89001353708223 0.978798074633221 5.26011578201989 3.68161216655831e-06 1.30617527013331e-05 4.21118943260481
"PZP" 5.77826264567628 1.58382233784497 5.25987513429154 3.68461486662012e-06 1.30617527013331e-05 4.21040647211448
"CHI3L1" -3.31170463320112 0.759499594345939 -5.21394979355522 4.30432776185904e-06 1.51733565236483e-05 4.06113579331583
"COL10A1" -3.03798564031302 0.836743477537966 -5.19668955906703 4.56298834397795e-06 1.59958091391672e-05 4.0051137238595
"CLU" -4.1296732367863 3.10692691815279 -5.16887882561502 5.01245059121208e-06 1.74743443262697e-05 3.91494065985225
"Q9NY65" 4.18833679392122 0.771076784687933 5.1424320141717 5.4803560968653e-06 1.90005752589121e-05 3.82929890229051
"AFM" -4.12782564626165 3.6330774368852 -5.1258298460591 5.79587332045621e-06 1.99846779519556e-05 3.77559215098976
"TLN2" 3.8004461991273 0.966455129892931 5.09354984315563 6.46157447784432e-06 2.21589863886944e-05 3.67129403398266
"CATHL4" -3.48195257595561 0.921576588262768 -5.0516058849601 7.44043775326261e-06 2.5377925525993e-05 3.53602509686969
"P63000" 2.79139344359857 0.56948871392229 5.04323032580815 7.65275640217555e-06 2.59617703751224e-05 3.50904918636284
"ANXA2" 2.78352529648652 1.02910085649948 5.04109946905076 7.70772044828856e-06 2.60084042934229e-05 3.50218804431955
"CFD" -3.34453475333483 1.75420206290034 -5.03520448793555 7.86181545020607e-06 2.6289396057949e-05 3.48321083547258
"FGA" -4.08726818705645 3.17249349353836 -5.03473113719929 7.8743198969134e-06 2.6289396057949e-05 3.48168727534952
"P00734" 4.58482826352202 0.971546688862607 5.02094905072206 8.24712958455838e-06 2.73891514097702e-05 3.4373441538759
"PLeK" 2.02610743184145 0.356570434842956 5.01369430529158 8.4503145195702e-06 2.79170076536586e-05 3.41401559030408
"RAP1BL" 2.94936113408013 0.558280460192407 5.00760937841469 8.62453816225558e-06 2.83441853144962e-05 3.39445579710934
"ANXA5" -2.68580813096416 0.794981727204845 -5.00282212858828 8.76409293575438e-06 2.86535888210415e-05 3.37907189910942
"IGFBP2" -6.0016793756162 2.40775523204748 -4.99845479589069 8.89334814605571e-06 2.89263024750575e-05 3.36504092565541
"P26583" 3.29512683412573 1.11725100709765 4.97963221563753 9.47227109286572e-06 3.06512977415296e-05 3.30460810658199
"P02765" 5.19902393503895 1.06939274474532 4.97227435324682 9.70854323393402e-06 3.12555652072059e-05 3.28100175860394
"KRT71" -3.96803669264352 2.06923573706999 -4.94867899413212 1.05061084640784e-05 3.36159910638247e-05 3.20536655426426
"SeRPINA3-5" -4.85370938855588 4.1074092998534 -4.94748098517859 1.05482824574283e-05 3.36159910638247e-05 3.20152903701518
"P02774" 4.31348184798112 0.817341281900046 4.93559824066694 1.09757359850787e-05 3.48024593295713e-05 3.16348003353869
"P02649" 2.50796780739457 0.591694934187602 4.93242814147547 1.10926285274215e-05 3.49972430040147e-05 3.15333367905139
"KRT8" 4.04526977740488 1.37402142304736 4.89665370713742 1.24998536436262e-05 3.92408340752643e-05 3.03896347113164
"KRT79" -4.62117369780238 2.41563447401021 -4.88897939286971 1.28239004512877e-05 4.00588177463491e-05 3.01446056880962
"IGFBP3" -4.28630097370711 1.43521702137938 -4.86784482778282 1.37596815386458e-05 4.27702416299779e-05 2.94704011834156
"P00338" 2.35790576318459 0.339952528327364 4.86504393504878 1.38886380678598e-05 4.29594638275466e-05 2.93811165905498
"MST1" -3.60937210497175 1.60785553826297 -4.81794086059919 1.62443411511531e-05 5.00008744701346e-05 2.78819410885609
"P02656" 1.89769425736408 0.312947293834637 4.81506513165895 1.64002597487952e-05 5.02357470946104e-05 2.77905586094775
"HBB" -4.36398314145238 3.60338993350591 -4.76058291457521 1.96483454402328e-05 5.98942317525938e-05 2.60625052556597
"P02751" 5.10686742775251 0.622009498720353 4.75206653761474 2.0210237424848e-05 6.13108644955725e-05 2.57929498906233
"APOA2" -2.67944125556885 2.08661494538222 -4.71896053899767 2.25484735926385e-05 6.80769705117458e-05 2.47465843401532
"THBS4" -4.00943199494276 2.70759369313272 -4.71430356779554 2.28980268835067e-05 6.88031188737748e-05 2.45995855023439
"P09429" 3.06515949390705 1.13960692870907 4.71227670709455 2.30518210262111e-05 6.89369624053992e-05 2.45356218955253
"HRNR" 1.78190847631491 0.465822623919104 4.68782871530712 2.49887410134611e-05 7.43768659410093e-05 2.37648113126655
"KLKB1" -3.69934847635782 2.45522538487941 -4.6441317031403 2.88565182835287e-05 8.5485741957308e-05 2.23904678551567
"SeRPINA3-4" -4.98999220995492 4.28063114130312 -4.63316914562163 2.99155819350631e-05 8.82090289767515e-05 2.20463665895622
"HBD" 3.55278499749921 0.814906290238242 4.62317310237414 3.09144556061123e-05 9.07303324997994e-05 2.17328477501921
"KRT19" -5.0034918582962 2.96099265043905 -4.58309570381865 3.52582700126623e-05 0.000102999853601805 2.0478226448644
"eeF1A1" -3.47745695662983 3.10639466574768 -4.57236609558295 3.65193394554069e-05 0.000106192180628395 2.01429916716742
"O95678" 4.62728962682916 1.40815289159792 4.56948642303076 3.68652499127732e-05 0.000106706296765871 2.00530671644318
"P01042" 2.84434634880005 0.328975594078848 4.55621705832791 3.85011214927763e-05 0.00011093245507736 1.96389625844756
"P68133" 5.09570443322254 1.11980822651831 4.55369267686788 3.88202875364662e-05 0.000111343642888683 1.9560231803424
"P13929" 2.87673323600709 0.395447519903641 4.52408395860871 4.27628872619776e-05 0.000122096750508181 1.86379726899452
"CATHL2" -2.05393488036332 0.348458948683919 -4.51965401467155 4.33855362407471e-05 0.000123316546702304 1.8500176667771
"APOA4" -3.83850719183086 2.28641850567132 -4.51624728621861 4.38703982331213e-05 0.000124135521457846 1.83942420921942
"CDH1" -2.91774038664862 0.600999147693407 -4.4562110352935 5.33389804071067e-05 0.000150254002843234 1.65322584566609
"P02753" 2.58266712658141 0.304305999228133 4.44285419307099 5.57030158556034e-05 0.000156216013355048 1.61192838863102
"P08727" 3.84379534239053 1.29650660735389 4.44131404753329 5.59821092881362e-05 0.000156304030800062 1.60716952015876
"VNN1" -3.324931927326 2.79085309958901 -4.38284038918847 6.76515113447175e-05 0.000188053320081572 1.42696562986882
"ITIH1" -4.06629948373488 3.80924768927212 -4.3690551823799 7.07312129640532e-05 0.0001957517341242 1.38461879429794
"F10" -3.37114861775677 1.80481524069034 -4.35819947776521 7.32524179328299e-05 0.000201843998758147 1.35130837978156
"FN1" -4.49881953706348 3.63302739964173 -4.35074962848457 7.50331751794326e-05 0.000205851884948791 1.32846786397875
"P02749" 2.8872129372519 0.451919943200276 4.32467370894926 8.16052539929168e-05 0.000222913053114851 1.24864540609058
"C5" 3.3273291880408 0.771532167322534 4.28869704272244 9.1602316547414e-05 0.000249142507506113 1.13883593770993
"S100A7" 1.85058350123941 0.524428888572263 4.23862317343812 0.000107527674451039 0.000291201556131355 0.986631915044129
"LTF" -5.18153817665822 2.26415786302272 -4.21996597797503 0.000114126051637357 0.000307750164885353 0.930114284865438
"CKM" -2.99377585289786 1.31106230670835 -4.20081588770368 0.000121308330324896 0.00032572577206387 0.872214219614629
"TPI1" -2.80298024901669 1.16634827998241 -4.10261821157891 0.000165622829665783 0.000442830531860632 0.577124441740923
"Q08554" 1.67658606744584 0.505329989393162 4.01573337750949 0.000217657497216866 0.000579501606514103 0.31865818994163
"P02647" 3.20299869704491 0.803771327597334 3.99794971553035 0.000230112294713709 0.000610087638505674 0.266071172972416
"P11021" 2.4028639806004 0.437578763486024 3.93906373037272 0.000276477781385003 0.00072994761528844 0.0927331456754086
"P00747" 3.29502894991225 1.01723332705427 3.9235576474038 0.000290117995491035 0.00076276856314518 0.0472944514418705
"DSP" 3.52391744793235 1.36211428931009 3.9041877476052 0.0003080734068819 0.000806615434616096 -0.00934438143289906
"P09210" 2.08122959423414 0.330527392169844 3.89477113526964 0.000317185952017518 0.000827042709599396 -0.0368296924956093
"P05109" 2.08247907070973 0.687321161041491 3.87312835572929 0.000339128021570046 0.000880616385229213 -0.0998770903517689
"YWHAZ" -2.9093696154666 1.67445722854013 -3.87010305253048 0.000342309624283552 0.000885235134930005 -0.108676249700787
"C9" -3.17886212744981 2.59736352446115 -3.84303602609585 0.000372087336027129 0.00095671401626848 -0.187248994409591
"LYZ" 1.72775401397639 0.618327282928133 3.84225556861359 0.000372982009511959 0.00095671401626848 -0.189510495261916
"C7" -3.46365306885936 3.19095786669979 -3.81598512361899 0.000404337807247417 0.00103294395292761 -0.265498469618372
"RPS27A" -3.03619640404387 1.43074905315533 -3.77187376020055 0.00046278857003586 0.00117749833747027 -0.392495284275569
"TAGLN2" -3.88277113421947 1.7896858980515 -3.77010545387661 0.000465293835809452 0.00117911811403921 -0.397570463682301
"JUP" -4.19489259160154 1.93676595742777 -3.75358146241464 0.000489344468059383 0.00123510543738188 -0.44493619861181
"BCL2L14" 1.65285815523869 0.278345186011782 3.7478915329677 0.000497899872702253 0.00125169250866582 -0.461221328911271
"H1-3" -2.30751017835899 1.0433624240056 -3.65794745378405 0.000653846861005959 0.00163721178291572 -0.716919302453141
"KRT17" -5.61915170580058 3.15566229471789 -3.65064413624266 0.000668389444155616 0.0016670108271233 -0.737536197577777
"S100A9" 2.15529433810757 0.734901277775447 3.64103822583695 0.000687990385422692 0.00170914146929811 -0.764619357514159
"KRT72" -4.367118017144 1.78368945396979 -3.63444209166566 0.000701768058086959 0.00173653193981518 -0.783194324257621
"DSG1" -2.74425121641884 1.03087995997917 -3.62596467421883 0.000719864385178154 0.00177435323065397 -0.807040225409002
"LYSM" -1.87170665088096 1.03729602438514 -3.61005923107825 0.000755031735929849 0.00185379387304177 -0.851698378004246
"Q14624" 3.00623901317166 0.627085872180991 3.59147037310882 0.00079822067856957 0.00195223739603643 -0.903754564992925
"LASP1" -2.56840347733226 0.588559131748599 -3.58475719259704 0.000814392148286562 0.00198409824543946 -0.9225178002111
"C4BPA" -3.15572898577037 1.09352212121896 -3.57690074996103 0.000833716322161826 0.00202336538186197 -0.944451817229538
"CCN2" -2.29646162536021 0.732630820155657 -3.56174416515069 0.000872244248797606 0.00210875908425781 -0.986691369238367
"P19827" 2.80000531889183 0.489176403833407 3.54247544593545 0.000923690461790155 0.00222461328774652 -1.04024662492402
"SeRPINA3-6" -4.88993320134682 3.76802438787071 -3.51177824839795 0.00101169360149817 0.00242729529484923 -1.12522890546529
"KRT78" -3.42519182107186 1.21398713660327 -3.50654489616127 0.00102747481222891 0.00245582047922894 -1.13967525072926
"SeRPINA3-8" -3.33337985764389 2.76356503180944 -3.50024153428885 0.00104679503148149 0.00249255722590499 -1.15705906000619
"B2M" -1.7902117667514 0.513877245340613 -3.49480567527644 0.00106373457568555 0.00252337036563001 -1.17203613408724
"TGFBI" -3.25971603370476 2.44310842150736 -3.49181520864226 0.00107316497318765 0.00253620635985545 -1.18026992290263
"CHIA" -2.7743159757303 2.43697362564595 -3.48289094248584 0.00110178457225278 0.00258665400439846 -1.20481759844923
"H1-2" -2.28889716599607 1.01099196772226 -3.48260612235447 0.00110270986875307 0.00258665400439846 -1.205600452444
"CATHL3" -2.29221074235752 0.337409403174493 -3.46660863828424 0.00115588883054696 0.00270135500768567 -1.24951206412638
"ADAMTS13" 1.34061147904992 0.332982228000967 3.45249672724644 0.00120482366387475 0.00280532742400358 -1.2881513772731
"eNO1" -3.33149811594903 2.99192467694863 -3.44980353040135 0.00121438453077739 0.00281719352544313 -1.2955151831155
"FGB" -3.4409818574708 2.91781616788423 -3.41450241633682 0.00134658691146284 0.00311244081001117 -1.39172752069824
"O43707" 2.28372333467128 0.363742985490342 3.41219078597937 0.00135570612604385 0.0031220823559623 -1.39800766913266
"CPB2" -3.03090493178058 2.49092361437449 -3.40049837648136 0.00140274017794452 0.00321865109921087 -1.42973493610693
"SPON1" -2.22759849428688 0.468705315670895 -3.36364069024771 0.00156138160782008 0.00356968041497997 -1.52932707727118
"GFAP" -3.17130065338209 1.07772854627193 -3.33036732706086 0.00171912089612301 0.00391612016409248 -1.61867846242311
"NACA" -2.38813539935355 0.816083855863542 -3.32567791167474 0.001742533071294 0.003955173985563 -1.63122842700076
"RNASe4" -2.39235383515142 0.790744822982162 -3.29904630383508 0.00188133929263548 0.00425492865108598 -1.702298036212
"H4" -2.13733573299699 1.60037448391229 -3.28261282462358 0.00197215781382461 0.00444439850186904 -1.74597949398824
"FLNC" 1.39516373811226 0.271711608969947 3.27289279047755 0.00202781485115285 0.00455356288639661 -1.77175339007584
"RGN" -2.03589746192649 1.02697867734299 -3.26581243198182 0.002069290516014 0.00463022097732212 -1.79049837023989
"HP20" -2.06714151180326 0.680981753881348 -3.26121039194817 0.00209667809838888 0.00467492537131937 -1.80266872978949
"HSPA1B" -3.15333588787161 2.41794247840277 -3.22728331346563 0.00230943659446231 0.0051129040662141 -1.89206370886901
"HSPA1A" -3.15333588787161 2.41794247840277 -3.22728331346563 0.00230943659446231 0.0051129040662141 -1.89206370886901
"SPP2" -2.81696925106101 0.907685424247359 -3.22606902036524 0.00231741769086724 0.0051129040662141 -1.89525252854879
"AHCY" -3.06847500782329 2.07720855762668 -3.21813784005877 0.00237019144481652 0.0052111177758858 -1.91606200177095
"IGFBP5" -2.21135366496117 0.517686905947146 -3.2046181689997 0.00246277891802812 0.00539588019887412 -1.95146062942582
"ACTA1" -4.88771824088749 2.17781526642366 -3.20129537614574 0.00248605222875474 0.00542802407039529 -1.96014644852527
"H2AC7" 1.05942455271237 0.298618059715194 3.14934905725027 0.00287800802857232 0.00626214850354873 -2.09519567664586
"PROC" -2.69851140862334 1.68102634411129 -3.11779980949804 0.00314376649855342 0.00681689574084952 -2.1765305635341
"P16402" 1.34426171869148 0.535435086540311 3.1101925502151 0.00321121858931114 0.00693931140361415 -2.1960637076859
"VASP" -1.77669962260937 0.502140227184709 -3.07112942465955 0.00357956246745109 0.00770888708860627 -2.29587982509421
"UBA52" -2.10088696529863 1.27572881511371 -3.06865440804749 0.0036041896362019 0.00773552265456938 -2.30217651484206
"ACTC1" -4.42615682398794 3.14765073265295 -3.06638434952636 0.00362691724482135 0.00775791451349922 -2.30794886173202
"KRT20" -2.32261634529088 1.22298441785712 -3.05550537227979 0.00373771679441647 0.00795272553868127 -2.33557341390384
"IGFBP4" -1.62174047276634 0.316080397760248 -3.05497485047776 0.00374320045164554 0.00795272553868127 -2.33691890559419
"TBA1B" -3.16336734597832 2.81683154113251 -3.04969478195736 0.00379819016723255 0.00804247649504612 -2.35030170232846
"IGF2" -1.94446640712176 0.705943254415119 -3.02359327253929 0.00408133855639978 0.00859098384459156 -2.41623473767715
"ITIH2" -1.2002525676241 0.271640739549629 -3.02331497950244 0.00408446141581215 0.00859098384459156 -2.41693570066138
"ARG1" -2.39719515814509 0.789853158760867 -3.01645434183174 0.00416215967518093 0.00872532476757199 -2.43420275596342
"P31946" 1.14256324237655 0.416300648724564 2.98516316978593 0.0045344209332829 0.00947423711556792 -2.51262702186715
"P62258" 1.37665730002895 0.499107347535886 2.92032457442115 0.0054070064609809 0.0112601355672573 -2.67338252372544
"RPL22" 0.86964816428789 0.348742198865514 2.90729492277312 0.00560027150031523 0.011624247752299 -2.70539861927225
"TUBA4A" -2.99152172321298 2.94213655683537 -2.89827424289784 0.00573782251080196 0.0118562996019701 -2.72750677908844
"P00751" 1.97168047690129 0.338174304148422 2.89750817220283 0.00574964766751642 0.0118562996019701 -2.72938212636994
"PRDX1" -1.94335893165117 0.546049595625712 -2.8919662489075 0.00583587174014626 0.0119949025017338 -2.74293869743477
"P04272" -3.21787313317569 1.21847887840817 -2.8904410580359 0.00585981181646772 0.0120050040785426 -2.74666647898083
"HNRNPK" -1.61829711857786 0.431388864781368 -2.84877303126708 0.00655029807950208 0.0133761750426078 -2.84798519276474
"CCDC168" 2.70468921951286 0.497858398849557 2.83120665398191 0.0068634451073093 0.0139704318152005 -2.89039390613814
"COMP" -2.72590397879956 2.11674356416753 -2.82385470458935 0.00699858269726989 0.0141996967266151 -2.90808879446496
"PPIA" -2.31147503671082 1.35382875730019 -2.81816803831699 0.00710479854021138 0.0143689996117737 -2.92175362151274
"HRG" -2.26496887333033 1.90016836831577 -2.81315402342009 0.00719968845606275 0.0145143879098262 -2.93378613335495
"Q02413" 2.03641392184863 0.973412188118829 2.81035227665664 0.00725322159405748 0.0145757414835996 -2.94050317234394
"HSPA8" -2.98939176598232 2.18840594973386 -2.80899261416874 0.00727933347774444 0.0145817759506563 -2.94376120297394
"P29279" 0.887131526323046 0.375357173522509 2.80721194298318 0.00731366245163473 0.0146041804018402 -2.94802638752809
"MYH10" -3.05145774214179 1.59849695958135 -2.80055786426778 0.00744327616015927 0.014816111221011 -2.96394791297915
"HBe1" 1.29194629736942 0.355476418673161 2.78082102942206 0.00784034525829861 0.015557414647756 -3.01101693586357
"COL1A2" -2.07602458881083 1.33481183586698 -2.7664761832391 0.0081411378769193 0.0161036300950974 -3.04507961118642
"CL43" -2.1397474374285 0.940884828078096 -2.75641706771147 0.00835838896205487 0.016481698234552 -3.06889117827124
"PFN1" -2.78840773489762 1.79396376116169 -2.73316072245044 0.0088813258220599 0.0174583071455445 -3.12370659605019
"IGFBP6" -1.58899333459593 0.599377808165143 -2.7284743209872 0.0089902911361677 0.0176176202078317 -3.13471239323053
"POTeF" 2.32829454839054 0.49537561069465 2.7189577911702 0.00921536696850957 0.0180027757186673 -3.15701995492417
"P63267" 2.46694752766039 0.706404285464378 2.71064862626758 0.00941612242769364 0.018338189048996 -3.1764516751588
"CSRP1" -1.49318607599927 0.533260908749307 -2.69132408501748 0.0098986933341317 0.0192186938271911 -3.22147843382732
"PGK2" 1.07336413895757 0.431077244658023 2.67771410676335 0.0102521066613239 0.0198438015438509 -3.25305058163779
"BRN" -1.79388153640991 0.463884710841 -2.6584661607263 0.0107717460547388 0.0207858463625082 -3.29750352344199
"P02787" 2.68228169025037 0.814725741700157 2.62339791282452 0.0117810842164231 0.0226642199407408 -3.37789209862707
"PGLYRP1" -2.39945526626077 1.52650722953648 -2.60267552591544 0.0124175237676071 0.0238159802351371 -3.42502692113339
"P00488" 0.996731503057652 0.373297292501453 2.59446394116675 0.012678309990391 0.0242424654664749 -3.44362866882981
"RAP1B" -2.15749377862739 1.39753022001263 -2.56429823671375 0.0136798675652861 0.0260785390746089 -3.51158944141226
"RBP4" -2.62270480403913 1.85734450256641 -2.55461147987285 0.0140164823359372 0.0266397601023385 -3.53328757180174
"P05786" -3.53688758628208 1.54148494534518 -2.54464224931554 0.0143707814075815 0.0272311203248766 -3.55555447419259
"PPIe" -1.71808441739434 0.534199470938428 -2.51692230631458 0.0153992165360115 0.0290925318389918 -3.61712588692964
"O75083" 1.08401597974543 0.280586141774954 2.50847286555697 0.0157257511040767 0.0295572565332649 -3.63579295195154
"P84077" 0.980594680054045 0.497523308665411 2.50813628614498 0.015738887789504 0.0295572565332649 -3.6365355662759
"H2BC12L" 1.05730704264257 0.477914723900764 2.46753219134045 0.0173987479845195 0.0324810946101533 -3.7255692480059
"H2BC13" 1.05730704264257 0.477914723900764 2.46753219134045 0.0173987479845195 0.0324810946101533 -3.7255692480059
"Q08188" 1.7052177357843 0.494699043019943 2.46004262709019 0.017721699909713 0.0329864089764865 -3.7418712633821
"KRT4" 1.44324641811724 0.841445248595557 2.45434187598066 0.0179711437951222 0.0333523286315356 -3.75425438079584
"KRT80" -2.35946873065006 1.37415635638299 -2.45178226567765 0.0180841727468381 0.0334636744963485 -3.75980721260382
"CSN1S2" -1.77118918510596 0.825354632457218 -2.4496592875049 0.0181784080066013 0.0335396501294405 -3.76440945663879
"P0CG53" -2.07214327993191 1.03241699431888 -2.44846674972321 0.0182315372335945 0.0335396501294405 -3.76699333368385
"CP" 2.0203205026659 0.486714698212137 2.43185396131322 0.0189864017021714 0.0348268007967155 -3.80288821140222
"APOC3" -1.83008269571619 1.19778688740857 -2.42835772188006 0.0191488176674142 0.0350229099946039 -3.81041860472237
"P14923" 2.04412504630555 0.931804160540682 2.41075293943724 0.0199858514377116 0.0364481857144393 -3.8482102211541
"O60814" 1.04582678486673 0.497880389597874 2.38425034841657 0.0213082222011884 0.0381974096845166 -3.90470229736392
"H2BC14" 1.04582678486673 0.497880389597874 2.38425034841657 0.0213082222011884 0.0381974096845166 -3.90470229736392
"H2BC9" 1.04582678486673 0.497880389597874 2.38425034841657 0.0213082222011884 0.0381974096845166 -3.90470229736392
"H2BC5" 1.04582678486673 0.497880389597874 2.38425034841657 0.0213082222011884 0.0381974096845166 -3.90470229736392
"H2BC15" 1.04582678486673 0.497880389597874 2.38425034841657 0.0213082222011884 0.0381974096845166 -3.90470229736392
"H2BC4" 1.04582678486673 0.497880389597874 2.38425034841657 0.0213082222011884 0.0381974096845166 -3.90470229736392
"GARIN1B" -1.48106239320669 0.931787480834391 -2.3752895849916 0.0217728230915305 0.0389196922684298 -3.92369338147835
"P62736" 2.46694752766039 0.638998481544567 2.36615900175144 0.0222555747437997 0.0396702476365469 -3.94298724732277
"PRDX2" -1.43718664751323 0.559004630605749 -2.36300189813603 0.0224247204148399 0.0397720216298783 -3.94964508758234
"F13A1" -1.57272908829933 1.66628805992448 -2.36211745425129 0.0224723120950659 0.0397720216298783 -3.95150900148916
"UBC" -2.06030311448369 1.09692025673344 -2.36157100199898 0.0225017618413099 0.0397720216298783 -3.9526603462315
"CSN1S1" -1.65496716609245 1.04968891000601 -2.32864853851506 0.0243412250955423 0.042903109037115 -4.02164219389687
"BPT2" -1.64885301875428 0.60882521501471 -2.31639020931488 0.0250598078305328 0.044046626019683 -4.04713295346805
"GPLD1" -2.21631464551651 1.27736996011665 -2.30616877673166 0.0256734276593781 0.0449998134807432 -4.06830716188042
"CFL1" -1.50861093535295 0.963123840118628 -2.30381559675763 0.0258165823681045 0.0451253835852463 -4.07317144778976
"P62987" 1.02520308416801 0.600125432816278 2.29551641960187 0.0263271668894758 0.0458907246056884 -4.0902955054912
"P08729" 1.6005110756302 0.723712998452794 2.28912683792337 0.0267263890441214 0.0464582685587895 -4.10344615793383
"Q7RTS7" 1.7321692467527 1.14685695489893 2.27935275577966 0.0273475261676014 0.0474073873949353 -4.12350647443652
"KRT76" 2.19596416354289 1.50032032286503 2.27213339576333 0.0278145389671865 0.0480848605158758 -4.13827980760527
"SeRPINA6" -2.47313547574015 1.96150691123315 -2.2500582318231 0.0292869164539204 0.0504919242689175 -4.1832221971669
"FMOD" -1.83494308597919 1.06522880756232 -2.24741056356669 0.0294680848511825 0.0506658352618423 -4.18858906559003
"SeRPINB12" 1.00754394014822 0.57571456833276 2.20504752587057 0.0325052237754432 0.0557358592453931 -4.27377156052632
"OMD" -1.32334997345077 0.579161880070687 -2.17796712185936 0.0345888805288638 0.0590728348873087 -4.32754074137467
"KRT24" 1.32736464059796 0.307843755544185 2.17733887744355 0.0346385878103078 0.0590728348873087 -4.32878177609882
"KRT28" -2.91715878537985 1.15356301224141 -2.17568623738199 0.0347696472700457 0.0591365159768163 -4.33204502020141
"PROS1" -2.67913248637476 2.03387790338065 -2.16866509818837 0.0353313337841791 0.0599303000478952 -4.34588634876977
"Q86Y46" 1.9016862270092 1.05126095261204 2.1369012105475 0.0379735214400674 0.0642393888168433 -4.40805091075765
"LBP" -1.79680772085048 1.85962211188047 -2.12508989605783 0.0389994160677832 0.0657984800501904 -4.43097601465664
"FLG2" 0.886082009815827 0.546101704521524 2.11453777548359 0.0399364238177349 0.0671996891439752 -4.45136925263948
"K2C4" -2.77947941517247 1.07211431784201 -2.10617936624491 0.0406925783615856 0.0682899386865972 -4.46746387673744
"Q32Le4" -1.13792972962319 0.358614391703744 -2.09374247940468 0.0418408924729962 0.0700307775874286 -4.49131503286159
"KRT222" -1.41254653676588 0.871570823600914 -2.08774221587032 0.0424049658196372 0.070787125481987 -4.50278067276957
"KRT84" 1.76094512061556 0.579494009436698 2.07041419681727 0.0440713910668678 0.073374796208954 -4.53573982009189
"P12814" 1.53363339873062 0.537805322538134 2.02764203075503 0.0484311500385721 0.0804211991429974 -4.61612187794309
"CDH5" -1.75742722614359 0.991980297507352 -2.0092074611362 0.0504226933089578 0.0835084500733658 -4.650335704914
"IQGAP1" 1.52740118914877 0.787962784654897 1.98810655280209 0.0527889254582235 0.0871984606391075 -4.68917760646544
"P80209" -0.924737711524098 0.368808821772609 -1.98347932813091 0.0533204492055535 0.0877142290335153 -4.69764933859611
"SeRPINA3-1" -2.83206125497822 3.84999949266226 -1.98297046829662 0.0533791821693659 0.0877142290335153 -4.69857997177606
"IGKC" 1.63030666076913 0.647521334386395 1.9769193568865 0.0540818942790118 0.0886381176365103 -4.70963124359034
"FeRMT3" -1.82727950487449 1.78631223336103 -1.97444854763698 0.0543711126389969 0.0886846778505066 -4.71413557975949
"PIP" 0.747590747568619 0.463104733121213 1.97427569846931 0.0543913951317687 0.0886846778505066 -4.71445051025004
"HSPA5" -1.38666809835083 0.826080446789921 -1.95979943670442 0.0561133662322248 0.0912565311663244 -4.74074388921827
"CALD1" -1.25415506891203 0.613608729397705 -1.94044601328346 0.058488572648513 0.0948747797974593 -4.77564083609236
"FABP1" -1.47737617353627 0.585698847704855 -1.93584129260425 0.0590662403981846 0.0955661479262936 -4.78390070900502
"YWHAB" -1.30706444990029 0.691992842911427 -1.9193079072774 0.0611808519432303 0.0987343160516069 -4.81342106257255
"H2A1" -1.53179095315924 1.08487554912278 -1.91352141792512 0.0619360865266905 0.0991920573561972 -4.8237021066795
"H2AJ" -1.53179095315924 1.08487554912278 -1.91352141792512 0.0619360865266905 0.0991920573561972 -4.8237021066795
"H2AC20" -1.53179095315924 1.08487554912278 -1.91352141792512 0.0619360865266905 0.0991920573561972 -4.8237021066795
"TCN2" -1.17138519473028 0.440545433393437 -1.90339046499555 0.0632775396033519 0.10108386706257 -4.84163858691937
"COL2A1" -1.12060916158381 0.598477585239702 -1.83326772610384 0.0732588324275172 0.116733139549907 -4.96355595541659
"KRT77" 1.70598873533875 1.11212838504281 1.83135835838633 0.0735482524349566 0.11689911155279 -4.9668207100732
"KRT15" 2.08032213446355 0.898171136215576 1.81037306217084 0.0767932991524208 0.121750180314516 -5.00250934748756
"OGN" -1.19209320219792 0.903564955960522 -1.79434887331741 0.0793516333759816 0.125490928973044 -5.02952151869989
"HSP90AB1" -1.72977960040133 1.67089272268817 -1.79166523355333 0.0797870115325355 0.125864010692575 -5.03402503604458
"LGALS3BP" -1.18313272276275 0.705418077214483 -1.7492377041001 0.0869407883866566 0.136807075989976 -5.10444563797501
"PeBP1" -1.14331913712101 0.681304612077119 -1.74396611525476 0.0878659116876043 0.137918881280792 -5.11309264944177
"PF4" -1.26801514583383 0.493140774575256 -1.73839834567922 0.0888519022630934 0.138786549202106 -5.12220073820975
"CSN2" -1.28148387723123 0.719409121077165 -1.73836079614037 0.0888585830073705 0.138786549202106 -5.1222620775936
"GSTP1" -0.895536536968024 0.538057025454663 -1.72748853233566 0.0908106144943901 0.141485179619655 -5.1399738170658
"NeFH" 1.09595691977024 0.384919047854502 1.71376295342751 0.0933256774685008 0.1450455726173 -5.16219482013626
"F9" -1.37708484399533 1.26479360370761 -1.70137380283757 0.0956451675842217 0.148285259817307 -5.1821186375903
"HP252" -0.863797362176575 0.395237456647379 -1.69689717111068 0.0964949209661069 0.149236017474543 -5.18928656353217
"KRT35" -1.9495680046337 1.03842056043664 -1.67167139599509 0.10140061004489 0.156439571976347 -5.22936672920306
"eZR" -1.57988024094449 1.29807461408825 -1.65681696546258 0.104384134012347 0.160649728199491 -5.25272034989502
"CAPNS1" -1.00570662872603 0.739184125827107 -1.63731183335412 0.108410723942629 0.166154226351934 -5.28310531027246
"BLVRB" -1.37777134699377 1.35086998416588 -1.63471674992235 0.108955893152382 0.166154226351934 -5.28712385947309
"ACTG2" -2.10826587077534 1.10752783647369 -1.63444066087709 0.109014024896514 0.166154226351934 -5.28755105700917
"ACTA2" -2.10826587077534 1.10752783647369 -1.63444066087709 0.109014024896514 0.166154226351934 -5.28755105700917
"FGG" -1.90444704215859 1.88977614221664 -1.61124973572788 0.113988126012094 0.173316885575015 -5.32320574638014
"HSP90AA1" -1.7839209022648 2.00619567514892 -1.60527720373553 0.115298609401811 0.174888034933997 -5.33231470427091
"TUBA1D" -2.22420917171446 1.70209257780935 -1.60313671653665 0.115771240423037 0.175183819441094 -5.33557191038671
"F11" -1.19737450244542 0.767003666770929 -1.59220170632884 0.118210346984389 0.178446719969257 -5.35215133517904
"PRDX6" -1.2344868773025 0.846047017692961 -1.59030616064194 0.118637362277755 0.178663903573422 -5.35501501566516
"CHAD" -1.12180095875551 0.459959781554867 -1.58364730732203 0.120147333058627 0.180507064666651 -5.36505065736733
"H2AZ2" -1.18545930610867 0.622406535074498 -1.54423789011963 0.129404649106139 0.19395328642749 -5.42367224316619
"LDHB" -1.56170627208183 1.58525526685111 -1.54041505840207 0.130332299368285 0.194880760429829 -5.42928811843786
"HSPA1L" -1.58160876248772 1.39618597961092 -1.5380607936656 0.130906233425326 0.195276201634469 -5.43274038566601
"PKP1" -1.08670423565559 0.315565674847234 -1.53271380721697 0.132217269108886 0.196654521869784 -5.44056348853543
"YWHAe" -1.10798315999894 0.894440115061187 -1.53175478360811 0.132453521069189 0.196654521869784 -5.44196402810088
"MAP4" -1.05990471586062 0.337161908363979 -1.51640406158194 0.13628126355992 0.201862622784765 -5.46427434784145
"PGAM1" -0.648691572640795 0.402911325504952 -1.49201442734226 0.142543690553974 0.210644189085616 -5.49930397108037
"H2AZ1" -1.21246437329194 0.669371869306268 -1.47984350937053 0.145753024260875 0.214736863824731 -5.51659207996897
"LeCT2" -1.0206772680598 0.40535114520609 -1.47893882689472 0.145993842441853 0.214736863824731 -5.51787200412384
"Q08380" 0.833361731978273 0.393787616540834 1.45034566981839 0.153768333793432 0.225646089822454 -5.55795842085152
"GAL3ST4" -1.01830626298059 0.370598323564226 -1.43505594367784 0.158057054355419 0.231401395123595 -5.57910156435951
"eNO3" -1.59491357513631 0.800492843654084 -1.43298707941858 0.15864448456559 0.231723772594647 -5.58194676161965
"CLIC1" -0.739460709868436 0.656642505144377 -1.40761365902764 0.16598853488053 0.241890913417124 -5.61653628372243
"Q8N1N4" 1.04610320398867 0.896992418578169 1.3809195601747 0.17399714816202 0.252977420484412 -5.65231496924739
"ADORA1" -1.35031856322584 0.406560103967575 -1.34202182924319 0.18619641524264 0.270091811535876 -5.70332221469949
"PGK1" -1.33083436217343 1.44964417635107 -1.33747174098808 0.187665096628012 0.271597880670357 -5.70920103156885
"FAM124B" -0.84030773273282 0.542232326333978 -1.32746493468186 0.190926152434257 0.27568513086045 -5.72206515862944
"HMGB2" -1.08771122667084 1.45785418284916 -1.31536926364535 0.194925233415462 0.280816945856522 -5.73749531626769
"COL1A1" -1.20674172581263 1.249747684195 -1.29556775171873 0.201608526719001 0.28978355435009 -5.76247313060218
"DSC1" -0.818635189339236 0.453335524236637 -1.23093576921389 0.224623383459179 0.32213035218805 -5.8415462834911
"GSTA2" -1.13295011491763 1.47844549928175 -1.21628473625085 0.230100391488432 0.329236614578686 -5.85894560688454
"KRT40" -0.91888540896925 0.28844792166748 -1.20808852461105 0.233206863130949 0.332926539899612 -5.86859420356806
"SeRPINB3" 0.876554447590081 0.783301319974117 1.18317028131322 0.242839629867713 0.34577680344845 -5.89755211723299
"CD44" -0.662201460983301 0.274022207389356 -1.1819803711858 0.243306745965005 0.34577680344845 -5.89892075433285
"ARHGeF9" -0.787552396747517 0.399278493642343 -1.18059324784613 0.243852103858257 0.34577680344845 -5.90051459276897
"FTL" -0.73069765149551 0.686434797671335 -1.12069451261549 0.268253045843025 0.379523928087328 -5.96765657725275
"CATHL1" -0.693389109472777 0.572803420151975 -1.08388135481536 0.284083587949839 0.401021798649549 -6.007280900557
"HSPA2" -1.08727886636672 0.692878943111484 -1.07514162017485 0.287935994318357 0.405552706283221 -6.01650363306499
"KRT10" -2.0905835033807 1.86919749840774 -1.07333879270366 0.288735174381082 0.405772594731543 -6.01839726992857
"KRT25" -1.54159334321917 0.870916214072822 -1.05840148688072 0.295416170055264 0.414239118455271 -6.03397075676958
"CA2" -0.500136068023206 0.345645323777982 -1.04010908474616 0.30374246235342 0.424970052649685 -6.05275925290556
"APCS" -0.908114391545991 0.693876707081285 -1.02281660535991 0.311760402062445 0.435223039162396 -6.07023356497984
"LDHA" -1.10575951466618 1.61294037748063 -1.02056557880271 0.312814636419847 0.435730762871796 -6.07248769725998
"ANG1" -0.487422501659346 0.327357710119103 -0.973656994324579 0.335335300036669 0.466071749610436 -6.1183798632534
"MBL" -0.437308025577571 0.373473500404577 -0.967813777132913 0.338214407003659 0.469040199602876 -6.1239516050401
"KRT27" -1.25845299831712 0.822600485886249 -0.951274460429478 0.346452390047475 0.479411092368326 -6.13954800502296
"YWHAG" -0.66135715881342 0.468170897201404 -0.942240187038404 0.351007512723221 0.48465151100296 -6.14795817649919
"K2CA" -0.648410933036995 0.49157497204076 -0.935404038432733 0.354480275792689 0.488377847216565 -6.15427079400581
"YWHAQ" -0.691825318644997 0.514867348909609 -0.924634977584894 0.35999626325955 0.494896823783826 -6.16412542076105
"Q32LP2" -0.774592920416585 0.846657908552228 -0.902548874106494 0.371482064872066 0.509576484639725 -6.18399221173119
"TIMP3" -0.43345472458808 0.303581002833819 -0.892989666872506 0.376525337706301 0.51537416072164 -6.19244725044779
"CFL2" -0.575711464887124 0.374442757648552 -0.884609538331329 0.380982271096298 0.519827445479438 -6.199787918031
"TRPC4" -0.370340263888401 0.269665615237759 -0.883777740805942 0.38142647742786 0.519827445479438 -6.20051289410028
"GSTA1" -0.673437123096638 1.18884112702396 -0.858073276382542 0.395314962820939 0.537594270560371 -6.2225912991109
"H2BC12" -0.573987321561574 0.94148834362549 -0.854241685935067 0.397411953499305 0.539040829599638 -6.22582838735336
"ALDOB" -0.472947330531193 0.356123696946491 -0.85301055833425 0.398087205377862 0.539040829599638 -6.22686551856362
"C1S" -0.563316207302537 0.664569223577313 -0.840855904748752 0.404792082972115 0.546946047870246 -6.23702712753632
"ARF3" -0.46296976125739 0.662656135431604 -0.831162769380407 0.410188802875989 0.553053706441771 -6.245029540272
"UTP15" -0.803487781864713 0.509960648013274 -0.825935103361245 0.413117592295038 0.555814926947056 -6.2493080225505
"TUBA8" -0.806979809722316 0.601496485451664 -0.822714035998223 0.414928543420334 0.557063640209002 -6.25193120329552
"CNTN1" -0.607569224735159 0.660028748805807 -0.819342222156248 0.416829431075175 0.558427539296041 -6.25466649319141
"COLGALT1" -0.379866552483228 0.276744504294037 -0.795401890086074 0.430477889654093 0.575490568584179 -6.273773639196
"KRT74" -0.987708731200303 0.857335682092491 -0.789774920480674 0.433724327616928 0.578604758406515 -6.27818467491352
"H2B1" -0.524544833007889 0.855501407010386 -0.785758913329575 0.43605024921016 0.580480395045593 -6.28131423342938
"CRYZL1" -0.852808320438525 0.725116975696209 -0.78381421844794 0.437179208339224 0.580758064130632 -6.28282409990149
"HMGB1" -0.610778454385218 1.37648863820139 -0.763992714042477 0.448785017031057 0.59492299526596 -6.29800576973869
"MDH1B" -0.840906928042744 1.30473120409333 -0.762076758803103 0.449916338703647 0.595172347425579 -6.29945316066566
"GALK1" -0.273080684105982 0.276395954789196 -0.745148574005444 0.459984275556633 0.607217736142751 -6.31208743398832
"ARHGDIB" -0.293690924810576 0.279676009478865 -0.736378113016038 0.465251275368053 0.611893270392004 -6.31852433937388
"AOC3" -0.521954950787615 0.499763080736666 -0.736022501064194 0.465465562263331 0.611893270392004 -6.31878376448209
"GNPTG" -0.325206960806783 0.334506007324156 -0.715536138837698 0.477905614385086 0.62694062926609 -6.33352226905705
"CAPN1" -0.357581595354284 0.388832623725532 -0.658745044028994 0.513353814936038 0.672046176814605 -6.37225019925115
"FAP" -0.440252129862613 0.55780279319837 -0.655899319480215 0.515166593442297 0.673023023731034 -6.37410826119048
"CPN1" -0.663621977178309 2.23358421359915 -0.628325120410744 0.532908176232914 0.694762519014399 -6.39170329289988
"CST3" -0.20282185355374 0.296271887536228 -0.612592660254618 0.543171901379459 0.706683442825646 -6.40140947801076
"TRAP1" -0.468389600831763 0.607607333279489 -0.602744329278329 0.549648240357615 0.713637941698878 -6.40736224586505
"COLeC11" -0.294596366682416 0.487477162491397 -0.585521854604286 0.5610675881129 0.726968476589815 -6.41754403573114
"TUBB4B" -0.663534322223504 1.99452773543662 -0.582124944495806 0.563333836283322 0.728409120276181 -6.41951794573312
"DDBX" -0.424892172009445 1.09075362379658 -0.565558785652145 0.574450831080695 0.741264773848504 -6.42898218906244
"AOCX" -0.493438659439604 0.648107272474439 -0.538768163195716 0.592652939512375 0.763191846596548 -6.44371735928428
"RAP1A" -0.42960441416327 0.599993751912971 -0.525286198575503 0.6019150905861 0.773540574663604 -6.4508656505047
"TUBB5" -0.589370793921804 2.02978074745611 -0.517172556817501 0.607521492796597 0.778224507485939 -6.45508134649251
"GDI2" 0.303964428263564 0.851446839452645 0.516443498400006 0.60802643770296 0.778224507485939 -6.45545697653961
"CKB" 0.209086660549417 0.278064743634779 0.512516284711578 0.610749738839133 0.780127702849176 -6.45747137173888
"ACTN1" 0.450362454719518 0.758090282966487 0.506367649938814 0.615024654931828 0.784001125781785 -6.46059467810116
"TUBB3" -0.625753333467566 1.54141251624483 -0.493434470461953 0.624060679073627 0.793915904224715 -6.46704264229602
"SULT1e1" -0.297950349737446 0.516658063393535 -0.480667640836989 0.633038155681947 0.802365262576155 -6.4732457957239
"AOCY" 0.247305433361846 0.299076449280129 0.480373746318188 0.63324548456882 0.802365262576155 -6.4733866985131
"CORO1A" -0.259837099182139 0.546552496626269 -0.472916864382169 0.638515887025092 0.80742189321209 -6.47693323205207
"COL6A3" 0.219978016684619 0.260466421892031 0.46348528489065 0.645209062001235 0.814253836245559 -6.48134025020653
"GPI" -0.328990358736485 1.05996408749265 -0.45645265559146 0.650219243500033 0.818938807681679 -6.48456909915117
"GGH" -0.297098187192215 0.577545365003286 -0.453360126707145 0.652427619793692 0.819857712496634 -6.48597347012802
"MAML2" -0.320685262769561 0.395914935966484 -0.451793668911662 0.653547431673228 0.819857712496634 -6.48668121615849
"HSP90B1" -0.20110368740226 0.401908665735753 -0.443032324362791 0.659825451906014 0.826090992366458 -6.49059494001026
"B4GAT1" 0.213539267333938 0.601513335851212 0.440278611101624 0.661803799400779 0.826927123607706 -6.49180934204887
"UTRN" 0.187658037771217 0.277898308571694 0.422173625954172 0.674871189942982 0.840998204131137 -6.49960674695664
"TIe1" 0.193101122671853 0.329321550699608 0.420987715883366 0.675730728200454 0.840998204131137 -6.5001061591327
"B4GALT1" 0.297231980529878 0.604090201189785 0.404874560912736 0.687452294910772 0.853902358442317 -6.50675358726271
"WDR1" 0.217007477516468 0.49446527816826 0.400535559980382 0.690622172082197 0.85615440193294 -6.50849962253819
"TUBB2B" -0.460807456849255 0.765486657853197 -0.397817406986592 0.692610794754812 0.856936100961346 -6.50958390456161
"ACTN3" 0.202071375092904 0.28601249898022 0.39302787829337 0.696120176314784 0.85959262476444 -6.5114766245348
"ARF4" 0.158550277535325 0.30652531458429 0.38732448743796 0.700307940736735 0.863074825400156 -6.51370078208547
"MSN" -0.470845707121016 1.31140299204594 -0.378925980283627 0.706491755834776 0.867843952651391 -6.51691715835926
"RPS25" -0.223600516289883 0.528543909319453 -0.378334051465882 0.70692835445771 0.867843952651391 -6.5171412066412
"ACTBL2" 0.235393263770217 0.466625960054164 0.359799002966574 0.720649265943169 0.882970265650756 -6.5239806920971
"PFKL" 0.149765578171483 0.353274024389126 0.342952348644137 0.733201578171258 0.893520735789948 -6.52990084813538
"RAN" -0.179736475059565 0.736928979129569 -0.342817118884695 0.733302640998661 0.893520735789948 -6.5299472275881
"PGM1" 0.166347093503278 0.393637497378766 0.342541943065317 0.733508306084299 0.893520735789948 -6.53004154784619
"Q0VCM4" 0.278011635693724 0.998684414612892 0.340620329295103 0.734945060981216 0.893545921925139 -6.5306981068368
"ACO1" 0.171966901099818 0.368919030414894 0.33647722228125 0.738046041057502 0.895590484437085 -6.53210118215238
"PCYOX1" 0.179075088950881 0.410504855434628 0.32685958711103 0.745261443720575 0.901976351039493 -6.53529235392918
"UBA1" 0.140289551144876 0.371507614924474 0.325654148807634 0.746167440955016 0.901976351039493 -6.53568582872274
"CD14" -0.2841920576642 0.896772712450706 -0.318494610122007 0.751555922466334 0.905273095791229 -6.53799299802632
"MAPRe2" 0.139503525337001 0.42282012260482 0.317205209769069 0.752527703556797 0.905273095791229 -6.53840308338462
"MAN2B1" 0.151199705846953 0.257721982999801 0.316315226342731 0.75319869301172 0.905273095791229 -6.53868517072556
"CTSC" 0.184344484684715 0.512298981811556 0.306137624152288 0.76088551753508 0.912773310959383 -6.54185492931089
"RAC1" -0.169164659819567 0.591880443610741 -0.290029620540578 0.773101090643341 0.925667529783583 -6.54666067524035
"eeF2" -0.180196671757625 0.411835233384375 -0.286115562847034 0.776078256356548 0.927004236599717 -6.54778934587182
"HP" -0.277361845910757 0.619022881242853 -0.282932004353023 0.778502290738107 0.927004236599717 -6.54869609897685
"HPD" 0.1506939056698 0.415668077339158 0.282771194167268 0.77862479460832 0.927004236599717 -6.54874163331152
"RPS4" -0.200931239764584 0.663552093265655 -0.269165512706602 0.789009769115687 0.934788229505359 -6.55250072555822
"ARF1" 0.142919547877156 0.648213854274732 0.268821801640106 0.789272628683692 0.934788229505359 -6.55259329678289
"GPX3" -0.125151316057808 0.481329126730382 -0.268384403224697 0.789607173258885 0.934788229505359 -6.55271093019821
"SeRPINA3-3" 0.315964507292433 0.50964773980268 0.263893627888956 0.793044253595473 0.937099108649333 -6.55390762938159
"CAP1" -0.272369887551778 1.32920007249191 -0.260974554093833 0.79528064330074 0.937985207332275 -6.55467470704295
"THBS2" 0.213242531597612 0.556608593747009 0.249452131445805 0.804125121570955 0.946647297968792 -6.55761951443556
"AZGP1" -0.138735701460215 0.618569799322471 -0.245838881577018 0.806904013730448 0.946996194684677 -6.55851565289015
"FTH1" -0.0898675918658769 0.282484824372127 -0.245119698596009 0.807457427576155 0.946996194684677 -6.55869246469109
"PYGL" 0.0954339636461176 0.289094199092255 0.243214650407408 0.808923849342378 0.946996194684677 -6.55915832575383
"IGHG1" -0.226423504405851 0.493334150531808 -0.238480526690102 0.812570960452717 0.949504214899378 -6.56030031112888
"eIF4A1" 0.0965006277964285 0.281091213558205 0.233509079505932 0.816405427271099 0.952221487260746 -6.56147544189169
"PYGB" 0.116493785934495 0.383107542668964 0.229255837768144 0.819689555304854 0.953908170381672 -6.56246120420717
"TUBB2A" 0.163579231723223 0.306442143454817 0.227721599653671 0.820875018252374 0.953908170381672 -6.5628123537468
"ACTN4" 0.151290280373249 0.364055589207912 0.2256104136749 0.822506963345096 0.954047599027124 -6.56329170674588
"S100A12" -0.107503326595524 0.286516449992109 -0.217320210831795 0.828922893599775 0.957801065338454 -6.5651309354495
"P15311" 0.107770468459973 0.776083929513556 0.215754330649235 0.830136094146843 0.957801065338454 -6.56547062095257
"PSMe4" -0.136966982755865 0.337757591140528 -0.215547148427603 0.830296644596092 0.957801065338454 -6.56551538124983
"P61284" -0.0855629390853994 0.272669072133968 -0.206820830143869 0.837065439630983 0.963100127088186 -6.56736167055548
"FKBP4" -0.119726193820835 0.307773610383954 -0.205296351912321 0.838249235701542 0.963100127088186 -6.56767640223295
"RASA1" -0.121306756787 0.310522415542501 -0.203324452739566 0.83978102622028 0.963100127088186 -6.56808005747566
"GDF6" -0.112812280217431 0.295749412812816 -0.197891976672917 0.844004252627571 0.963100127088186 -6.56917199133999
"P62851" -0.0795579774294447 0.538293948984258 -0.196495727796687 0.845090455575397 0.963100127088186 -6.56944787067201
"RPS4X" -0.100645463034706 0.513292028294379 -0.195300120360632 0.846020812711649 0.963100127088186 -6.56968255620067
"Q3SWY2" 0.147434389296416 0.975216442046511 0.194638736658127 0.846535561165384 0.963100127088186 -6.56981176478779
"ACO2" -0.111172380225986 0.361765483052936 -0.192973107950712 0.847832202917732 0.963100127088186 -6.57013522507339
"KPRP" -0.148952564678965 0.531270244173194 -0.18828649216271 0.85148286402312 0.963100127088186 -6.57103046118232
"Q00610" 0.118515181138994 0.270744400877645 0.185558046603317 0.853609719917028 0.963100127088186 -6.57154152756316
"POTeI" 0.112566636193152 0.510637212644928 0.185417601690292 0.853719228298083 0.963100127088186 -6.57156763279549
"ATIC" 0.113882804471204 0.543629985578278 0.18458925020024 0.854365173655837 0.963100127088186 -6.57172120135108
"HMGCR" -0.114872368385404 0.299332174844075 -0.182787933944981 0.855770180786385 0.963100127088186 -6.57205277857501
"P01009" -0.164050372383585 0.384859138319171 -0.18214019749982 0.856275523904164 0.963100127088186 -6.57217121697934
"IGHG3" -0.160518299068163 0.378716402118438 -0.179870584878409 0.858046681595478 0.963100127088186 -6.5725829021412
"DYNC1H1" 0.117833611106113 0.327439591398445 0.177694108414599 0.859745851533574 0.963100127088186 -6.57297285156746
"IGHA1" -0.139678033664916 0.533600844183805 -0.169419171833215 0.866212133422912 0.963100127088186 -6.57441215771877
"ACe" 0.0855252306547204 0.353554485651329 0.168744712720645 0.866739590077958 0.963100127088186 -6.57452644951885
"IGHG2" -0.15337447700465 0.404079427542237 -0.1686088210346 0.866845870774137 0.963100127088186 -6.57454942220046
"CLTC" 0.127562266242592 0.392360977696785 0.166328571209123 0.868629620379561 0.963100127088186 -6.57493214427419
"HNRNPR" -0.0773923966469653 0.274976810390274 -0.165778945701787 0.86905967445948 0.963100127088186 -6.57502361615137
"TG" 0.150441927577817 0.830439203374032 0.165367504474387 0.869381632547401 0.963100127088186 -6.57509189268345
"P00738" -0.134687519705754 0.333793307575117 -0.164583279770249 0.869995360444161 0.963100127088186 -6.5752215613759
"IGHG4" -0.125003433705783 0.354738482674643 -0.159726762361155 0.873797818907801 0.965615453118778 -6.57601085688877
"P68871" -0.103081165007659 0.444238308283867 -0.156986985196051 0.875944289867532 0.966295186899323 -6.57644571564537
"Q06830" -0.0506715734919485 0.336582340418348 -0.153158749033221 0.878945086963099 0.967373121739954 -6.57704074789374
"P02763" -0.0841165443306563 0.32012740065791 -0.151829320493164 0.879987594102589 0.967373121739954 -6.57724395154027
"P02790" -0.121925623749081 0.311598705911339 -0.14904054715437 0.8821751818488 0.968091373472335 -6.57766446660696
"TUBA1C" -0.10823412050545 0.335330475246119 -0.146355642117702 0.884282170321723 0.968718835890638 -6.57806196129994
"KRT18" -0.0829311216341842 0.340387878901831 -0.142185134343096 0.88755666232439 0.970620890687504 -6.57866508066504
"IGLC3" -0.0768577608517581 0.303549571080174 -0.138932258092299 0.890112051987843 0.97173132319088 -6.57912340467574
"CASP14" -0.0699115048582426 0.43547856288609 -0.126679709839375 0.899747757767568 0.977423900470418 -6.58075462082751
"KRT81" 0.138446813767629 0.615608932666368 0.124570474827702 0.901408095106827 0.977423900470418 -6.58102025690564
"C4B" -0.135253394790805 0.648270272682259 -0.121941469945386 0.903478205450012 0.977423900470418 -6.58134511279085
"P62979" -0.0476445415165034 0.649622135978336 -0.121774419727613 0.903609765879609 0.977423900470418 -6.58136552056271
"DCD" -0.04388415181978 0.409362076418307 -0.120294794803998 0.904775163680108 0.977423900470418 -6.58154505915767
"P05089" -0.0608079059296328 0.390389495787338 -0.114675498870219 0.909203001610113 0.977423900470418 -6.58220692440881
"MPV17L" -0.0760550118863196 0.315558794847105 -0.113618601469102 0.910036135322809 0.977423900470418 -6.58232787549286
"UBB" -0.0432432408865776 0.577739721944097 -0.110170044680403 0.912755278132537 0.977423900470418 -6.58271474327396
"P0CG48" -0.0432432408865776 0.577739721944097 -0.110170044680403 0.912755278132537 0.977423900470418 -6.58271474327396
"RAB8A" -0.0444548835373599 0.302377082886402 -0.110009769046708 0.912881679335189 0.977423900470418 -6.58273243360768
"P08603" -0.0930589184400498 0.361869046592644 -0.107488596211589 0.914870296991153 0.977423900470418 -6.58300731950129
"ReG1" -0.0567614489045853 0.282004772270175 -0.104924860630857 0.916893051278938 0.977423900470418 -6.5832803142953
"KRT83" 0.10878951103562 0.457778587254636 0.104833025429674 0.916965518461151 0.977423900470418 -6.58328997100789
"CTSD" -0.0453093820568755 0.404874234398911 -0.104765251221467 0.917018999564379 0.977423900470418 -6.58329709222371
"CSTA" -0.0355995421921957 0.381212035195322 -0.101728162311312 0.919415982203606 0.977423900470418 -6.58361148227184
"RPL12" -0.0277557199554246 0.361472331618091 -0.098912252581502 0.92163907856959 0.977423900470418 -6.58389471796041
"RAB1B" -0.0578677324912491 0.359511205731281 -0.094994381256653 0.924733197020257 0.977423900470418 -6.58427557330353
"P16403" -0.0476185082375286 0.413501804493008 -0.0934422529279351 0.925959310363879 0.977423900470418 -6.58442220074453
"H1-4" -0.0476185082375286 0.413501804493008 -0.0934422529279351 0.925959310363879 0.977423900470418 -6.58442220074453
"IGF2R" -0.0881108506368088 0.877479878395385 -0.0930026074296849 0.926306644185911 0.977423900470418 -6.58446329462405
"ASS1" 0.0560810890029232 0.346997363117123 0.0881394444444773 0.93014964915175 0.979840448438655 -6.5849049330448
"AKR1A1" 0.0390227093732792 0.457750447432581 0.0853400563233831 0.932362571785666 0.980534637994592 -6.58514840369176
"MFGe8" -0.0262138695391601 0.28800563179801 -0.0815332054764853 0.93537275935543 0.982063579289977 -6.5854668918964
"CRYZ" 0.0705069628749907 0.771489576565082 0.0773698229117133 0.938665958340609 0.983884085901867 -6.58579857663069
"GAPDHS" -0.0391198314289146 0.322370115713481 -0.07195366596378 0.942951704443808 0.986278257833295 -6.5862040603772
"P46781" -0.0314499190864934 0.294764093673969 -0.0705329654656238 0.944076177070222 0.986278257833295 -6.58630555326508
"P27348" 0.0272866159236599 0.290054174300835 0.0660781958313592 0.947602826013896 0.987165056980435 -6.58661067581363
"RPL30" -0.0205776887876965 0.316838166991133 -0.06550848234923 0.948053921600861 0.987165056980435 -6.5866482625473
"ARFIP2" -0.043118589408098 0.436516442761799 -0.0633753490218743 0.94974307485055 0.987291774188033 -6.58678610541272
"LPA" 0.0304361626491313 0.288490087895019 0.0603086000855385 0.952171932321405 0.987291774188033 -6.58697628441971
"Q14533" 0.04396580179207 0.451527797045678 0.0594278664442196 0.952869557021414 0.987291774188033 -6.58702915868793
"eeF1A2" -0.0595572805190071 0.504483922437861 -0.0570075827667636 0.954786842061997 0.987656553018229 -6.58717045366048
"BLMH" -0.0169807677742562 0.34131178630279 -0.0550027990124094 0.956375184174574 0.987680427519077 -6.58728304460657
"P78385" 0.0384967456382345 0.434649580733642 0.0502986025552427 0.960102897453161 0.98843723814119 -6.58753141551797
"ASL" 0.0256079662555954 0.347499488022769 0.0437567703738501 0.965288275498903 0.98843723814119 -6.5878399256944
"KRT33B" 0.034521320226754 0.421834264019887 0.0435180337657577 0.965477539942613 0.98843723814119 -6.58785037283539
"SePTIN7" 0.0234906310000877 0.378903709138505 0.0422755021757222 0.966462620267329 0.98843723814119 -6.58790382338493
"H2AC4" -0.0110043765212844 0.328575956505916 -0.0404129922205688 0.967939318622272 0.98843723814119 -6.58798104432996
"H2AC25" -0.0110043765212844 0.328575956505916 -0.0404129922205688 0.967939318622272 0.98843723814119 -6.58798104432996
"APOM" -0.0235014671256569 0.449846401681055 -0.0377642761153485 0.970039557961049 0.98843723814119 -6.5880848710346
"NCAM1" 0.0214655940542204 0.308761910501216 0.0366247696827976 0.970943170651973 0.98843723814119 -6.58812737410882
"THeMIS" 0.0157009296334759 0.314023317558594 0.034369250267225 0.972731878526715 0.98843723814119 -6.58820766459608
"KRT31" -0.0290585001883284 0.616384676505695 -0.0338550839191413 0.973139651065848 0.98843723814119 -6.58822525353545
"TUBB4A" -0.0315587943015619 0.741573985655821 -0.0279827578750915 0.97779733409694 0.98843723814119 -6.58840733389485
"MYLK" -0.0212567136441784 0.407756496006438 -0.0269532793574328 0.978613958551951 0.98843723814119 -6.58843569187271
"RDX" -0.013622011012912 0.501332519865363 -0.0266722809544714 0.978836862034681 0.98843723814119 -6.58844324760709
"H2AC6" -0.00711484298025222 0.321811550347599 -0.0264181315959192 0.979038468840322 0.98843723814119 -6.58845001320593
"P54652" 0.0141834807249198 0.339616098038885 0.0229450307481145 0.981793677692997 0.988827634452456 -6.58853597834797
"KRT86" 0.0173689588975931 0.501964950096177 0.0219053447930287 0.982618505123115 0.988827634452456 -6.58855935979202
"TUBB6" -0.018012093193143 0.781667074279942 -0.0175998809001392 0.986034408345159 0.988827634452456 -6.58864464596224
"P11171" -0.00462991880713995 0.343269224856955 -0.0151552577464104 0.987974064799017 0.988827634452456 -6.58868479699157
"KRT33A" 0.0110404142558618 0.335776781552413 0.0142581444233953 0.988685887478598 0.988827634452456 -6.58869802816621
"Q7Z3Y7" 0.00854035239918114 0.378250244393938 0.0140795014984589 0.988827634452456 0.988827634452456 -6.58870056654001
