"logFC" "AveExpr" "t" "P.Value" "adj.P.Val" "B"
"P06733" -3.13551143487642 1.00307738353785 -6.36908644271957 8.18543207450077e-08 3.69942883145733e-05 7.89479513476137
"P07900" -3.52680200814716 1.26570801424459 -6.26507080176959 1.17256064388505e-07 3.69942883145733e-05 7.55241465995609
"eDIL3" -3.13681555103568 0.874239341804051 -6.08097943924234 2.2138917842889e-07 4.65655238628764e-05 6.94701392534381
"P15311" -2.63359328241442 0.776083929513556 -5.92412413456976 3.80144196981728e-07 5.99677470738676e-05 6.43213074657656
"FLNA" -3.40646414801884 1.75658537855711 -5.68350807750537 8.6904660474727e-07 0.000109673681519105 5.64496317437739
"P00558" -2.58157478150812 0.750630568987068 -5.6208154289353 1.07728025709027e-06 0.000113001353290613 5.44055739688612
"MFGe8" -1.59567520949693 0.28800563179801 -5.57652398532732 1.25358078135387e-06 0.000113001353290613 5.29635183037473
"AZGP1" 2.38646699492114 0.618569799322471 4.75152986096194 2.02461704577792e-05 0.00150032624034686 2.65559879526744
"eHD3" -1.52680087923271 0.929085257842862 -4.68580533977037 2.51560257386164e-05 0.00150032624034686 2.45019842155661
"TUBB1" -1.80521707993629 1.29215683445709 -4.66550262933211 2.68966315018276e-05 0.00150032624034686 2.38693774273525
"P63261" -1.23914270510805 2.45979019689723 -4.64756620902909 2.8532353223712e-05 0.00150032624034686 2.33112618074752
"P60709" -1.23914270510805 2.45979019689723 -4.64756620902909 2.8532353223712e-05 0.00150032624034686 2.33112618074752
"Q9BUF5" -2.61423147812147 0.589043054365598 -4.57709418301462 3.59582822721164e-05 0.00174535970105427 2.11255250686951
"IGLC3" 2.16258568513489 0.303549571080174 4.39242529656721 6.55877922403785e-05 0.00295613549311992 1.54551426029085
"P68366" -1.88486295541539 1.76508982753113 -4.31948691871055 8.29779282088199e-05 0.00349060484665103 1.32401123855101
"P26038" -2.50478333236132 1.1333406550057 -4.2810331393292 9.38813413579397e-05 0.00350102176787093 1.20783057443454
"P11142" -2.0823824632836 1.29353643577238 -4.26491588694876 9.88559621466395e-05 0.00350102176787093 1.15926149735505
"C4A" 2.4072648365397 1.69571761681544 4.24394225835454 0.000105715592927847 0.00350102176787093 1.09617110106759
"RDX" -1.91865396398719 0.501332519865363 -4.22115479702559 0.000113694100021695 0.00350102176787093 1.02777158065706
"ACTB" -1.23914270510805 4.58489953713887 -4.20811712790134 0.000118519539439877 0.00350102176787093 0.988707001662367
"ACTG1" -1.23914270510805 4.58489953713887 -4.20811712790134 0.000118519539439877 0.00350102176787093 0.988707001662367
"PKM" -1.58878109895895 1.39826985526521 -4.19886523753517 0.000122064150385357 0.00350102176787093 0.961016743402458
"IGKC" 3.04212451867761 0.647521334386395 4.14488352216302 0.000144896850219204 0.00397521358644859 0.799975157290314
"P68371" -2.31404851970532 1.45345865388749 -4.06668699870655 0.000185483692981108 0.00487667542796163 0.568320056605203
"P02649" 1.81324753592794 0.591694934187602 4.00692855371814 0.000223740021722058 0.00564719814826473 0.392633438491053
"TUBB" -2.4688646197526 1.37916446976825 -3.97233703982637 0.000249270865798971 0.00604961216612117 0.291487043277399
"P02768" 1.48131688041154 3.23301415862248 3.83588406088827 0.000380364027652017 0.00888924820179344 -0.103392183686127
"TLN1" -1.6333898015465 2.71389669310979 -3.81068003840572 0.00041097138839867 0.00926153378855573 -0.175585713852968
"LPA" 1.65252265889915 0.288490087895019 3.67919213138707 0.000613250892348825 0.0132997810778114 -0.548252753635511
"P02647" 2.61611840838272 0.803771327597334 3.6690502149474 0.000632319227154268 0.0132997810778114 -0.576712988768978
"HSP90AB1" -3.12478617899543 1.67089272268817 -3.63665492650379 0.000697116750528535 0.0141896990188228 -0.667339756196479
"IGHG1" 3.03800197167232 0.493334150531808 3.59530020221248 0.000789133272807757 0.0151287052519517 -0.782400455175822
"P02763" 1.77230948167581 0.32012740065791 3.59442544479228 0.00079120011618765 0.0151287052519517 -0.784826551818992
"P19823" 1.43657117326393 1.72378064659439 3.58149465919883 0.000822364196681105 0.0152621120031111 -0.820651758585843
"TUBA1A" -2.74765966475515 1.19948842838369 -3.47018948440079 0.00114377685937158 0.0206206628075276 -1.12604736760679
"P00738" 2.48745354285836 0.333793307575117 3.41530134331421 0.00134344881178441 0.0235476722287768 -1.27462543070689
"ANXA5" -1.62470126046688 0.794981727204845 -3.40039437188062 0.00140316543815164 0.0239296592290185 -1.31474022609258
"VTN" 1.12632458524784 1.30500717022259 3.39015289130111 0.00144564788488257 0.024005363562129 -1.34224068549933
"QSOX1" 0.839029907863591 0.805070645396471 3.33366230278627 0.00170284955916049 0.0275512326110326 -1.49304827447791
"P01009" 2.66001736233732 0.384859138319171 3.31840009663893 0.00177946838954323 0.0280711138450445 -1.533533190921
"IGHG3" 2.58668896054169 0.378716402118438 3.25683308138668 0.0021230465545833 0.0326742042912698 -1.69570559873273
"S100A12" 1.41526072534805 0.286516449992109 3.21462533086741 0.00239392478361796 0.0357730842024158 -1.80580820069083
"P08238" -2.07824035479914 1.08591880466753 -3.2082197573552 0.00243778545277952 0.0357730842024158 -1.82243997422269
"Q3SWY2" -2.15100245474227 0.975216442046511 -3.19070814721783 0.00256160005808992 0.0362996457928372 -1.8678025201166
"IGHG4" 2.21976890886895 0.354738482674643 3.18697901236109 0.0025887227586017 0.0362996457928372 -1.87744253354418
"LYZ" 1.26437775300485 0.618327282928133 3.15934371838593 0.00279833322022586 0.0383858317817938 -1.94866045499434
"PIP" 1.06101451211058 0.463104733121213 3.14833472457215 0.00288621248047436 0.0387489377697728 -1.97692231361585
"TUBA1B" -1.77086229261726 1.66164867095912 -3.11985703380589 0.00312575590973904 0.0409217213613368 -2.0497382360953
"Q0VCM4" -2.26197598320732 0.998684414612892 -3.11394741476272 0.00317775649240175 0.0409217213613368 -2.06479591057744
"Q9BQe3" -2.76329779616355 0.969807632327124 -3.07022015836163 0.00358859151822222 0.0452880249599645 -2.17564151522819
"P61204" -0.966541009605458 0.540338427439164 -3.05329402626364 0.00376062393688566 0.0465003832359528 -2.21827545464065
"IGHG2" 2.46635392662502 0.404079427542237 3.0464797035779 0.00383204426033209 0.0465003832359528 -2.23539617067905
"P07737" -0.705129918429349 0.41744026887899 -3.03097839144903 0.00399927973808009 0.0476140663156327 -2.27424939381187
"P07195" -0.846015458897842 0.331726118496806 -3.0233944264849 0.00408356967485368 0.0477172678672718 -2.29321083693017
"P68871" 1.74392316809325 0.444238308283867 2.98419619144447 0.00454640645805273 0.0508481100469477 -2.39071406177808
"TUBB6" -2.71804613051499 0.781667074279942 -2.98413220954119 0.00454720054675822 0.0508481100469477 -2.39087252326174
"P02656" 1.045414902445 0.312947293834637 2.98043944689967 0.00459325241311572 0.0508481100469477 -2.40001441437825
"AKR1A1" -1.21026843035779 0.457750447432581 -2.97394480540144 0.00467530587466762 0.0508641035675046 -2.41607441206663
"GPI" -1.89563698075949 1.05996408749265 -2.95517655830063 0.00492019156171667 0.0523491788935705 -2.46235309197531
"IGHA1" 2.16522661859999 0.533600844183805 2.95089320818636 0.00497773491856455 0.0523491788935705 -2.47288745439321
"HBG1" -0.660416993860026 0.477156268145192 -2.85725509216769 0.00640389081283989 0.0651750823048705 -2.70058509648205
"HBG2" -0.660416993860026 0.477156268145192 -2.85725509216769 0.00640389081283989 0.0651750823048705 -2.70058509648205
"P31946" -0.964917487106938 0.416300648724564 -2.83265508996421 0.00683710825928871 0.0684796081208123 -2.75956858969288
"P08603" 2.15270039174779 0.361869046592644 2.79385378392823 0.00757601271804221 0.0746947503919474 -2.85188158944949
"P84077" -0.966541009605458 0.497523308665411 -2.77777827833386 0.0079032753481944 0.0765897811090839 -2.88986604566395
"CP" 2.05001870110805 0.486714698212137 2.77262245412369 0.00801097552012605 0.0765897811090839 -2.90201598723972
"eZR" -2.34736706840985 1.29807461408825 -2.76596745850999 0.00815199850729786 0.0767747919120142 -2.91767527835558
"P11021" -1.49763893579566 0.437578763486024 -2.75858668606634 0.00831108265634363 0.0771219581787181 -2.93501126241276
"P62937" -0.944298333075298 0.554483106393435 -2.73303750102027 0.00888417522656556 0.0812451386661285 -2.99476773217764
"FeRMT3" -2.24262197295276 1.78631223336103 -2.72278032798658 0.00912434300503818 0.0822494348025584 -3.01864676389716
"P01042" 1.50671016663312 0.328975594078848 2.71186046406098 0.00938659471905099 0.0829212521690718 -3.04399811092248
"FTH1" -0.883860550598568 0.282484824372127 -2.70878510998436 0.00946169596857872 0.0829212521690718 -3.05112464364398
"P34931" -1.45941567645362 0.704760182144938 -2.6840207267067 0.0100869231900494 0.0871897059304269 -3.10829964226888
"PYGL" -0.933425176525873 0.289094199092255 -2.67289546448975 0.0103799887869333 0.0875573513167745 -3.13386206386481
"LIMS1" -0.786703907361894 0.626390033840329 -2.67188558303686 0.0104069751961301 0.0875573513167745 -3.13617866426597
"P02787" 2.41102936777349 0.814725741700157 2.64958573797481 0.0110195520547035 0.0910378780998465 -3.18717136343617
"P08697" 1.12799425203402 0.422768746850354 2.64641755294762 0.0111092180882538 0.0910378780998465 -3.19439083080228
"SeRPIND1" 1.33529553284807 0.688028441939677 2.57011174936375 0.0134814055258857 0.109061113933768 -3.36635755323752
"Q14624" 1.87721709907065 0.627085872180991 2.5198748760348 0.0152865735929956 0.122099087812408 -3.47753722412049
"Q32LP2" -1.91865396398719 0.846657908552228 -2.51194169147056 0.0155909421306493 0.122561365709099 -3.49494411755015
"P02790" 1.82621737538239 0.311598705911339 2.5082892342754 0.0157329169927687 0.122561365709099 -3.50294443357764
"Q9NY65" -1.80878223215092 0.771076784687933 -2.495335461106 0.0162459628524529 0.124098988053643 -3.53124763972459
"KRT3" 1.36478098844617 1.58048859238809 2.49340670193405 0.0163236386821749 0.124098988053643 -3.53545241489779
"CLeC3B" 1.53447808235054 2.73407577761207 2.47190762703608 0.0172125536277684 0.129299063560975 -3.58215487754894
"GALK1" -0.804218548916538 0.276395954789196 -2.46570815533725 0.0174769061493621 0.129740326826441 -3.59556507745156
"ANXA2" -1.20712315953007 1.02910085649948 -2.45639027891869 0.0178811498878173 0.131197739293171 -3.61567264004983
"TUBB5" -2.4688646197526 2.02978074745611 -2.4342200214707 0.0188771945143321 0.135185058280532 -3.66328178632856
"P00751" 1.47141313968612 0.338174304148422 2.42962057501996 0.0190900083335409 0.135185058280532 -3.67311748533002
"SeRPINA5" 0.945557733923835 4.39741935957571 2.42695797728981 0.0192141929214646 0.135185058280532 -3.67880481772699
"P02749" 1.44116831196291 0.451919943200276 2.42552038412564 0.0192815455550679 0.135185058280532 -3.68187354400723
"FBLN1" 1.24173180233759 1.2055395696611 2.41437626560949 0.0198109286007168 0.137370285132443 -3.70561478252841
"SeRPINF1" -0.834137547818319 4.38231994384435 -2.39937952473045 0.0205440048007882 0.140905076405406 -3.73743092627907
"HSP90AA1" -2.36271274220214 2.00619567514892 -2.38891700060172 0.0210698122231993 0.142957543148804 -3.75953707599759
"HSPA5" -1.49763893579566 0.826080446789921 -2.37827417480367 0.0216170753065411 0.145110367217313 -3.78194758919392
"KRT84" 1.7841689969091 0.579494009436698 2.35701907547885 0.0227484265738955 0.151097443875032 -3.82647206242125
"C5" 1.61547378048623 0.771532167322534 2.33961935627813 0.0237138161142182 0.155868937167413 -3.86268886174159
"P02774" 1.79460258405858 0.817341281900046 2.30725612796142 0.0256075189704953 0.166580870828686 -3.92949306001746
"TUBB4B" -2.31404851970532 1.99452773543662 -2.28108238824002 0.0272366808653136 0.174218821142784 -3.9829854181158
"IGFBP2" 2.43597847522241 2.40775523204748 2.27956572338684 0.0273338562490264 0.174218821142784 -3.98607032115865
"APOB" 1.89005362725719 1.56865439369341 2.26373491133931 0.0283667542117713 0.178994219076277 -4.01817327089018
"P02753" 1.16408926594502 0.304305999228133 2.25006779673647 0.0292862637668201 0.181661027840918 -4.04574567965088
"P51884" 1.01179055252333 0.355631198281322 2.24727972663842 0.0294770632130985 0.181661027840918 -4.05135410223714
"P14923" 1.69395406414587 0.931804160540682 2.24472202546758 0.0296530679359977 0.181661027840918 -4.05649425085181
"FTL" -1.29731269230585 0.686434797671335 -2.23568130077255 0.0302826964325273 0.183734437008892 -4.07462577936277
"UBA1" -0.849545765603669 0.371507614924474 -2.21581635041085 0.0317079928588946 0.190549938037738 -4.11426032300185
"HSPA8" -2.0823824632836 2.18840594973386 -2.19858851234372 0.032991856457686 0.196394919101886 -4.1484036857698
"TF" -0.71560147784196 6.43319179890424 -2.1931970517469 0.0334029786874548 0.196572146564015 -4.15904486749844
"AGT" -0.890759863129607 5.10974841269168 -2.1875784342012 0.0338362333362632 0.196572146564015 -4.17011201011999
"P02751" 2.08891189570127 0.622009498720353 2.18405587862802 0.0341103837679026 0.196572146564015 -4.17703881666713
"PARVB" -0.535168306615937 0.408945657906606 -2.18204544302674 0.0342677276102086 0.196572146564015 -4.18098813315721
"DSP" 1.74917937126123 1.36211428931009 2.17748418038617 0.034627085707862 0.196844063798747 -4.18993743327929
"C4B" 2.13985664597285 0.648270272682259 2.16772219721322 0.0354073711950687 0.199482600215075 -4.20903982282248
"HRG" 1.54451810506906 1.90016836831577 2.15546000991228 0.0364094292995972 0.203312830867662 -4.23293619916474
"TUBB2A" -1.36789390799702 0.306442143454817 -2.13965705752639 0.0377375952582661 0.208880900069877 -4.2635705084557
"P27348" -0.777530897378628 0.290054174300835 -2.11564038259266 0.0398375998716706 0.218587178426297 -4.30977566504004
"MAPRe2" -0.820446158995212 0.42282012260482 -2.09614300649281 0.0416170671105963 0.226382494368847 -4.34697258024213
"P05543" 0.860382839762525 0.424580065328214 2.08101019201943 0.0430457282994234 0.228049543380006 -4.37564802268252
"P35443" 0.554877885585526 0.314705057137273 2.08031384637594 0.0431124872846651 0.228049543380006 -4.37696342987213
"KLKB1" 1.47393041828478 2.45522538487941 2.07908363033257 0.0432306495604686 0.228049543380006 -4.37928644084699
"SeRPINB12" 0.844893043729391 0.57571456833276 2.07764520911795 0.0433691683131549 0.228049543380006 -4.38200117039262
"C7" -1.66914132744019 3.19095786669979 -2.06624155472286 0.0444811018297573 0.231963431856007 -4.40346847708162
"TUBA4A" -1.88486295541539 2.94213655683537 -2.05183667770047 0.0459211251704756 0.237510081824345 -4.43044613588561
"P68133" 2.03463954668343 1.11980822651831 2.04297316707708 0.0468272057637803 0.238422926190455 -4.44696825176131
"ARF1" -0.966541009605458 0.648213854274732 -2.04271996072902 0.0468533167157154 0.238422926190455 -4.44743937325904
"DCD" 0.656462879578863 0.409362076418307 2.02192477450545 0.0490413767027124 0.243519670464146 -4.48596589894235
"O00299" -0.532756525809532 0.309808546473659 -2.01921421974077 0.0493330072197123 0.243519670464146 -4.49096351268528
"eeF2" -1.13155239132978 0.411835233384375 -2.01876179049386 0.0493818304813722 0.243519670464146 -4.49179714054749
"P09429" 1.16857948967601 1.13960692870907 2.01860646436669 0.0493986019325051 0.243519670464146 -4.4920833023472
"P05452" 0.808319159178287 0.63467875107243 2.012357970253 0.0500773927498558 0.244952207946969 -4.50357987760249
"CTSD" 0.769609848087813 0.404874234398911 1.99947247219459 0.0515027144879707 0.249986252630073 -4.52719399517841
"H2AC6" 0.477652074887748 0.321811550347599 1.99280195815423 0.0522542514465293 0.25169795925771 -4.53936868979492
"P01024" 1.34752760255404 2.16965196404416 1.98081725310193 0.0536283259079888 0.256359648848037 -4.56115704813284
"H2AC4" 0.477652074887748 0.328575956505916 1.97098322337615 0.0547789879106965 0.257091084496185 -4.57895315503869
"H2AC25" 0.477652074887748 0.328575956505916 1.97098322337615 0.0547789879106965 0.257091084496185 -4.57895315503869
"AFP" -0.63178733400909 5.63990601640145 -1.96908405761652 0.0550036393137639 0.257091084496185 -4.58238140750074
"ALB" -0.398437688144805 7.83356785233269 -1.96251371123947 0.0557869726238891 0.258835145041721 -4.59422035504167
"P07996" -1.23994048035437 1.8511055360765 -1.95909243551275 0.0561986528196474 0.258841970286113 -4.60037189617862
"ARF3" -0.966541009605458 0.662656135431604 -1.94970737414412 0.0573413893844759 0.261552702971116 -4.61720008529209
"SeRPINA1" -0.62540363068292 6.29018619540095 -1.94512369456608 0.0579067211176925 0.261552702971116 -4.62539424981775
"P19827" 1.3676033998252 0.489176403833407 1.94412353404068 0.0580307106433538 0.261552702971116 -4.62718005781419
"MYH11" 0.848290213331131 0.652544957969425 1.93406373865523 0.0592905417242124 0.263204999525897 -4.64509891491208
"KRT14" 1.08209822383058 2.44276934440136 1.93073018218988 0.0597131566350998 0.263204999525897 -4.65101943570819
"KRT6B" 1.87428805144936 2.22641661277503 1.92987511306611 0.0598219738701189 0.263204999525897 -4.65253667886585
"SLC2A1" -0.380056925033115 0.273565477653511 -1.92784239653283 0.0600813422116805 0.263204999525897 -4.65614126940268
"P61224" -0.642927261384807 0.922756113454085 -1.92236435240617 0.0607851233287271 0.263204999525897 -4.6658394101932
"KRT6C" 1.80673659359702 2.16427141361773 1.91901039006142 0.0612194899800174 0.263204999525897 -4.67176561566776
"TBA1B" -1.77086229261726 2.81683154113251 -1.91825895059063 0.0613171710464451 0.263204999525897 -4.67309215193004
"P00742" 0.589034847401317 0.369009306496356 1.8974882928731 0.0640704287257911 0.271524018850895 -4.70958458389163
"KRT13" 0.928271391462602 1.5651524960697 1.89715233729593 0.0641158142769943 0.271524018850895 -4.71017205760568
"KRT16" 1.13658926421772 2.30697925096178 1.8870193499166 0.065497659333631 0.27437456532598 -4.7278496460067
"COL6A1" -0.67404707344377 0.906037327762269 -1.88585125156868 0.065658572684981 0.27437456532598 -4.7298822787638
"P0DMV8" 1.18436272816331 0.839672292936283 1.85668461337933 0.0697869288142843 0.287814065894205 -4.78028721074695
"P0DMV9" 1.18436272816331 0.839672292936283 1.85668461337933 0.0697869288142843 0.287814065894205 -4.78028721074695
"LDHA" -1.78165920975225 1.61294037748063 -1.84765364057942 0.0711090235676892 0.291362297865012 -4.7957579334673
"DDBX" -1.23135757268842 1.09075362379658 -1.84161524890387 0.0720047992490663 0.293129215007489 -4.8060660491262
"P35580" 0.860382839762525 0.441271939685429 1.80804109116844 0.0771612356076659 0.312107305566905 -4.86285072709084
"HBBF" -0.589903535370206 5.04709494072043 -1.78643409818416 0.0806414461047165 0.324106703771186 -4.89891792685701
"ILK" -0.998344057396451 0.589892980239292 -1.77259641300576 0.0829387141093249 0.331229927866988 -4.92181893939446
"CHIA" -1.25091097938767 2.43697362564595 -1.76451782909221 0.0843050312124505 0.332536071046286 -4.93511729652898
"PYGB" -0.797905053115954 0.383107542668964 -1.76434923126899 0.0843337451264991 0.332536071046286 -4.93539426716642
"PGAM1" -0.681544124530566 0.402911325504952 -1.76134503016907 0.0848467629769447 0.332536071046286 -4.94032567666765
"P62258" -0.736716901012598 0.499107347535886 -1.75598825788698 0.0857679906772534 0.333575341324227 -4.94910069839857
"HRNR" 0.592501835180165 0.465822623919104 1.75142576588181 0.0865591924603358 0.333575341324227 -4.95655624366319
"Q04695" 1.0599650170865 2.00730714342483 1.75062966338137 0.086697870011368 0.333575341324227 -4.9578554194063
"TUBB4A" 1.74932609246871 0.741573985655821 1.74283622974096 0.088065261489374 0.336782909089667 -4.97054648505586
"P62826" -0.497611424432644 0.748294253470853 -1.73822895109025 0.0888820439451636 0.337858853791556 -4.97802588362234
"PFKL" -0.669682397875596 0.353274024389126 -1.72308360951449 0.0916115621927493 0.346149076309131 -5.00249072274482
"ATIC" -0.939077130788687 0.543629985578278 -1.71027209567812 0.0939744686968073 0.352963629450508 -5.0230393112267
"Q13509" -1.211204592697 0.919595553811429 -1.70404268993688 0.095141510898754 0.353796321184043 -5.03298216725891
"JUP" 1.69395406414587 1.93676595742777 1.70310852480951 0.0953175508736725 0.353796321184043 -5.03447045818673
"P08727" 1.30761297769638 1.29650660735389 1.69764212350932 0.0963530830574425 0.355548511165182 -5.0431650392443
"P36955" 0.907405316264456 0.746790949493321 1.68805308921527 0.0981920410710153 0.360227778580294 -5.05835752001933
"KRT4" 0.880465334143935 0.841445248595557 1.68237390688543 0.0992947672268864 0.362167619191707 -5.06731968484801
"KRT7" 1.04358737794191 3.18158863035919 1.67667776736457 0.100411018325038 0.364134210132753 -5.07628188793262
"P16070" -0.394074045353667 0.292146950984891 -1.66313773924777 0.103105911467157 0.371770457918721 -5.09747791296055
"WDR1" -0.79837133300472 0.49446527816826 -1.65572043270783 0.104607198877111 0.375040582337823 -5.10902486857259
"AHCY" -1.39426765085267 2.07720855762668 -1.64302395782992 0.10721858746373 0.377567218608293 -5.12868423565744
"ITIH4" -0.708011956738556 5.50207756163405 -1.64285972562673 0.107252712812214 0.377567218608293 -5.12893765685373
"HMGB1" 1.16857948967601 1.37648863820139 1.64240198463787 0.10734787243169 0.377567218608293 -5.12964386315846
"P02765" 1.52677944207931 1.06939274474532 1.6406852120199 0.107705387241668 0.377567218608293 -5.13229095980654
"KRT33B" 1.15050288504168 0.421834264019887 1.62961597674581 0.11003397904347 0.382761341327627 -5.14929970018549
"HSPA1B" -1.41302488046753 2.41794247840277 -1.62492141122985 0.111033888697175 0.382761341327627 -5.15648240455301
"HSPA1A" -1.41302488046753 2.41794247840277 -1.62492141122985 0.111033888697175 0.382761341327627 -5.15648240455301
"eNO1" -1.39424223425043 2.99192467694863 -1.62221613947698 0.11161344976907 0.382761341327627 -5.16061312231516
"MSN" -1.78408711875656 1.31140299204594 -1.61327171176082 0.113547221371637 0.387288090191908 -5.1742269344912
"HSPA1L" -1.45941567645362 1.39618597961092 -1.5946638154418 0.117657560278261 0.396882558833272 -5.20233417476855
"ACO1" -0.724693221294154 0.368919030414894 -1.59323815106825 0.117977391027697 0.396882558833272 -5.20447565123366
"YWHAB" -0.964917487106938 0.691992842911427 -1.59203833282945 0.118247101522433 0.396882558833272 -5.20627656197218
"P63267" -1.28647582071079 0.706404285464378 -1.58829304528406 0.119092229821272 0.397604217022342 -5.21189039666314
"CASP14" 0.769609848087813 0.43547856288609 1.56691240651112 0.124010836027296 0.411846513332758 -5.24371157974535
"P23528" -0.46977970829806 0.716620014092231 -1.55910542592966 0.125847140070943 0.415756782119188 -5.25523459921222
"P62979" -0.539870970478258 0.649622135978336 -1.55041722831469 0.127916375416253 0.42039183795654 -5.26799759298496
"P00747" 1.15238539583205 1.01723332705427 1.54182201514974 0.129990268561901 0.424994090479584 -5.28056097140531
"F2" -1.00393858864789 4.46967325870573 -1.53764184920602 0.131008577629909 0.425315235583473 -5.28664831259234
"KRT86" 1.08384926302512 0.501964950096177 1.53589273462508 0.131436562502024 0.425315235583473 -5.28919103955578
"A2M" -0.523634600365828 6.85398639709391 -1.53036480103851 0.132796537519463 0.427523546810107 -5.29720999942531
"P08729" -0.94555676934311 0.723712998452794 -1.51954818030358 0.135490167547613 0.433981196561137 -5.31282552638772
"ACTA1" 2.03463954668343 2.17781526642366 1.4973480445598 0.141155049820981 0.449842608267875 -5.34456183196983
"GC" -0.470243957216525 4.99867536177431 -1.49328977169799 0.142210665041313 0.450929294678736 -5.35031771407491
"LGALS3BP" -0.893470297364715 0.705418077214483 -1.48426407662499 0.144580824177089 0.45524249506997 -5.36306823603906
"PGK1" -1.31297308794303 1.44964417635107 -1.48262775772103 0.145013853421655 0.45524249506997 -5.36537235275425
"ACTN4" -0.883000168936198 0.364055589207912 -1.47953278854045 0.145835699858416 0.455556072330003 -5.36972411119423
"KRT33A" 1.00846675420742 0.335776781552413 1.46337260030316 0.150186880565207 0.46683705239727 -5.39231252974009
"GAPDH" -0.799572454872727 3.07871804506745 -1.45613738815483 0.152167837681472 0.469743908054732 -5.40235274935928
"FGG" -1.53007522628504 1.88977614221664 -1.45452917062086 0.152610936848209 0.469743908054732 -5.40457830824446
"P02788" 0.606153912985515 1.24423163318215 1.45102207692695 0.153580734921935 0.470434192891947 -5.40942390026789
"CFH" 0.843967125126265 4.64711187182647 1.43310374035207 0.158611314681017 0.482659742642819 -5.43401457500937
"FeTUB" -0.564350119189013 4.53036562922424 -1.43084244023081 0.159255230790186 0.482659742642819 -5.43709813247421
"Q7Z3Y7" 0.771284104433227 0.378250244393938 1.42870169988959 0.159866697642392 0.482659742642819 -5.44001319851894
"FGB" -1.26147530565766 2.91781616788423 -1.40649919605592 0.166317062368217 0.499743173115928 -5.47001138136242
"KRT77" 1.1595688638122 1.11212838504281 1.39865117496561 0.168644862481277 0.504336057941638 -5.48051215237142
"C9" -1.02460948533751 2.59736352446115 -1.39179998962338 0.170697568395589 0.508066819139702 -5.48963513293895
"P62736" -1.28647582071079 0.638998481544567 -1.38644081350111 0.172316682790619 0.510478060285824 -5.49674273483844
"P78385" 0.942415164394454 0.434649580733642 1.38353407816764 0.173199815865484 0.510696653322992 -5.50058726704093
"P62851" 0.494820429484509 0.538293948984258 1.3731965194979 0.176368933188746 0.515987528966881 -5.51419999102432
"C3" -0.536528252767234 6.60985039740058 -1.37235247508824 0.17662964541497 0.515987528966881 -5.5153073056446
"KRT19" 1.32723367038297 2.96099265043905 1.36599406653201 0.178603203270813 0.51934848508702 -5.52362887978611
"CD14" -1.07755804892732 0.896772712450706 -1.35689586602905 0.181456566690637 0.523288153290849 -5.53547432123606
"CFB" -0.949290976366859 4.57360680274049 -1.35638868971964 0.181616649081927 0.523288153290849 -5.53613249734736
"H2AC7" 0.404415573678799 0.298618059715194 1.35081019403175 0.183384564801039 0.525980274497524 -5.54335690225884
"LDHB" -1.21399681458065 1.58525526685111 -1.34546263529954 0.185091627785557 0.528474285668265 -5.55025647483076
"KRT31" 1.01941984495214 0.616384676505695 1.33450276109762 0.188628178100911 0.536145857575112 -5.56431831965053
"SeRPINF2" -0.585668913638293 4.3277909011828 -1.33185403143989 0.189490550209295 0.536181781085493 -5.56770078885639
"TUBB2B" -1.36789390799702 0.765486657853197 -1.32688227543079 0.191117350930594 0.538370751951809 -5.57403303694333
"PROC" -1.01947286274292 1.68102634411129 -1.32347374709897 0.192238770018533 0.539122950585309 -5.57836164346608
"PLG" -0.852284026614339 5.08341324061474 -1.31373457939733 0.19547052752316 0.545760632155372 -5.59067299691284
"PGK2" -0.465531897729564 0.431077244658023 -1.30491511673232 0.198432446286512 0.551589751571759 -5.60174911281546
"CPB2" -1.03245578124977 2.49092361437449 -1.30153967501431 0.199574978596439 0.552332506554181 -5.60596994598662
"C4BPA" -1.01795193544086 1.09352212121896 -1.29643323711878 0.201312849855777 0.554709206371159 -5.61233604596684
"GDI2" -0.6736909484699 0.851446839452645 -1.28610509067846 0.204862632935041 0.557813932537156 -5.62514097532357
"FLG2" 0.479281581438224 0.546101704521524 1.28513266340076 0.205199263067828 0.557813932537156 -5.62634170209203
"PGM1" -0.555246774520421 0.393637497378766 -1.28469572108284 0.205350656801861 0.557813932537156 -5.62688095196039
"KRT81" 1.26757296000293 0.615608932666368 1.281506502462 0.206458212160786 0.557813932537156 -5.63081174921212
"AHSG" -0.396755022673158 6.27250171719331 -1.28035363076792 0.206859683381449 0.557813932537156 -5.63223046079855
"COL1A2" 0.850407251103608 1.33481183586698 1.27331862211188 0.209322216354083 0.5603082842858 -5.64086194882795
"IGF2" 0.728395462079588 0.705943254415119 1.2726408243444 0.209560626135418 0.5603082842858 -5.64169122635643
"SeRPINB3" 0.833791162247246 0.783301319974117 1.26456551936921 0.212416688905575 0.562087551914893 -5.65153966273134
"KRT72" 1.35110015389509 1.78368945396979 1.26341509638656 0.212825921465151 0.562087551914893 -5.65293794127743
"TUBA8" -1.10231575685731 0.601496485451664 -1.26272257971749 0.213072549332214 0.562087551914893 -5.65377908754888
"KRT73" 0.882549778394197 2.38515311888049 1.26071353117265 0.213789243200593 0.562087551914893 -5.65621689300059
"FLNC" -0.476444082352924 0.271711608969947 -1.25583976390608 0.215535339192421 0.564326966931195 -5.66211576042198
"P04272" 1.24002483795632 1.21847887840817 1.25153003794524 0.217088180474191 0.56490423275264 -5.66731421365738
"POTeF" -0.951249069152745 0.49537561069465 -1.24817213423304 0.218303820109118 0.56490423275264 -5.67135301798002
"P02675" -0.419200248487465 0.361465457081215 -1.24729237147289 0.218623148585327 0.56490423275264 -5.67240950225856
"KRT75" 0.797783508014518 3.74408656908985 1.24532960350708 0.219336825712198 0.56490423275264 -5.6747640351371
"HBA1" 0.705626829525807 1.70191375070829 1.23088305517239 0.224642915631017 0.576218210419397 -5.69198758222871
"P63104" -0.433400552678817 0.884129142970355 -1.22247450547911 0.227774610368028 0.581885745515085 -5.70192601179586
"HP" 1.05489023518688 0.619022881242853 1.20908914686688 0.232825975892179 0.590831004944353 -5.71761524538071
"MYH9" -0.780968657832821 1.83979858127324 -1.2082408697121 0.233148843472494 0.590831004944353 -5.71860407772065
"FN1" 1.10135561658764 3.63302739964173 1.19676473559357 0.237549109318153 0.599573951919019 -5.73191782501096
"CLIC1" -0.557808866846916 0.656642505144377 -1.1930797538331 0.238974807279388 0.600769336228261 -5.73616759175219
"CCDC168" 1.01179055252333 0.497858398849557 1.19003713476831 0.240156670682054 0.601344679366572 -5.7396672747337
"SeRPINA6" -1.1600544203572 1.96150691123315 -1.18587771350275 0.24177921656002 0.603014567784082 -5.74443795502929
"CAP1" -1.09038493274375 1.32920007249191 -1.17390947442295 0.246492312452315 0.612349012430752 -5.75807748440039
"YWHAQ" -0.777530897378628 0.514867348909609 -1.16763529885151 0.248989493861211 0.616126943633035 -5.76517584267668
"HSP90B1" -0.467613054653744 0.401908665735753 -1.15749120803593 0.253065497523202 0.623766909910705 -5.77657674221544
"SULT1e1" -0.631890054808927 0.516658063393535 -1.14540269295759 0.257985216319297 0.629611416570436 -5.79004058578886
"YWHAe" -0.736716901012598 0.894440115061187 -1.14438567309614 0.258402221294793 0.629611416570436 -5.79116723679769
"C1S" -0.681835043552716 0.664569223577313 -1.143574186211 0.258735298357365 0.629611416570436 -5.79206552212792
"S100A9" 0.600810953541216 0.734901277775447 1.14043932821831 0.260024896090026 0.629611416570436 -5.79553004583701
"PPIA" -0.831780136202508 1.35382875730019 -1.13946742921174 0.260425641402352 0.629611416570436 -5.79660232906848
"H4C1" 0.466770715249638 0.852768548672937 1.12807428386139 0.265156340229103 0.638601720170092 -5.80910787828691
"ACTG2" -1.28647582071079 1.10752783647369 -1.12062704921971 0.268281472787307 0.641233368669662 -5.81721808522854
"ACTA2" -1.28647582071079 1.10752783647369 -1.12062704921971 0.268281472787307 0.641233368669662 -5.81721808522854
"P04406" -0.590550492939685 1.46040235764334 -1.11699510248753 0.269815016564606 0.64246519038591 -5.82115493605389
"O95678" 1.00020939885677 1.40815289159792 1.10980667513991 0.272868527852676 0.647293387500145 -5.82891119566359
"ARF4" -0.402004968238924 0.30652531458429 -1.10345610566662 0.275586378288379 0.650132442919119 -5.83572398206774
"Q08554" 0.409549029194907 0.505329989393162 1.10220052036559 0.2761259820956 0.650132442919119 -5.83706657038637
"HPD" -0.521350340201797 0.415668077339158 -1.09922053124486 0.277409648676322 0.6507267223597 -5.84024725559728
"TUBA1D" -1.32551064564965 1.70209257780935 -1.07347972692824 0.288672643695901 0.670970373898366 -5.86738168772816
"TUBB3" -1.211204592697 1.54141251624483 -1.07314774113712 0.288819956535027 0.670970373898366 -5.8677276615776
"P68032" -0.785770135295778 1.87318986533482 -1.07222495472552 0.289229701585349 0.670970373898366 -5.86868879525384
"RAN" -0.497611424432645 0.736928979129569 -1.06642990827024 0.291812122385083 0.672035137111219 -5.87470670410242
"RBP4" 0.973287534347052 1.85734450256641 1.06520280690943 0.292360997390533 0.672035137111219 -5.87597702060571
"RAB8A" -0.381577036109049 0.302377082886402 -1.06098611362093 0.29425255605664 0.672035137111219 -5.88033161687099
"AOCY" 0.485524611643062 0.299076449280129 1.05967465949563 0.29484258308516 0.672035137111219 -5.88168261278113
"HGFAC" 0.324783798075501 0.363443167339019 1.05929434688311 0.295013839904608 0.672035137111219 -5.88207409502552
"F5" -0.915008763796326 4.62038982616386 -1.02073315043252 0.312736073321011 0.707343254209185 -5.92107285057811
"P01023" 0.935548881890599 2.29391897658004 1.02069155120234 0.312755575157468 0.707343254209185 -5.92111417729922
"SePTIN7" -0.499147169395293 0.378903709138505 -1.00934212345742 0.318107131900629 0.716015243598315 -5.9323291793838
"CSTA" 0.313865368493938 0.381212035195322 1.00775712739274 0.318859403250597 0.716015243598315 -5.93388586986259
"KRT6A" 0.799531785868569 2.4219735959836 0.998953996176317 0.323059431179009 0.722874117283528 -5.94248922811174
"P35900" -0.336067104290358 0.909107359925009 -0.995572048955559 0.32468284225944 0.723939482210977 -5.945775235649
"FLNB" -0.429110980262987 0.413331594768217 -0.988376801371806 0.328154943752753 0.729104822211223 -5.95273089313377
"GSN" -0.344254280858108 4.6420356331314 -0.984029646290766 0.330264698557658 0.731217630841692 -5.95690989144321
"ASS1" -0.555303125691195 0.346997363117123 -0.980617595990222 0.331926969273002 0.732328383256169 -5.96017760014407
"KRT80" 0.827345116331709 1.37415635638299 0.96598431413369 0.339119192593975 0.743816565132588 -5.97406847708121
"HSPA2" 0.868743254079464 0.692878943111484 0.965232344067138 0.339491554291894 0.743816565132588 -5.9747768873064
"Q14CN4" 0.574485827510635 1.04825329384874 0.954795840588035 0.344687471724814 0.752587524769403 -5.98455417118248
"HBe1" 0.390633254957046 0.355476418673161 0.944742566021008 0.34974189185445 0.760990116414338 -5.9938759246333
"RPS25" 0.49482042948451 0.528543909319453 0.940732058911888 0.351771720645025 0.76277648016155 -5.99756815659916
"B4GAT1" -0.400625450047856 0.601513335851212 -0.928119863775878 0.35820521727678 0.771467430391603 -6.00908100929269
"CFL1" 0.540878721924743 0.963123840118628 0.928081365535797 0.358224971639841 0.771467430391603 -6.00911592300293
"Q02413" 0.594522352533453 0.973412188118829 0.921888899381892 0.361411686220901 0.773434535944742 -6.01471367206569
"O43707" 0.548921766176524 0.363742985490342 0.921543758125548 0.361589838516163 0.773434535944742 -6.01502460508948
"SYNCRIP" 0.440972428878693 0.978798074633221 0.901825594450919 0.37186213459672 0.792719618008549 -6.03260215610124
"S100A7" 0.348497121622889 0.524428888572263 0.896873126249825 0.374471250159274 0.795593800843442 -6.03695939553383
"PZP" -0.869592189358821 1.58382233784497 -0.889425301537511 0.378416953820995 0.797498405617794 -6.04346849337368
"Q7RTS7" 0.600761468018463 1.14685695489893 0.888257701915337 0.379037913468421 0.797498405617794 -6.0444841783545
"CLeC11A" -0.201664860607783 0.313556625083039 -0.888029589058241 0.379159305365037 0.797498405617794 -6.04468246140097
"KRT18" 0.455841456045425 0.340387878901831 0.878144864716689 0.384443246281307 0.805196696014305 -6.05322734366254
"MYH14" 0.323055527589465 0.505922711842503 0.87641730839565 0.385371477331728 0.805196696014305 -6.05471125092242
"P23526" 0.271463639756805 0.434848844648397 0.868633777085442 0.389571159026324 0.808648314817911 -6.0613619910381
"ADIPOQ" 0.406758592042773 2.93752513994763 0.865122204799643 0.391475241488501 0.808648314817911 -6.06434372389782
"Q06830" -0.254473028072838 0.336582340418348 -0.864241010747161 0.39195396639941 0.808648314817911 -6.06509012676302
"HPX" -0.399114251243321 4.43467162277725 -0.863642464954117 0.39227934657066 0.808648314817911 -6.0655966968993
"KRT10" -1.49342533850265 1.86919749840774 -0.861526252525066 0.393431113548492 0.808648314817911 -6.0673849993696
"RAP1B" -0.642927261384807 1.39753022001263 -0.858611134577308 0.395021152349723 0.809280347833362 -6.06984146575474
"KRT17" 1.17024294050766 3.15566229471789 0.854260776438645 0.397401488313387 0.809927095305401 -6.0734923750979
"F12AI" 0.533251582490204 4.11224061514221 0.853344522689462 0.397903961243541 0.809927095305401 -6.0742590257555
"GSTA2" 0.702607989809961 1.47844549928175 0.847526421842172 0.401103824539509 0.813815155255402 -6.07910857818082
"RPL22" 0.224876980287558 0.348742198865514 0.844707206841303 0.402660073485554 0.814354187081361 -6.08144691842563
"AMY2B" 0.440412768765322 0.74822742113586 0.841517690135959 0.404425235453159 0.814995037129902 -6.08408329899762
"TPI1" -0.510445324118556 1.16634827998241 -0.839471563368998 0.40556012941171 0.814995037129902 -6.08576949235256
"OGN" -0.486005753021581 0.903564955960522 -0.821965857676133 0.415349877555142 0.832018326150141 -6.10003309144254
"KRT9" 0.298487494689724 2.75795260815414 0.815679863224321 0.418900115856724 0.83647459843542 -6.10508374885916
"THBS1" -0.449018268407858 3.82406536567389 -0.8070081681628 0.423827924190226 0.839117253659852 -6.11198947968517
"H4" 0.466770715249638 1.60037448391229 0.805501233334675 0.424687819620449 0.839117253659852 -6.1131822212549
"SeRPINC1" -0.515544535961673 4.95379030804966 -0.805160421966909 0.424882441204961 0.839117253659852 -6.11345167379845
"P12814" -0.540082883747968 0.537805322538134 -0.802316704649668 0.426508453678169 0.839117253659852 -6.11569565721009
"eeF1A1P5" 0.284688829280751 1.86671378928113 0.801680671543847 0.426872644096375 0.839117253659852 -6.11619649670876
"P63000" -0.388766672291715 0.56948871392229 -0.789209799999438 0.4340511757237 0.850578546216319 -6.12593858840402
"P05786" 0.972951193141523 1.54148494534518 0.786524445518342 0.435606309335139 0.850983223499915 -6.12801692099784
"VCL" -0.56222792460628 0.917727114954689 -0.771591222461324 0.44431475226279 0.863067362214804 -6.13944874420357
"CATHL1" -0.439099184911012 0.572803420151975 -0.771228470658986 0.444527563739796 0.863067362214804 -6.13972378759919
"P49747" -0.297905128217794 0.476961206766378 -0.767209592972981 0.446889289592807 0.864991232310003 -6.14276252801446
"MST1" -0.504829426986058 1.60785553826297 -0.757164359423981 0.452824599528561 0.873799150772239 -6.15029024765769
"RPS27A" -0.539870970478258 1.43074905315533 -0.75358623390534 0.454949823719525 0.875223593801891 -6.15294827591516
"RAC1" -0.388766672291715 0.591880443610741 -0.748923460292045 0.457727963222585 0.875911588778786 -6.15639361842933
"AFM" -0.534994497773291 3.6330774368852 -0.746462249761666 0.459198341061674 0.875911588778786 -6.15820380797191
"P12259" 0.485642456674365 0.759135697267659 0.746004940796159 0.459471847679521 0.875911588778786 -6.15853951273529
"IGF2R" -0.618581900821327 0.877479878395385 -0.73363261894378 0.466907141552014 0.887404838311208 -6.16754569396564
"ADAMTS13" -0.252139928456609 0.332982228000967 -0.729604763004335 0.469342528074038 0.889354760404558 -6.17044596774327
"APOA1" -0.304862703279834 5.65700133956763 -0.718140558042322 0.476313767016804 0.893148850851391 -6.1786154470288
"CSN1S2" 0.461754758984586 0.825354632457218 0.717575836915133 0.476658675260365 0.893148850851391 -6.17901460476364
"IQGAP1" -0.487268387642955 0.787962784654897 -0.712640438313389 0.479679018305364 0.893148850851391 -6.18248999517905
"F9" -0.510532747424437 1.26479360370761 -0.708725959898845 0.482082232812978 0.893148850851391 -6.18522980378426
"CORO1A" -0.346340875785526 0.546552496626269 -0.708276914131961 0.482358347131856 0.893148850851391 -6.18554315501135
"GSTP1" -0.326230170345079 0.538057025454663 -0.707085090761432 0.483091619336484 0.893148850851391 -6.18637388646143
"HBA" -0.264029274366377 4.52126570357216 -0.706443214910265 0.48348679392657 0.893148850851391 -6.18682072356827
"POSTN" 0.42575405568559 0.858096457429997 0.704754703517996 0.484527200691333 0.893148850851391 -6.18799427307064
"AOC3" 0.443381692662648 0.499763080736666 0.702508398467784 0.485913242957523 0.893148850851391 -6.18955124277162
"COLeC11" -0.31433597917704 0.487477162491397 -0.70198124712311 0.486238832962749 0.893148850851391 -6.18991592007327
"RPS4X" 0.321313687908035 0.513292028294379 0.700572731028775 0.487109387016893 0.893148850851391 -6.19088900180611
"Q00610" -0.395454803357213 0.270744400877645 -0.695694156945562 0.490131372777545 0.893148850851391 -6.19424461188232
"HBD" 0.475257238281713 0.814906290238242 0.694889359956244 0.490630895719276 0.893148850851391 -6.1947959673407
"APCS" 0.548414419506504 0.693876707081285 0.694035636171839 0.491161095476122 0.893148850851391 -6.19538015921203
"P21291" -0.149101301960468 0.410715326481604 -0.683435083754057 0.497770908544327 0.899274744469605 -6.20257541259627
"ACTN1" -0.540082883747968 0.758090282966487 -0.682307086633082 0.498477122467324 0.899274744469605 -6.2033346708531
"P13647" 0.453467537753755 2.44539382196407 0.681783164153358 0.498805325775533 0.899274744469605 -6.20368690689551
"P00734" 0.549863301490554 0.971546688862607 0.676601833751439 0.502057471032265 0.90255915732581 -6.20715607299528
"Q08188" 0.411912565065784 0.494699043019943 0.667703303359481 0.50766971412453 0.90853511964086 -6.21305357967783
"A1BG" -0.236231278957556 4.15117798268516 -0.666768389653742 0.508261326835537 0.90853511964086 -6.21366875189836
"SPP2" 0.513768145325378 0.907685424247359 0.661111048699187 0.511849242802499 0.909542577051933 -6.2173732464238
"eIF4A1" -0.242283455374634 0.281091213558205 -0.658738558867301 0.51335794219866 0.909542577051933 -6.21891756879802
"LOXHD1" 0.207647063770946 0.305129942147082 0.652560791372218 0.517297666655152 0.909542577051933 -6.2229133030763
"H1-3" 0.366112724702245 1.0433624240056 0.652115246541971 0.517582426209405 0.909542577051933 -6.22320005019401
"P37802" 0.216406218847702 0.354293361291635 0.651986784295563 0.51766454540966 0.909542577051933 -6.22328269121095
"P13929" 0.368702723316046 0.395447519903641 0.651513027049385 0.517967453847278 0.909542577051933 -6.22358732578059
"LTF" 0.709471827650032 2.26415786302272 0.649233760808272 0.519426081928535 0.909542577051933 -6.22504989828397
"YWHAZ" -0.433400552678818 1.67445722854013 -0.647781863916096 0.520356371340329 0.909542577051933 -6.22597893717704
"PRDX2" -0.348522810291565 0.559004630605749 -0.643869417576206 0.522867644081381 0.911407412749589 -6.22847226835015
"PGLYRP1" 0.52558733544663 1.52650722953648 0.640572006722332 0.524989127452457 0.91258440612259 -6.23056213398432
"RAP1A" -0.458644246242259 0.599993751912971 -0.630113665146626 0.531747790935046 0.921793560659379 -6.2371208119609
"P68104" 0.284688829280751 1.79940580014137 0.621841849583796 0.537125504659264 0.926439686477902 -6.24223314255221
"CSN1S1" 0.393091541034237 1.04968891000601 0.621475418429917 0.537364382331081 0.926439686477902 -6.24245807681024
"FMOD" -0.447101798153995 1.06522880756232 -0.615292936399938 0.541403058863807 0.928561434270768 -6.24623355089892
"KRT78" 0.533123278461064 1.21398713660327 0.613250406799446 0.542740764290089 0.928561434270768 -6.24747271270832
"ACTC1" -0.785770135295777 3.14765073265295 -0.611661301123742 0.543782686153487 0.928561434270768 -6.24843398894093
"CFD" 0.360958513336299 1.75420206290034 0.610596600758529 0.544481348146092 0.928561434270768 -6.24907667153951
"Q5XKe5" 0.385951598355373 1.3958302434628 0.608176811721238 0.546070938379913 0.928762162042386 -6.25053322770386
"ASL" -0.314119615661387 0.347499488022769 -0.60308832583839 0.549421364402493 0.929597878699646 -6.25357760482956
"APOC3" 0.404415573678799 1.19778688740857 0.602955850468662 0.549508730198047 0.929597878699646 -6.25365652708317
"APOA2" 0.301963743041037 2.08661494538222 0.59754772768916 0.553081346239015 0.933139918387215 -6.25686385360124
"H2BC18" 0.210485470991143 0.730843712997558 0.594370792847627 0.555185506540333 0.934192145671866 -6.25873469761448
"APOH" -0.275872198209961 3.60746490795528 -0.587363577486801 0.559840791138782 0.936823544453582 -6.26282642027522
"P54652" 0.322753127030588 0.339616098038885 0.586667423378643 0.560304350986744 0.936823544453582 -6.2632303163751
"ITIH3" -0.465554754324056 4.69375702630809 -0.585318199988057 0.56120332773923 0.936823544453582 -6.26401176856255
"THBS4" 0.440326836860389 2.70759369313272 0.581735466021916 0.563593967875168 0.938331909575807 -6.26607824010852
"CLTC" -0.395454803357213 0.392360977696785 -0.579371568261055 0.565174090396356 0.938486450105528 -6.26743486060043
"KRT5" 0.36039450606864 4.67624021226336 0.576862566112835 0.566853609434805 0.938804796727984 -6.26886880219879
"DYNC1H1" -0.33897340320141 0.327439591398445 -0.574361284995861 0.568530416440371 0.939116996790246 -6.27029222787484
"CPN1" -0.532341820952935 2.23358421359915 -0.566330488063312 0.573930593324211 0.941520856827214 -6.2748211778011
"TTR" -0.236311912678662 3.61322770476154 -0.565958705784569 0.574181198953269 0.941520856827214 -6.27502932128254
"KRT76" 0.479271243991974 1.50032032286503 0.557192987801691 0.580105321322429 0.941520856827214 -6.27989778780624
"HSPA6" 0.312837263270583 0.711514689119529 0.552005766617182 0.583624878587055 0.941520856827214 -6.28274346513063
"H2BC12L" 0.210485470991144 0.477914723900764 0.551949722155655 0.583662961111072 0.941520856827214 -6.28277406741378
"H2BC13" 0.210485470991144 0.477914723900764 0.551949722155655 0.583662961111072 0.941520856827214 -6.28277406741378
"CD44" 0.271463639756805 0.274022207389356 0.54443682292766 0.588778809288093 0.941520856827214 -6.286848628772
"CTSC" -0.290873222593857 0.512298981811556 -0.542757701543455 0.58992511126079 0.941520856827214 -6.28775175300774
"MAN2B1" 0.230114500474393 0.257721982999801 0.540914758764504 0.591184472171568 0.941520856827214 -6.28873982020144
"O60814" 0.210485470991143 0.497880389597874 0.539175203909286 0.592374353788718 0.941520856827214 -6.28966941428919
"H2BC14" 0.210485470991143 0.497880389597874 0.539175203909286 0.592374353788718 0.941520856827214 -6.28966941428919
"H2BC9" 0.210485470991143 0.497880389597874 0.539175203909286 0.592374353788718 0.941520856827214 -6.28966941428919
"H2BC5" 0.210485470991143 0.497880389597874 0.539175203909286 0.592374353788718 0.941520856827214 -6.28966941428919
"H2BC15" 0.210485470991143 0.497880389597874 0.539175203909286 0.592374353788718 0.941520856827214 -6.28966941428919
"H2BC4" 0.210485470991143 0.497880389597874 0.539175203909286 0.592374353788718 0.941520856827214 -6.28966941428919
"PLeK" -0.193036282589693 0.356570434842956 -0.536722769701965 0.594053780802423 0.941520856827214 -6.29097494035539
"FHL1" 0.192995651586212 0.658231571395055 0.534829920540483 0.595351540212454 0.941520856827214 -6.29197855999397
"OMD" -0.287470902719548 0.579161880070687 -0.531601493751288 0.597568065208746 0.942663622866797 -6.29368224730274
"TG" -0.424302021975652 0.830439203374032 -0.524049218976873 0.602768266548524 0.948495701227228 -6.29762790257578
"P61981" -0.138845524459988 0.3862453650712 -0.517789917440894 0.607094060833632 0.952926249716472 -6.30085578429526
"CLU" -0.363697217290888 3.10692691815279 -0.511489041507753 0.611462995094028 0.957402357082709 -6.30406639674055
"IGFBP3" 0.388876725632513 1.43521702137938 0.496228504570534 0.622103552750167 0.970612251304867 -6.31168136450442
"BPT2" 0.313576971006332 0.60882521501471 0.494982256370412 0.622976167636246 0.970612251304867 -6.31229316555453
"P00488" 0.168184379010492 0.373297292501453 0.491893182649054 0.625141474289109 0.971586872602039 -6.31380307523815
"RPS4" 0.321313687908035 0.663552093265655 0.483634051306954 0.630947160636954 0.978200634795867 -6.31779413079371
"UTRN" 0.189774064890466 0.277898308571694 0.47970746986124 0.633715621752757 0.978757409484163 -6.31966811569948
"Q06033" 0.30805641001115 0.590504811827602 0.478725882012922 0.634408526908118 0.978757409484163 -6.32013422214783
"P05089" 0.224876980287558 0.390389495787338 0.476509194111213 0.635974509513882 0.978780281715268 -6.32118333838472
"P18065" -0.167796307799767 0.31297054960441 -0.456885553366073 0.64991036343765 0.995591827928239 -6.33026055044619
"ARHGDIB" 0.162102790158077 0.279676009478865 0.456684769844985 0.650053618235237 0.995591827928239 -6.33035147203223
"KNG2" 0.312376449677802 4.12277039415999 0.450814062548074 0.654248131762227 0.999589760634298 -6.33299242153112
"K2CA" 0.271463639756805 0.49157497204076 0.440023906888883 0.661986909866322 1 -6.33775807269285
"APOM" 0.239292905101029 0.449846401681055 0.432047707584427 0.667731629722734 1 -6.34120731796183
"GFAP" 0.365326970661296 1.07772854627193 0.431074317461302 0.668434084891469 1 -6.34162396928228
"ITIH1" -0.356665798541819 3.80924768927212 -0.430591376529185 0.668782714666602 1 -6.34183034211347
"P05109" 0.20554156978646 0.687321161041491 0.42953307080725 0.669546951915207 1 -6.34228178057213
"eeF1A1" 0.284688829280751 3.10639466574768 0.420596207713115 0.676014586208437 1 -6.3460500100664
"KPRP" 0.294967526976396 0.531270244173194 0.418948924231228 0.677209448955081 1 -6.34673600845108
"KRT8" 0.307674610676128 1.37402142304736 0.418465110866711 0.677560544288755 1 -6.34693698132699
"ORM1" -0.185346805034969 3.86425014046426 -0.417513556503227 0.678251282564118 1 -6.34733157849041
"KRT79" -0.349562627557109 2.41563447401021 -0.415534036200202 0.679689121269728 1 -6.34814960383154
"PRDX6" -0.283415456413639 0.846047017692961 -0.410235734985846 0.68354349357124 1 -6.35032011363206
"PeBP1" -0.229120350941365 0.681304612077119 -0.392690078565512 0.696367943817159 1 -6.35731048898272
"NeFH" 0.221275427245376 0.384919047854502 0.388781999211726 0.699236848126893 1 -6.35882619592605
"SeRPINA3-8" 0.323863385097767 2.76356503180944 0.382112065746918 0.704143459207607 1 -6.36137827584739
"eNO3" 0.368702723316046 0.800492843654084 0.372217817938946 0.711445412684757 1 -6.3650832328846
"CA2" 0.156547552261063 0.345645323777982 0.365807570541882 0.716190864696547 1 -6.36743202296181
"KRT15" 0.373653120593016 0.898171136215576 0.36536067075478 0.716522126060905 1 -6.36759426002001
"RAB1B" -0.196538815525191 0.359511205731281 -0.362514582304849 0.718633060037805 1 -6.36862284352231
"ALDOB" -0.178433195061739 0.356123696946491 -0.361603790067052 0.719309061160015 1 -6.36895031713992
"SeRPINA3-7" 0.151305934320376 4.02428387310896 0.361144361437792 0.719650140818887 1 -6.36911519307646
"KRT74" 0.40117133174799 0.857335682092491 0.360429250854088 0.720181153387392 1 -6.36937141140028
"AMY1A" -0.197346540160464 0.755503261094872 -0.356534767317283 0.723075483275543 1 -6.37075791048753
"AMY1B" -0.197346540160464 0.755503261094872 -0.356534767317283 0.723075483275543 1 -6.37075791048753
"AMY1C" -0.197346540160464 0.755503261094872 -0.356534767317283 0.723075483275543 1 -6.37075791048753
"TLN2" 0.235479483702512 0.966455129892931 0.354613071168085 0.724505175417812 1 -6.37143654681921
"H2B1" 0.210485470991143 0.855501407010386 0.354278273598532 0.724754357850936 1 -6.37155440567736
"RGN" -0.195389359358972 1.02697867734299 -0.352169661020389 0.726324442828815 1 -6.37229415669934
"H2BC12" 0.210485470991143 0.94148834362549 0.351978614875736 0.726466755695898 1 -6.37236096322466
"P09210" -0.166779059027025 0.330527392169844 -0.350686592803611 0.727429456245344 1 -6.37281182136631
"VNN1" -0.234541658998332 2.79085309958901 -0.34738301730603 0.729893006912975 1 -6.37395712348892
"P26583" 0.202624606289216 1.11725100709765 0.344059068708367 0.732374659873877 1 -6.37509860663881
"ACTN3" -0.156160060167184 0.28601249898022 -0.341274800218757 0.734455617330324 1 -6.37604635507127
"Q08380" 0.174422398012341 0.393787616540834 0.341079733755972 0.734601485414717 1 -6.37611246738309
"KRT83" 0.313865368493938 0.457778587254636 0.339836628876506 0.735531294744398 1 -6.37653289955307
"KRT71" 0.242304505568573 2.06923573706999 0.339539877061226 0.735753316450663 1 -6.37663303858346
"COL2A1" -0.184626156838174 0.598477585239702 -0.339375625317642 0.735876214980705 1 -6.37668842798899
"ACe" -0.152458301817483 0.353554485651329 -0.337989097310725 0.736913938584014 1 -6.37715493406026
"CHAD" -0.21125831079541 0.459959781554867 -0.33509824715625 0.739079139244646 1 -6.37812146788695
"KRT1" 0.127463730303771 3.24960602826261 0.33131711567887 0.741914372482695 1 -6.37937319154639
"HABP2" 0.184053323071358 1.13805930585204 0.326374408651039 0.745626056065129 1 -6.38098813287233
"CKB" 0.118461066800162 0.278064743634779 0.326266643931817 0.745707049406093 1 -6.38102307398349
"GSTA1" 0.227786414180815 1.18884112702396 0.32611504489588 0.745820992467412 1 -6.38107220828014
"B4GALT1" -0.212471838915029 0.604090201189785 -0.325193626170312 0.746513661675752 1 -6.38137035759918
"ITIH2" -0.113602603602736 0.271640739549629 -0.321524987794933 0.749273624829068 1 -6.38254911543902
"O75083" -0.123574249266157 0.280586141774954 -0.321304936016276 0.749439278483002 1 -6.38261939636516
"TGFBI" 0.25898515640809 2.44310842150736 0.31171812149694 0.756667666652087 1 -6.38563476524589
"KRT24" -0.163896653453391 0.307843755544185 -0.302079714499282 0.763957191452355 1 -6.38857468364429
"PCYOX1" -0.147212624725739 0.410504855434628 -0.301916467593419 0.764080843479761 1 -6.38862368554861
"Q8N1N4" 0.201083445019343 0.896992418578169 0.298253713360246 0.766856839861153 1 -6.38971619984639
"CSN2" 0.190291119227781 0.719409121077165 0.29004206364589 0.773091631464254 1 -6.39211727164397
"FAP" -0.172160426547418 0.55780279319837 -0.288193869377189 0.774496999166222 1 -6.39264847436039
"COL10A1" 0.146779726510598 0.836743477537966 0.282112821470946 0.779126396708172 1 -6.39437239183382
"POTeI" 0.151978944284459 0.510637212644928 0.281280993766516 0.779760286875316 1 -6.39460535867789
"LYSM" -0.129493458823213 1.03729602438514 -0.28063385917856 0.780253537236296 1 -6.39478612512372
"KRT28" -0.329699872543642 1.15356301224141 -0.276293500113931 0.783564140640723 1 -6.39598780942145
"SeRPINA3-2" -0.161288915534446 4.68780865363659 -0.275733152277078 0.783991841843577 1 -6.39614158845836
"HMGB2" 0.202624606289216 1.45785418284916 0.275322659350886 0.784305204873729 1 -6.39625404461867
"COL3A1" 0.0734445053418494 0.302753326489726 0.274726612296781 0.784760280945205 1 -6.39641703681501
"LUM" -0.148755724254136 3.19119097981736 -0.264984035103082 0.792209309796166 1 -6.39903128365924
"CSRP1" 0.129225885970758 0.533260908749307 0.261708168566475 0.794718435016153 1 -6.39988916791025
"HNRNPR" 0.104012298198077 0.274976810390274 0.250340700583536 0.803442127429801 1 -6.40278355986402
"KRT222" 0.149968715040548 0.871570823600914 0.249052251471743 0.80443253771581 1 -6.40310354014232
"GGH" 0.143085192542452 0.577545365003286 0.245331720642327 0.807294265500255 1 -6.40401827422555
"CDH5" -0.190103890081058 0.991980297507352 -0.244204762473903 0.808161618023907 1 -6.40429264005675
"C4" 0.102457157998623 4.59241938916497 0.235401054184574 0.814945610421554 1 -6.4063925970501
"AMY2A" 0.0918551298458505 0.570364073266519 0.235333481032982 0.814997737371092 1 -6.40640841794991
"K2C4" -0.27229660545015 1.07211431784201 -0.231840771032642 0.817693213304672 1 -6.40721999627263
"APOD" -0.130708342602949 2.04941190125326 -0.231598567545223 0.817880215243698 1 -6.4072758266749
"PFN1" 0.207898840712564 1.79396376116169 0.228968981967661 0.819911168512117 1 -6.40787822607617
"COL1A1" 0.188092409171246 1.249747684195 0.226899094205715 0.821510719505906 1 -6.40834757984968
"CAPNS1" 0.124032284564934 0.739184125827107 0.226887476328451 0.821519699645024 1 -6.40835020224017
"PROS1" -0.249243263875366 2.03387790338065 -0.226692641347213 0.821670302634798 1 -6.40839416048426
"TAGLN2" 0.205355840277941 1.7896858980515 0.224044588095812 0.823717858224293 1 -6.40898787238655
"CFL2" -0.129493458823213 0.374442757648552 -0.223568320472281 0.824086254885276 1 -6.40909391638502
"FABP1" -0.151801041104503 0.585698847704855 -0.223495664188712 0.824142458600139 1 -6.40911007397148
"YWHAG" -0.138845524459988 0.468170897201404 -0.222266055864493 0.825093770733639 1 -6.40938272428752
"CRYZL1" -0.21125831079541 0.725116975696209 -0.218168077541311 0.82826616563572 1 -6.41028056331327
"UBB" 0.0760862766653126 0.577739721944097 0.217804734610135 0.828547583234837 1 -6.41035936463417
"P0CG48" 0.0760862766653126 0.577739721944097 0.217804734610135 0.828547583234837 1 -6.41035936463417
"P13645" -0.0699083926881769 2.97643993189695 -0.216835456880031 0.829298422626369 1 -6.4105689390695
"P02771" -0.095592002651701 1.20445681963199 -0.214279832572885 0.831278876964805 1 -6.41111703680726
"KRT25" -0.27229660545015 0.870916214072822 -0.210057666020258 0.834553220848213 1 -6.41200834599091
"SeRPINA7" 0.117563607859794 3.61633860496395 0.197260525641742 0.844495448125786 1 -6.4146017031053
"MYH10" 0.189877130269129 1.59849695958135 0.195805795972763 0.845627296115661 1 -6.41488620933087
"COL6A3" 0.0811597800688622 0.260466421892031 0.192137981138753 0.848482484377998 1 -6.41559420322553
"HBB" -0.156501032474482 3.60338993350591 -0.191827103791246 0.848724579971202 1 -6.4156535970942
"P62987" 0.0760862766653125 0.600125432816278 0.191422297777678 0.849039844561253 1 -6.41573079234363
"PRDX1" 0.113586044618132 0.546049595625712 0.189924446465572 0.850206593833251 1 -6.41601501219289
"SeRPINA3-1" -0.23478242003272 3.84999949266226 -0.184711898525652 0.854269526584266 1 -6.41698672487951
"KRT20" 0.12401572558033 1.22298441785712 0.183315009453187 0.855359018515738 1 -6.41724254303558
"CL43" -0.126153017950802 0.940884828078096 -0.182597889442869 0.855918441064653 1 -6.41737311898699
"HP20" -0.10056828466819 0.680981753881348 -0.17827290652141 0.859293919408596 1 -6.41814979272179
"AOCX" 0.144819409975495 0.648107272474439 0.177668820642472 0.859765597596042 1 -6.41825679393141
"TIe1" -0.0710401122200424 0.329321550699608 -0.174021920456529 0.862614237177952 1 -6.41889506208853
"LRP1" -0.0802484665136289 0.614868001325349 -0.168882094239655 0.866632146715296 1 -6.41977217225772
"CAPN1" -0.0802017154104956 0.388832623725532 -0.166012792156719 0.868876696571788 1 -6.42025039601286
"AMBP" 0.0847816391835106 3.34141423414827 0.162676283050781 0.871488097418646 1 -6.42079619650578
"POTee" -0.0849870457755371 1.22222899345803 -0.162489719825642 0.871634158722386 1 -6.42082638859239
"GAPDHS" 0.0784078521151822 0.322370115713481 0.162043345694242 0.871983645657075 1 -6.42089848621147
"GPX3" 0.0660445402606966 0.481329126730382 0.159138209611389 0.874258838620306 1 -6.42136287877947
"CNTN1" -0.0986909090853159 0.660028748805807 -0.149541733555563 0.881781968993112 1 -6.42283725148286
"KNG1" 0.0688950896655891 4.54464354662345 0.147955120324724 0.883026871473869 1 -6.42307219161059
"FGA" -0.104598116153014 3.17249349353836 -0.144771376824917 0.885525825706274 1 -6.42353607697663
"CRYZ" 0.116008613374342 0.771489576565082 0.143036055271371 0.886888395178506 1 -6.42378467603382
"F13A1" -0.0824752286981754 1.66628805992448 -0.139183191677656 0.889914881614918 1 -6.42432592299969
"APOe" 0.0812560473086714 3.49230270079397 0.134359914557266 0.893705975330816 1 -6.42498268025925
"HP252" 0.0576783487303986 0.395237456647379 0.127312827658999 0.899249471242233 1 -6.42590063307507
"B2M" -0.0574542734648312 0.513877245340613 -0.126024985319597 0.900263092478301 1 -6.42606304783527
"UBA52" 0.0760862766653124 1.27572881511371 0.124872647598117 0.90117020469369 1 -6.42620697478076
"RNASe4" -0.0802017154104955 0.790744822982162 -0.124268869818094 0.901645547662296 1 -6.42628185914221
"F10" 0.0817105568705199 1.80481524069034 0.118692443071889 0.906037463785016 1 -6.42695633798735
"F12" -0.0752997546261817 1.40352742793015 -0.11585319797551 0.908274763570845 1 -6.42728786220912
"GPLD1" -0.0986547077183311 1.27736996011665 -0.115343514257967 0.908676469916901 1 -6.42734652614962
"THBS3" -0.0331602539420691 0.323629307052341 -0.109220634357487 0.913504062680311 1 -6.42803105574219
"SeRPINA3-5" 0.0922293727085268 4.1074092998534 0.105631953671811 0.916335107904923 1 -6.42841492372202
"COMP" -0.0907044296374071 2.11674356416753 -0.105578620670194 0.916377189704702 1 -6.42842053190225
"MBL" 0.0421590057360426 0.373473500404577 0.10483599124975 0.916963178120582 1 -6.42849832823708
"P0CG53" 0.0760862766653124 1.03241699431888 0.10101746234845 0.919977002912889 1 -6.42888968235193
"P80209" -0.0414573901197685 0.368808821772609 -0.0999140955748185 0.920848073001273 1 -6.42900006189958
"P16402" -0.0383028489765541 0.535435086540311 -0.099574977541995 0.921115814775204 1 -6.42903374344096
"UBC" 0.0760862766653124 1.09692025673344 0.0979922915800795 0.922365504725571 1 -6.42918942370326
"F11" -0.0614841410783941 0.767003666770929 -0.0918643238848461 0.927205991364613 1 -6.42976868321602
"APOA4" 0.0693351469298485 2.28641850567132 0.091660978387196 0.927366662888931 1 -6.42978726414018
"SeRPINA3-6" 0.107179830109568 3.76802438787071 0.0864874147886737 0.931455516000166 1 -6.43024615896366
"SeRPINA3-4" 0.0809838012177471 4.28063114130312 0.0844874376800888 0.933036676875311 1 -6.43041641591535
"P16403" -0.0383028489765541 0.413501804493008 -0.0844528453901664 0.933064027596134 1 -6.43041932570644
"H1-4" -0.0383028489765541 0.413501804493008 -0.0844528453901664 0.933064027596134 1 -6.43041932570644
"LBP" 0.0615427736077303 1.85962211188047 0.0817840211020428 0.935174402290805 1 -6.43064022726839
"O43505" -0.0171169269427926 0.29264576963563 -0.0755151664135913 0.940133327757122 1 -6.43113121776309
"P01008" 0.0502339729014034 1.58182119686144 0.0733304467940634 0.941862105893092 1 -6.43129313627957
"P06396" 0.0548194861688795 1.8637240805787 0.072722666191592 0.942343095999894 1 -6.43133733649953
"RAP1BL" -0.0356972590631711 0.558280460192407 -0.0681009320149805 0.946001377278971 1 -6.43166141540823
"Q14533" -0.0441449890089025 0.451527797045678 -0.0670459034661631 0.946836640979622 1 -6.43173241311355
"HNRNPK" 0.0333843292076366 0.431388864781368 0.0660325298281301 0.947638983433199 1 -6.43179956416981
"H1-2" -0.0383028489765542 1.01099196772226 -0.0654824393320932 0.948074542711893 1 -6.43183558766945
"BLVRB" -0.0457549810939192 1.35086998416588 -0.0609985396176533 0.951625461095761 1 -6.4321179851294
"BLMH" -0.0155388480462859 0.34131178630279 -0.0565538246760565 0.955146327714905 1 -6.43237815694538
"P46781" -0.0155388480462858 0.294764093673969 -0.0391567938172744 0.968935364928928 1 -6.43320730262822
"PPIe" -0.019607843137255 0.534199470938428 -0.0322753401589758 0.974392551440199 1 -6.43345208484966
"KRT2" -0.0182878433139226 2.86031237617989 -0.0270628709498313 0.978527024903019 1 -6.43360610867232
"CDH1" -0.0155388480462859 0.600999147693407 -0.0266657385164394 0.97884205187897 1 -6.43361673424898
"DSC1" -0.0155388480462858 0.453335524236637 -0.0262530336956247 0.979169435328068 1 -6.43362761004522
"CST3" -0.00702431081998095 0.296271887536228 -0.0238383644735603 0.981084973784692 1 -6.43368784287327
"ACTBL2" -0.0136982367677589 0.466625960054164 -0.0235259021821936 0.981332856183639 1 -6.4336952127724
"VASP" -0.00218031785623973 0.502140227184709 -0.00423467040629289 0.996639601305201 1 -6.43396190119563
"Q86Y46" 0.00275637423779695 1.05126095261204 0.00348016199119943 0.997238334443079 1 -6.43396479993386
"TRPC4" 6.93889390390723e-18 0.269665615237759 1.86057879885226e-17 1 1 -6.43397083132396
"MDH1B" 0 1.30473120409333 0 1 1 -6.43397083132396
"NCAM1" -6.93889390390723e-18 0.308761910501216 -1.33026428375429e-17 1 1 -6.43397083132396
"CKM" -5.55111512312578e-17 1.31106230670835 -8.75206015885581e-17 1 1 -6.43397083132396
"CATHL4" -5.55111512312578e-17 0.921576588262768 -9.0490405907688e-17 1 1 -6.43397083132396
"GARIN1B" -5.55111512312578e-17 0.931787480834391 -1.00032042714892e-16 1 1 -6.43397083132396
"PF4" -1.11022302462516e-16 0.493140774575256 -1.71021527949015e-16 1 1 -6.43397083132396
"FAM124B" 0 0.542232326333978 0 1 1 -6.43397083132396
"CATHL2" -2.77555756156289e-17 0.348458948683919 -6.86253309550924e-17 1 1 -6.43397083132396
"COLGALT1" 0 0.276744504294037 0 1 1 -6.43397083132396
"ReG1" 0 0.282004772270175 0 1 1 -6.43397083132396
"TRAP1" 1.38777878078145e-17 0.607607333279489 2.00660469954898e-17 1 1 -6.43397083132396
"TCN2" -2.77555756156289e-17 0.440545433393437 -5.06750388872697e-17 1 1 -6.43397083132396
"LOX" -2.77555756156289e-17 0.69202037673911 -5.71949657995756e-17 1 1 -6.43397083132396
"DSG1" 1.73472347597681e-17 1.03087995997917 2.57540569979332e-17 1 1 -6.43397083132396
"KRT27" 2.08166817117217e-17 0.822600485886249 1.76805606568235e-17 1 1 -6.43397083132396
"PKP1" 0 0.315565674847234 0 1 1 -6.43397083132396
"H2A1" 2.77555756156289e-17 1.08487554912278 3.89582786228563e-17 1 1 -6.43397083132396
"H2AJ" 2.77555756156289e-17 1.08487554912278 3.89582786228563e-17 1 1 -6.43397083132396
"H2AC20" 2.77555756156289e-17 1.08487554912278 3.89582786228563e-17 1 1 -6.43397083132396
"IGFBP6" 5.55111512312578e-17 0.599377808165143 1.07101048584087e-16 1 1 -6.43397083132396
"NACA" -1.38777878078145e-17 0.816083855863542 -2.17148671122052e-17 1 1 -6.43397083132396
"ACO2" -2.77555756156289e-17 0.361765483052936 -5.413346409641e-17 1 1 -6.43397083132396
"MPV17L" -2.77555756156289e-17 0.315558794847105 -4.65894445345082e-17 1 1 -6.43397083132396
"ARG1" 0 0.789853158760867 0 1 1 -6.43397083132396
"MYLK" 0 0.407756496006438 0 1 1 -6.43397083132396
"H2AZ2" -1.11022302462516e-16 0.622406535074498 -1.625000418591e-16 1 1 -6.43397083132396
"H2AZ1" 0 0.669371869306268 0 1 1 -6.43397083132396
"MAP4" -2.77555756156289e-17 0.337161908363979 -4.46184055275512e-17 1 1 -6.43397083132396
"THBS2" 5.55111512312578e-17 0.556608593747009 7.29641146137447e-17 1 1 -6.43397083132396
"SPON1" 0 0.468705315670895 0 1 1 -6.43397083132396
"RASA1" -5.55111512312578e-17 0.310522415542501 -1.04544345446179e-16 1 1 -6.43397083132396
"KRT40" 0 0.28844792166748 0 1 1 -6.43397083132396
"CCN2" -2.22044604925031e-16 0.732630820155657 -3.86954095682215e-16 1 1 -6.43397083132396
"SeRPINA3-3" 0 0.50964773980268 0 1 1 -6.43397083132396
"KRT35" 1.38777878078145e-17 1.03842056043664 1.33705249487217e-17 1 1 -6.43397083132396
"TIMP3" -2.77555756156289e-17 0.303581002833819 -6.42493331364001e-17 1 1 -6.43397083132396
"ANG1" 0 0.327357710119103 0 1 1 -6.43397083132396
"HMGCR" -5.55111512312578e-17 0.299332174844075 -9.9249396883444e-17 1 1 -6.43397083132396
"ADORA1" -5.55111512312578e-17 0.406560103967575 -6.19896621722749e-17 1 1 -6.43397083132396
"IGFBP5" -1.11022302462516e-16 0.517686905947146 -1.80777346904477e-16 1 1 -6.43397083132396
"TUBA1C" -2.77555756156289e-17 0.335330475246119 -4.21707387281348e-17 1 1 -6.43397083132396
"PSMe4" -5.55111512312578e-17 0.337757591140528 -9.81572359668728e-17 1 1 -6.43397083132396
"eeF1A2" 0 0.504483922437861 0 1 1 -6.43397083132396
"P50395" 6.93889390390723e-18 0.305060164883725 2.41583881405843e-17 1 1 -6.43397083132396
"CHI3L1" -5.55111512312578e-17 0.759499594345939 -9.8199929682316e-17 1 1 -6.43397083132396
"ARHGeF9" -5.55111512312578e-17 0.399278493642343 -9.35011096589804e-17 1 1 -6.43397083132396
"RPL12" -1.38777878078145e-17 0.361472331618091 -5.5569121578658e-17 1 1 -6.43397083132396
"UTP15" 0 0.509960648013274 0 1 1 -6.43397083132396
"CALD1" -2.77555756156289e-17 0.613608729397705 -4.82521043642258e-17 1 1 -6.43397083132396
"GDF6" -5.55111512312578e-17 0.295749412812816 -1.09412700315162e-16 1 1 -6.43397083132396
"P61284" -2.77555756156289e-17 0.272669072133968 -7.53831905373637e-17 1 1 -6.43397083132396
"LASP1" 0 0.588559131748599 0 1 1 -6.43397083132396
"IGFBP4" -5.55111512312578e-17 0.316080397760248 -1.17495764561357e-16 1 1 -6.43397083132396
"ARFIP2" 0 0.436516442761799 0 1 1 -6.43397083132396
"LeCT2" 0 0.40535114520609 0 1 1 -6.43397083132396
"GAL3ST4" 6.93889390390723e-18 0.370598323564226 1.0987435976431e-17 1 1 -6.43397083132396
"MAML2" 5.55111512312578e-17 0.395914935966484 8.78733262775371e-17 1 1 -6.43397083132396
"GNPTG" 5.55111512312578e-17 0.334506007324156 1.37235878859827e-16 1 1 -6.43397083132396
"P35625" 0 0.334972889619899 0 1 1 -6.43397083132396
"RPL30" -2.08166817117217e-17 0.316838166991133 -7.44608755624332e-17 1 1 -6.43397083132396
"P29279" 1.00288700954909e-18 0.375357173522509 3.56578282624622e-18 1 1 -6.43397083132396
"BCL2L14" -6.93889390390723e-18 0.278345186011782 -1.76789867029661e-17 1 1 -6.43397083132396
"eRC1" 1.73472347597681e-18 0.453126800778874 9.09218329307158e-18 1 1 -6.43397083132396
"CATHL3" 0 0.337409403174493 0 1 1 -6.43397083132396
"THeMIS" -3.46944695195361e-18 0.314023317558594 -8.53337116851589e-18 1 1 -6.43397083132396
"Q32Le4" 0 0.358614391703744 0 1 1 -6.43397083132396
"P11171" -3.46944695195361e-18 0.343269224856955 -1.27604472536227e-17 1 1 -6.43397083132396
"BRN" 0 0.463884710841 0 1 1 -6.43397083132396
"P00338" 6.93889390390723e-18 0.339952528327364 1.60866740886763e-17 1 1 -6.43397083132396
"FKBP4" 0 0.307773610383954 0 1 1 -6.43397083132396
"Q86UX7" 0 0.290262389270065 0 1 1 -6.43397083132396
