"logFC" "AveExpr" "t" "P.Value" "adj.P.Val" "B"
"H2AC6" -2.57464871060702 0.321811550347599 -8.77050952734302 2.28209292206484e-11 6.602680343056e-09 15.6727792451436
"H2AC4" -2.57464871060702 0.328575956505916 -8.67448321601656 3.13915071777623e-11 6.602680343056e-09 15.3714147647324
"H2AC25" -2.57464871060702 0.328575956505916 -8.67448321601656 3.13915071777623e-11 6.602680343056e-09 15.3714147647324
"Q06830" 2.77175802232065 0.336582340418348 7.68604277277106 8.79109575924644e-10 1.38679535602113e-07 12.2121072782226
"Q7Z3Y7" -5.00446054296595 0.378250244393938 -7.56900549291151 1.31117549671452e-09 1.65470347685372e-07 11.8320901677181
"H2BC12L" -3.35213022778545 0.477914723900764 -7.17716033519076 5.02948496118644e-09 4.01703682879922e-07 10.5529395635081
"H2BC13" -3.35213022778545 0.477914723900764 -7.17716033519076 5.02948496118644e-09 4.01703682879922e-07 10.5529395635081
"H2AC7" -2.57464871060702 0.298618059715194 -7.02164405052632 8.59296188755662e-09 4.01703682879922e-07 10.0428844258746
"O60814" -3.35213022778545 0.497880389597874 -7.01104961535756 8.91260152190001e-09 4.01703682879922e-07 10.0080981094025
"H2BC14" -3.35213022778545 0.497880389597874 -7.01104961535756 8.91260152190001e-09 4.01703682879922e-07 10.0080981094025
"H2BC9" -3.35213022778545 0.497880389597874 -7.01104961535756 8.91260152190001e-09 4.01703682879922e-07 10.0080981094025
"H2BC5" -3.35213022778545 0.497880389597874 -7.01104961535756 8.91260152190001e-09 4.01703682879922e-07 10.0080981094025
"H2BC15" -3.35213022778545 0.497880389597874 -7.01104961535756 8.91260152190001e-09 4.01703682879922e-07 10.0080981094025
"H2BC4" -3.35213022778545 0.497880389597874 -7.01104961535756 8.91260152190001e-09 4.01703682879922e-07 10.0080981094025
"COL6A1" -2.57888625168013 0.906037327762269 -5.89119996545098 4.25765349705396e-07 1.79105290442736e-05 6.32331253017138
"TUBB1" -2.74314538617327 1.29215683445709 -5.78858214670925 6.05927235697422e-07 2.38962553578171e-05 5.98713355161683
"BCL2L14" 2.77175802232065 0.278345186011782 5.76602877888351 6.54734565029672e-07 2.43022065019837e-05 5.91333947939187
"TLN2" 4.61821409584917 0.966455129892931 5.67845381511942 8.84236622552196e-07 3.09974060461353e-05 5.62714722288661
"P68366" -2.42460361208654 1.76508982753113 -4.53677772958068 4.10267876416805e-05 0.00129953075176491 1.98465135169863
"P11142" -2.71223360654603 1.29353643577238 -4.5355654256552 4.11895642397751e-05 0.00129953075176491 1.9809111999165
"P02763" 2.63161671874265 0.32012740065791 4.35779630517738 7.33477241282464e-05 0.00220392447261541 1.43650479412708
"KRT15" -5.42700064718359 0.898171136215576 -4.33278786273455 7.95021900703221e-05 0.00228026736065333 1.36059185903517
"IGLC3" 2.49520860704466 0.303549571080174 4.13801718944698 0.000148083384700252 0.00406263546721127 0.775559354405254
"AMY2A" -1.96025868248912 0.570364073266519 -4.10060616305334 0.000166678170566076 0.00428558810336835 0.66451243339239
"IGKC" 3.68075073183536 0.647521334386395 4.09473802853721 0.000169793506472597 0.00428558810336835 0.647134681543945
"FBLN1" -2.46212295353755 1.2055395696611 -3.90878026076808 0.000303721513621823 0.00737108750366808 0.102404488125092
"PLeK" 1.6928128158425 0.356570434842956 3.84303538476395 0.000372088070363631 0.0086958360147945 -0.0872813558333752
"P02656" 1.5998165328322 0.312947293834637 3.72405569216125 0.000535330473540039 0.0120640546001345 -0.426438320691097
"P23526" -1.41113631325316 0.434848844648397 -3.68678985343383 0.000599329277999482 0.0130405784281956 -0.531531443852226
"KRT18" 2.30154687453458 0.340387878901831 3.6201497993725 0.000732535043573067 0.0154076537498202 -0.718060949125544
"P02749" -2.46212295353755 0.451919943200276 -3.38340768804585 0.00147429313067559 0.030008998885687 -1.36533699129337
"P46781" -1.61267349848041 0.294764093673969 -3.31809735330019 0.00178102081559258 0.0351195042074662 -1.53942423372496
"P23528" 1.2122596816529 0.716620014092231 3.28496888877205 0.00195888665696177 0.0374562872891781 -1.62695067461587
"P63000" -1.90900965526457 0.56948871392229 -3.16421465539078 0.00276026165094422 0.0512272088748766 -1.94140416135639
"KRT8" 2.81539482940698 1.37402142304736 3.12652045505926 0.003068083618537 0.0553131646656241 -2.03804864389114
"Q14533" -2.50940945810465 0.451527797045678 -3.11183624843992 0.00319652989784573 0.0560280657094626 -2.07549781072804
"P05089" -1.77749050768602 0.390389495787338 -3.07530323056785 0.00353838953868709 0.060343886457069 -2.16817597149717
"AMY2B" -1.96025868248912 0.74822742113586 -3.05823676380318 0.00370960333880331 0.061598939652234 -2.2112279105098
"P16403" 1.68200573225774 0.413501804493008 3.02806400219578 0.00403147610297282 0.0635965355243962 -2.28695912740174
"H1-4" 1.68200573225774 0.413501804493008 3.02806400219578 0.00403147610297282 0.0635965355243962 -2.28695912740174
"P00338" -1.57171391075791 0.339952528327364 -2.97511586276906 0.00466041014867978 0.071724848873584 -2.41865694006671
"KRT86" -2.50940945810465 0.501964950096177 -2.90347372600655 0.00565815931468619 0.0799347453185277 -2.59437269669684
"AMY1A" -1.96025868248912 0.755503261094872 -2.89161271688864 0.0058414128157784 0.0799347453185277 -2.62318396731113
"AMY1B" -1.96025868248912 0.755503261094872 -2.89161271688864 0.0058414128157784 0.0799347453185277 -2.62318396731113
"AMY1C" -1.96025868248912 0.755503261094872 -2.89161271688864 0.0058414128157784 0.0799347453185277 -2.62318396731113
"P11171" 0.961355685087425 0.343269224856955 2.88698225552637 0.0059144418638822 0.0799347453185277 -2.63440986121622
"THeMIS" -1.43633528966999 0.314023317558594 -2.88450028393023 0.0059539350712691 0.0799347453185277 -2.64042198674225
"KRT31" -2.66363041451352 0.616384676505695 -2.84704760299278 0.0065804583641692 0.0854863262667003 -2.73071306619445
"eHD3" 1.13263081279341 0.929085257842862 2.83821038180391 0.00673696381583351 0.0854863262667003 -2.7518991986106
"P09210" 1.65195332198302 0.330527392169844 2.83615384717693 0.00677387688325676 0.0854863262667003 -2.75682294401232
"TUBA1B" -1.92991301469717 1.66164867095912 -2.77614411823765 0.00793726553156482 0.0982042068709295 -2.89940114924371
"P68032" 2.43626698741756 1.87318986533482 2.71437372626524 0.00932562816105316 0.113162910954318 -3.04391327453961
"KRT24" -1.71158433214709 0.307843755544185 -2.57575261238042 0.0132913525176682 0.158242329031106 -3.3596474366977
"P61224" -1.03710462869286 0.922756113454085 -2.53192482181529 0.0148345854940525 0.172953580417056 -3.45693458795621
"P15311" 1.3724856858123 0.776083929513556 2.52079563771546 0.0152515993367238 0.172953580417056 -3.48144023065656
"CSTA" 0.960568414115565 0.381212035195322 2.51822859936941 0.0153492876439859 0.172953580417056 -3.48708117760585
"RDX" 1.3724856858123 0.501332519865363 2.46545351040089 0.0174878426901152 0.188282549329913 -3.6020910958805
"KRT33A" -2.07573912908541 0.335776781552413 -2.45935077542797 0.0177518048120059 0.188282549329913 -3.61527144838967
"P12259" -1.96054580096767 0.759135697267659 -2.45898805668457 0.0177676064687814 0.188282549329913 -3.616054046688
"P63267" 2.43626698741756 0.706404285464378 2.45588630320917 0.0179032535020519 0.188282549329913 -3.62274277274953
"KRT33B" -2.07573912908541 0.421834264019887 -2.40062709985934 0.0204821014181606 0.211872229423923 -3.74082258553704
"P29279" 0.821103660242473 0.375357173522509 2.38372000711062 0.0213354692716479 0.217140017909836 -3.77653721536757
"APOB" -2.40694651298168 1.56865439369341 -2.3538145972978 0.0229235268829606 0.229599134335685 -3.83923051186289
"Q08554" 1.01237592511312 0.505329989393162 2.22459465915582 0.031070984691813 0.298469227136127 -4.10296023929425
"HBG1" 0.629166427390091 0.477156268145192 2.22254563124178 0.0312186513327804 0.298469227136127 -4.10704691042037
"HBG2" 0.629166427390091 0.477156268145192 2.22254563124178 0.0312186513327804 0.298469227136127 -4.10704691042037
"P02787" -2.46101233318377 0.814725741700157 -2.2082266032032 0.0322680470674275 0.303897577605175 -4.13552119405372
"MYH9" -1.71158433214709 1.83979858127324 -2.16208413409873 0.0358650521398385 0.332806586768207 -4.22626985296361
"PIP" 0.842546563854472 0.463104733121213 2.04130480402703 0.0469994825173226 0.429806861861312 -4.45639226436356
"P68371" -1.39711505887368 1.45345865388749 -2.0047251128235 0.0509175160818377 0.458605584995443 -4.52393067256194
"P68133" 2.43626698741756 1.11980822651831 1.99735118635499 0.0517406907083488 0.458605584995443 -4.53742213003149
"TUBA1A" -1.92991301469717 1.19948842838369 -1.99013416948915 0.0525574605413294 0.458605584995443 -4.55058626477645
"FLG2" 0.905992257911014 0.546101704521524 1.98351769540675 0.0533160230884195 0.458605584995443 -4.56261994468447
"RAP1BL" 1.27080934146382 0.558280460192407 1.97948836604329 0.0537825884146795 0.458605584995443 -4.56993182033866
"H2BC18" 0.838708800435236 0.730843712997558 1.93375258468324 0.0593298798013739 0.499144540892027 -4.65204986418583
"P62826" 0.675738921199939 0.748294253470853 1.92730274999806 0.060150361007131 0.499144540892027 -4.66350014201972
"KRT84" -1.78052458706996 0.579494009436698 -1.92056696520533 0.0610175711613416 0.499144540892027 -4.67542350034167
"P26038" 1.3724856858123 1.1333406550057 1.91531680513696 0.0617009099676357 0.499144540892027 -4.68469255190832
"P00488" -0.796746285135257 0.373297292501453 -1.90265289056981 0.0633761641414522 0.506207083205776 -4.7069618335725
"QSOX1" 0.567257626478563 0.805070645396471 1.8402586853273 0.0722073490919204 0.569535465962522 -4.81483959835131
"P68871" -1.2880225352833 0.444238308283867 -1.7996077568101 0.0785042477425778 0.609301448574321 -4.88346107962983
"P00751" 1.3316962096908 0.338174304148422 1.79540884698004 0.0791802199415123 0.609301448574321 -4.89047371461255
"P36955" -1.1600204624091 0.746790949493321 -1.76199552984649 0.0847354586098192 0.643036760119422 -4.94577123055137
"RPL22" 0.572837993692434 0.348742198865514 1.75690138078698 0.0856103691399061 0.643036760119422 -4.95412251487842
"HGFAC" -0.656604981557264 0.363443167339019 -1.74856121962935 0.0870590501307505 0.643036760119422 -4.9677498107018
"eDIL3" -1.10259949053491 0.874239341804051 -1.74524623826178 0.0876405093031225 0.643036760119422 -4.97315058408376
"DCD" 0.677338889618424 0.409362076418307 1.70339434908019 0.0952636597564117 0.69093527938271 -5.04056463123175
"ILK" -1.15735863225192 0.589892980239292 -1.67784545054952 0.100181353683628 0.718345842890557 -5.08101195315272
"P19823" -0.810741305904311 1.72378064659439 -1.65034153914084 0.105707082627637 0.748161964953966 -5.12395161548062
"P54652" -1.10870166685288 0.339616098038885 -1.64547233706541 0.106710898329409 0.748161964953966 -5.13148812398964
"KPRP" 1.41005565880805 0.531270244173194 1.63522492703044 0.108848960467303 0.754765868734815 -5.14728451797347
"PKM" 0.753194087373077 1.39826985526521 1.62528356669409 0.11095648926832 0.76101679052511 -5.16252546953229
"IGHG4" 1.3724856858123 0.354738482674643 1.60891697398284 0.114498528122933 0.776866357479255 -5.18743688595873
"P07900" -1.10259949053491 1.26570801424459 -1.59925258683817 0.116632893378832 0.782929316191947 -5.20204152745587
"CASP14" -0.918659572102125 0.43547856288609 -1.52715485755519 0.133591394223631 0.887328102685377 -5.30850697581387
"P02753" -0.958656568332408 0.304305999228133 -1.51295754712705 0.13715267234257 0.901493085918348 -5.32895151016028
"P02751" -1.71158433214709 0.622009498720353 -1.46115502243234 0.150791869556764 0.980924429797091 -5.40208284622569
"P62851" -0.633242584671049 0.538293948984258 -1.43486008795622 0.158112592313449 0.984617779648897 -5.43831850915067
"APOM" 0.954089370720382 0.449846401681055 1.40651805328332 0.166311499334152 0.984617779648897 -5.47670265943219
"P08238" -1.10259949053491 1.08591880466753 -1.38976219425692 0.171311834751189 0.984617779648897 -5.49906577912762
"IGHG2" 1.3724856858123 0.404079427542237 1.38421988702826 0.172991136997448 0.984617779648897 -5.50640870716336
"RPS4X" 0.756163348061748 0.513292028294379 1.34615167351376 0.184870991895446 0.984617779648897 -5.55611554234525
"S100A7" 0.619352015758889 0.524428888572263 1.30143877374525 0.199609208295707 0.984617779648897 -5.61286407356743
"SeRPINB12" 0.64794541171797 0.57571456833276 1.30095550077968 0.199773215010518 0.984617779648897 -5.61346773925029
"HBe1" 0.629166427390091 0.355476418673161 1.24240783556125 0.220402400359331 0.984617779648897 -5.68505789012073
"P05109" 0.727876849850488 0.687321161041491 1.24196459400186 0.220564385949301 0.984617779648897 -5.68558815942137
"P35625" 0.247505866501312 0.334972889619899 1.22741062238051 0.225932321231032 0.984617779648897 -5.70290154633639
"Q06033" -0.946791383655734 0.590504811827602 -1.20133830642229 0.23578826595791 0.984617779648897 -5.73343968600003
"VTN" 0.484068360255524 1.30500717022259 1.18964336959949 0.240309933770502 0.984617779648897 -5.74693814511721
"P02788" -0.590878895459759 1.24423163318215 -1.15489886901848 0.254114787765783 0.984617779648897 -5.78630856074165
"P62937" 0.481581267583253 0.554483106393435 1.13804732887693 0.261011987996614 0.984617779648897 -5.80500788597298
"P02649" 0.597699411930721 0.591694934187602 1.07842935716898 0.286482535738748 0.984617779648897 -5.86907573628875
"Q14624" -0.976479441336388 0.627085872180991 -1.07024190017228 0.290111605872482 0.984617779648897 -5.87761906800341
"FHL1" -0.46072886170773 0.658231571395055 -1.04248054981497 0.302654025189563 0.984617779648897 -5.90612614397351
"Q02413" 0.818731676636918 0.973412188118829 1.03658844157696 0.305363289705706 0.984617779648897 -5.91208476088323
"P05543" -0.514604707614384 0.424580065328214 -1.01627348003999 0.314831489844965 0.984617779648897 -5.93238203272617
"P02768" -0.476069609886625 3.23301415862248 -1.00656616953793 0.319425447062955 0.984617779648897 -5.94194545999168
"LIMS1" -0.329142754826963 0.626390033840329 -0.912736082710527 0.366155346450386 0.984617779648897 -6.02984546758082
"P13929" 0.622459756423367 0.395447519903641 0.89807458732682 0.373837210843131 0.984617779648897 -6.04283336496848
"P00747" -0.815402759607777 1.01723332705427 -0.890764794308448 0.377705374360133 0.984617779648897 -6.04923296771533
"P63261" -0.286135083597518 2.45979019689723 -0.876253452596246 0.385459591877865 0.984617779648897 -6.06178777379119
"P60709" -0.286135083597518 2.45979019689723 -0.876253452596246 0.385459591877865 0.984617779648897 -6.06178777379119
"P14923" 0.757826561938707 0.931804160540682 0.819945775286158 0.416488783726789 0.984617779648897 -6.10861352866807
"Q08188" -0.618795842336453 0.494699043019943 -0.818993099106299 0.417026554728276 0.984617779648897 -6.10937985275372
"RPL30" 0.279997334951346 0.316838166991133 0.817758194861991 0.417724268214223 0.984617779648897 -6.11037191182454
"P19827" -0.697394457678764 0.489176403833407 -0.809462153113689 0.422429871530402 0.984617779648897 -6.11699885324434
"P05452" 0.39206956145798 0.63467875107243 0.796966126151339 0.429578009454958 0.984617779648897 -6.12685687670672
"SYNCRIP" 0.466235350297895 0.978798074633221 0.778521641059893 0.44026051231128 0.984617779648897 -6.14113507565776
"HRNR" 0.316072841154619 0.465822623919104 0.762857789966415 0.449454958664086 0.984617779648897 -6.15300518949023
"ANXA2" 0.435973143581781 1.02910085649948 0.72436906550786 0.472519038314072 0.984617779648897 -6.18117265695208
"PGK2" 0.316072841154619 0.431077244658023 0.723393112158065 0.473112501081675 0.984617779648897 -6.18186839338277
"HBD" 0.599450212152701 0.814906290238242 0.715639676280524 0.477842273947736 0.984617779648897 -6.18736308966129
"DSP" 0.693316803144938 1.36211428931009 0.704704034543086 0.484558440654599 0.984617779648897 -6.19501455607152
"H4C1" 0.312927153312643 0.852768548672937 0.617492543683494 0.539964383425235 0.984617779648897 -6.25190058914129
"P02774" -0.571380542847967 0.817341281900046 -0.599801209473741 0.551591263221674 0.984617779648897 -6.26254079859497
"P01023" -0.665084253194241 2.29391897658004 -0.592460051155685 0.556452979648778 0.984617779648897 -6.26686669474624
"P08697" 0.296288578416448 0.422768746850354 0.567571738977337 0.57309429670567 0.984617779648897 -6.28114204221813
"P0DMV8" -0.443399545962963 0.839672292936283 -0.567548553580327 0.573109912463756 0.984617779648897 -6.28115505940199
"P0DMV9" -0.443399545962963 0.839672292936283 -0.567548553580327 0.573109912463756 0.984617779648897 -6.28115505940199
"P00558" 0.316072841154618 0.750630568987068 0.561896291008508 0.576923014784468 0.984617779648897 -6.28431281760805
"P07996" -0.425142631952042 1.8511055360765 -0.548457672568521 0.586038183461505 0.984617779648897 -6.29169543413811
"P62979" 0.230716376902284 0.649622135978336 0.54099269840675 0.591131186862962 0.984617779648897 -6.29572020514401
"UBB" 0.230716376902286 0.577739721944097 0.53925449958457 0.592320089676411 0.984617779648897 -6.29664954871186
"P0CG48" 0.230716376902286 0.577739721944097 0.53925449958457 0.592320089676411 0.984617779648897 -6.29664954871186
"P02771" -0.294079129830391 1.20445681963199 -0.538242904451401 0.593012527386956 0.984617779648897 -6.29718904812467
"CTSD" 0.247505866501311 0.404874234398911 0.525030678391289 0.602091283191702 0.984617779648897 -6.30414348650698
"P06396" -0.473115604694688 1.8637240805787 -0.512455873690805 0.610791674089202 0.984617779648897 -6.31060382840834
"AZGP1" 0.306390696733579 0.618569799322471 0.498090175002444 0.620801044820468 0.984617779648897 -6.31779480170758
"P06733" 0.296695078605922 1.00307738353785 0.492077454433563 0.62501221373856 0.984617779648897 -6.32074453931768
"P02647" 0.422792895171957 0.803771327597334 0.484148187034031 0.630585060636956 0.984617779648897 -6.32458031357591
"P04406" 0.312402028176866 1.46040235764334 0.482461261205985 0.631773485959578 0.984617779648897 -6.32538840787856
"LYZ" 0.234490962354087 0.618327282928133 0.478410288608782 0.634631375399849 0.984617779648897 -6.32731755938273
"P62987" 0.230716376902286 0.600125432816278 0.473935222676407 0.637795006669029 0.984617779648897 -6.32942995402947
"P02765" -0.538474659273108 1.06939274474532 -0.472463867515583 0.638836670128277 0.984617779648897 -6.33012019418868
"SeRPINB3" -0.370447588054144 0.783301319974117 -0.458738500087776 0.648588956587923 0.984617779648897 -6.33645662820023
"P01008" 0.371875444583259 1.58182119686144 0.443239725136524 0.659676548402557 0.984617779648897 -6.34338928332067
"KRT9" 0.197916197693135 2.75795260815414 0.441600248840302 0.660853990996168 0.984617779648897 -6.34410881615515
"P07737" 0.124039785760065 0.41744026887899 0.435340504368418 0.665357586602702 0.984617779648897 -6.34683177542197
"IQGAP1" -0.354863708558623 0.787962784654897 -0.423758266304073 0.673723338811475 0.984617779648897 -6.35176833644146
"P00734" 0.400361932052169 0.971546688862607 0.402240301948677 0.689376092569014 0.984617779648897 -6.36058904470928
"P08727" 0.374370434767599 1.29650660735389 0.396846756329251 0.693321462133464 0.984617779648897 -6.36272847547224
"PZP" -0.461197159643015 1.58382233784497 -0.385154382475512 0.701903842858187 0.984617779648897 -6.36726794329301
"HSPA6" 0.265649027931209 0.711514689119529 0.38272579887163 0.703691442336078 0.984617779648897 -6.36819390843455
"KRT3" 0.242666454405701 1.58048859238809 0.361988083156985 0.719023806437731 0.984617779648897 -6.37586367669802
"KRT6A" 0.33277761208067 2.4219735959836 0.339483152148715 0.735795759097113 0.984617779648897 -6.38370646664534
"S100A9" 0.203484263635691 0.734901277775447 0.31536939369448 0.753912000257221 0.984617779648897 -6.39155420189629
"P09429" 0.217702847463524 1.13960692870907 0.30705196436223 0.760193934043119 0.984617779648897 -6.39412762423299
"P01024" -0.252734313870782 2.16965196404416 -0.303336953643896 0.763005099169365 0.984617779648897 -6.39525492610897
"KRT16" -0.222533863514941 2.30697925096178 -0.301663859026349 0.764272195106434 0.984617779648897 -6.39575815534683
"SLC2A1" 0.0688319848804491 0.273565477653511 0.285080518792267 0.776866116763806 0.984617779648897 -6.40059611670469
"P18065" -0.126068460414558 0.31297054960441 -0.280275957693883 0.780526371427274 0.984617779648897 -6.40194687561229
"ALB" 0.0688319848804491 7.83356785233269 0.276819673397328 0.783162585611743 0.984617779648897 -6.40290442999811
"RPL12" 0.0840502484336318 0.361472331618091 0.274793629767028 0.784709109968664 0.984617779648897 -6.40346023507491
"KRT77" -0.260415290458179 1.11212838504281 -0.25646831597685 0.798736414844989 0.984617779648897 -6.40830253525074
"O43505" 0.0688319848804492 0.29264576963563 0.247943684440021 0.805284935167575 0.984617779648897 -6.41044158373587
"P16402" -0.116674044451556 0.535435086540311 -0.247655377327886 0.805506658995775 0.984617779648897 -6.41051266693541
"CLeC11A" 0.0688319848804492 0.313556625083039 0.247481004399496 0.805640769090051 0.984617779648897 -6.41055561920799
"P08729" -0.18807580424096 0.723712998452794 -0.246782389342874 0.806178132620087 0.984617779648897 -6.41072740242345
"P16070" 0.0688319848804491 0.292146950984891 0.237189276375079 0.813566457035213 0.984617779648897 -6.41303727495281
"PARVB" 0.0688319848804492 0.408945657906606 0.229149053998344 0.819772050396133 0.984617779648897 -6.41490287427631
"BLMH" -0.0764842187108794 0.34131178630279 -0.227284263016877 0.821213013614508 0.984617779648897 -6.41532639922949
"NeFH" 0.158114826825942 0.384919047854502 0.226829704972483 0.821564354875047 0.984617779648897 -6.41542911351292
"P08603" 0.204855829021451 0.361869046592644 0.217081483206759 0.829107825994192 0.984617779648897 -6.4175824906867
"KRT4" 0.138760552280447 0.841445248595557 0.216486417000885 0.829568841678154 0.984617779648897 -6.41771088425053
"O00299" 0.0688319848804492 0.309808546473659 0.213009160912827 0.832263983646758 0.984617779648897 -6.41845411678218
"P35443" 0.0688319848804491 0.314705057137273 0.210705613963667 0.834050534906352 0.984617779648897 -6.41893986586377
"COL3A1" 0.0688319848804491 0.302753326489726 0.210225834186532 0.83442274720737 0.984617779648897 -6.41904037379543
"P61981" 0.0688319848804492 0.3862453650712 0.209587978069308 0.834917654186081 0.984617779648897 -6.41917364267599
"O95678" 0.224449715352721 1.40815289159792 0.203343282911345 0.839766395784248 0.984617779648897 -6.4204570133441
"P07195" 0.0688319848804491 0.331726118496806 0.200845068721549 0.841707925169191 0.984617779648897 -6.4209595803449
"MFGe8" 0.0688319848804491 0.28800563179801 0.196410065471621 0.845157105965518 0.984617779648897 -6.42183649515784
"P50395" 0.0688319848804492 0.305060164883725 0.195669155766407 0.845733625561587 0.984617779648897 -6.42198108673945
"C4A" 0.134019344902936 1.69571761681544 0.192915647776414 0.847876941546035 0.984617779648897 -6.42251366403623
"ACTB" 0.0688319848804492 4.58489953713887 0.190858347225285 0.849479093142432 0.984617779648897 -6.42290666426106
"ACTG1" 0.0688319848804492 4.58489953713887 0.190858347225285 0.849479093142432 0.984617779648897 -6.42290666426106
"CST3" 0.0688319848804492 0.296271887536228 0.190729292973006 0.849579617430517 0.984617779648897 -6.4229311769074
"KRT14" 0.128913689339213 2.44276934440136 0.187805501237717 0.851857721658918 0.984617779648897 -6.42348208788571
"THBS3" 0.0688319848804492 0.323629307052341 0.18511069469264 0.853958541424767 0.984617779648897 -6.42398232771539
"AHSG" 0.0688319848804491 6.27250171719331 0.181364451916622 0.856880815726968 0.984617779648897 -6.42466575357414
"P00742" 0.0688319848804491 0.369009306496356 0.181043434716788 0.857131321614779 0.984617779648897 -6.42472366764945
"P21291" -0.0481864860784889 0.410715326481604 -0.180341410151765 0.857679198506104 0.984617779648897 -6.42484996150566
"GC" 0.0688319848804491 4.99867536177431 0.178470126202319 0.859139938913895 0.984617779648897 -6.4251842108442
"P61204" 0.0688319848804492 0.540338427439164 0.177538688048403 0.859867213607862 0.984617779648897 -6.42534928690824
"LOXHD1" 0.0688319848804492 0.305129942147082 0.176619985754831 0.860584664346371 0.984617779648897 -6.42551126086849
"AFP" 0.0688319848804491 5.63990601640145 0.175161237506325 0.861724102208191 0.984617779648897 -6.42576672479728
"SeRPINA1" 0.0688319848804492 6.29018619540095 0.174795999918241 0.86200943832937 0.984617779648897 -6.42583035600104
"GALK1" 0.0688319848804492 0.276395954789196 0.172310701182032 0.863951530893994 0.984617779648897 -6.42625981933847
"TF" 0.0688319848804491 6.43319179890424 0.172246770674591 0.864001499511205 0.984617779648897 -6.42627078560034
"FTH1" 0.0688319848804491 0.282484824372127 0.172240575071209 0.864006342076292 0.984617779648897 -6.42627184814156
"HBBF" 0.0688319848804491 5.04709494072043 0.1701965155431 0.865604292848774 0.984617779648897 -6.42662031914783
"P37802" 0.0688319848804492 0.354293361291635 0.169322128645614 0.866288021673865 0.984617779648897 -6.4267681157384
"P02675" 0.0688319848804491 0.361465457081215 0.167221224215185 0.867931250287291 0.984617779648897 -6.4271201211419
"P31946" 0.0688319848804492 0.416300648724564 0.164986414214992 0.86967986056741 0.984617779648897 -6.42748974437963
"A2M" 0.0688319848804491 6.85398639709391 0.164252238167245 0.870254455223495 0.984617779648897 -6.42761008849193
"ADAMTS13" 0.0688319848804491 0.332982228000967 0.162626269205394 0.871527253070251 0.984617779648897 -6.42787470454574
"SeRPINF1" 0.0688319848804491 4.38231994384435 0.161661253260077 0.872282823990657 0.984617779648897 -6.4280305113413
"P84077" 0.0688319848804492 0.497523308665411 0.161518382108859 0.872394696936365 0.984617779648897 -6.42805349991043
"PYGL" 0.0688319848804491 0.289094199092255 0.160933748571146 0.872852512221691 0.984617779648897 -6.42814735839202
"GSN" 0.0688319848804492 4.6420356331314 0.160647324541782 0.873076821438508 0.984617779648897 -6.42819321752496
"ITIH2" 0.0688319848804491 0.271640739549629 0.159063710590684 0.874317197653813 0.984617779648897 -6.42844529599695
"A1BG" 0.0688319848804491 4.15117798268516 0.158628882604787 0.874657835554293 0.984617779648897 -6.42851407510122
"P63104" 0.0688319848804491 0.884129142970355 0.158523996886494 0.874740005090402 0.984617779648897 -6.42853063729208
"ARHGDIB" 0.0688319848804493 0.279676009478865 0.158332730750134 0.874889850337646 0.984617779648897 -6.42856081138633
"RAB8A" 0.0688319848804492 0.302377082886402 0.156268748221852 0.876507147337291 0.984617779648897 -6.42888410970445
"CKB" 0.0688319848804492 0.278064743634779 0.154789572257643 0.877666529315048 0.984617779648897 -6.4291131984291
"ARF4" 0.0688319848804492 0.30652531458429 0.154265320372794 0.878077504516449 0.984617779648897 -6.42919387003314
"P27348" 0.0688319848804491 0.290054174300835 0.152921607947842 0.87913103169057 0.984617779648897 -6.42939939137233
"eIF4A1" 0.0688319848804491 0.281091213558205 0.152803742191805 0.879223453986701 0.984617779648897 -6.42941733330123
"P61284" 0.0688319848804492 0.272669072133968 0.152640204776794 0.879351691701818 0.984617779648897 -6.42944220463656
"MYH14" 0.0688319848804491 0.505922711842503 0.152467905145249 0.879486803837739 0.984617779648897 -6.42946837977871
"P13645" -0.0599464067184945 2.97643993189695 -0.151816337029431 0.879997776497572 0.984617779648897 -6.42956709666577
"TRPC4" 0.0688319848804491 0.269665615237759 0.150696263628908 0.880876280835839 0.984617779648897 -6.42973580818017
"HBA" 0.0688319848804491 4.52126570357216 0.150372991605862 0.881129860177116 0.984617779648897 -6.42978426907354
"FLNC" 0.0688319848804492 0.271711608969947 0.148138163629683 0.882883235128286 0.984617779648897 -6.43011644278558
"KRT13" -0.0879597092179587 1.5651524960697 -0.14677949683445 0.883949492263968 0.984617779648897 -6.43031595960697
"UBA1" 0.0688319848804492 0.371507614924474 0.146585714049905 0.884101587233447 0.984617779648897 -6.43034426647358
"O75083" 0.0688319848804491 0.280586141774954 0.146128215395712 0.884460683292577 0.984617779648897 -6.43041094747773
"PGAM1" 0.0688319848804491 0.402911325504952 0.145242970978943 0.885155591575485 0.984617779648897 -6.43053938165859
"P49747" 0.0688319848804492 0.476961206766378 0.144737380688286 0.885552516030856 0.984617779648897 -6.43061238455337
"PFKL" 0.0688319848804491 0.353274024389126 0.144604607545531 0.885656757344702 0.984617779648897 -6.4306315136904
"SeRPINA5" 0.0688319848804492 4.39741935957571 0.14425101218599 0.885934378008613 0.984617779648897 -6.43068237197898
"C3" 0.0688319848804492 6.60985039740058 0.143753271655067 0.886325196825334 0.984617779648897 -6.43075375213763
"MAPRe2" 0.0688319848804492 0.42282012260482 0.143587120452189 0.886455662760298 0.984617779648897 -6.43077752473591
"FeTUB" 0.0688319848804492 4.53036562922424 0.142491138328681 0.88731633385627 0.984617779648897 -6.43093364761752
"UTRN" 0.0688319848804493 0.277898308571694 0.142064080548357 0.887651738130455 0.984617779648897 -6.43099415850724
"MBL" 0.0688319848804491 0.373473500404577 0.139754148872641 0.889466279800716 0.984617779648897 -6.4313183131969
"HSP90B1" 0.0688319848804491 0.401908665735753 0.139115569373913 0.889968014961877 0.984617779648897 -6.43140698885993
"CATHL2" 0.0688319848804492 0.348458948683919 0.138956503368859 0.890093001022014 0.984617779648897 -6.43142901426689
"GNPTG" 0.0688319848804492 0.334506007324156 0.138941536585033 0.890104761312675 0.984617779648897 -6.43143108537799
"AKR1A1" 0.0688319848804491 0.457750447432581 0.138100694576031 0.890765500844634 0.984617779648897 -6.4315470834994
"AGT" 0.0688319848804492 5.10974841269168 0.13802179056469 0.890827508198083 0.984617779648897 -6.43155793257337
"TIe1" 0.0688319848804493 0.329321550699608 0.137671797273745 0.891102561557208 0.984617779648897 -6.43160598095595
"TLN1" -0.0711529329568057 2.71389669310979 -0.135537609751726 0.892780072404868 0.984617779648897 -6.43189633234649
"P80209" 0.0688319848804493 0.368808821772609 0.1354470238868 0.892851285589923 0.984617779648897 -6.43190855607606
"GPX3" 0.0688319848804492 0.481329126730382 0.135419813113844 0.892872677245273 0.984617779648897 -6.43191222632484
"HNRNPR" 0.0688319848804492 0.274976810390274 0.135266868081348 0.892992915952918 0.984617779648897 -6.43193284217685
"TTR" 0.0688319848804491 3.61322770476154 0.134599607431105 0.893517516832308 0.984617779648897 -6.43202251163607
"SeRPINA3-7" 0.0688319848804491 4.02428387310896 0.134143471325483 0.89387615912737 0.984617779648897 -6.4320835542758
"Q86UX7" 0.0688319848804492 0.290262389270065 0.134103116843062 0.893907889386818 0.984617779648897 -6.43208894476528
"P62258" 0.0688319848804491 0.499107347535886 0.133957069500063 0.894022726176972 0.984617779648897 -6.4321084399984
"COL6A3" 0.0688319848804493 0.260466421892031 0.133050657604825 0.894735487609009 0.984617779648897 -6.43222895836792
"APOA1" 0.0688319848804491 5.65700133956763 0.132388366122201 0.8952563393093 0.984617779648897 -6.43231650103821
"COLGALT1" 0.0688319848804491 0.276744504294037 0.132225713908322 0.895384262460414 0.984617779648897 -6.43233793388395
"MAN2B1" 0.0688319848804492 0.257721982999801 0.132108118946577 0.895476750613051 0.984617779648897 -6.43235341309202
"CA2" 0.0688319848804491 0.345645323777982 0.131326107334935 0.896091838121448 0.984617779648897 -6.43245600044431
"ITIH4" 0.0688319848804492 5.50207756163405 0.130408096226008 0.896813977692159 0.984617779648897 -6.43257565217978
"B4GAT1" 0.0688319848804491 0.601513335851212 0.130199763889833 0.896977871493566 0.984617779648897 -6.43260268903706
"TIMP3" 0.0688319848804492 0.303581002833819 0.130095732175885 0.897059714320364 0.984617779648897 -6.43261617384659
"PGM1" 0.0688319848804492 0.393637497378766 0.130034591306115 0.897107815003766 0.984617779648897 -6.43262409402951
"FLNB" 0.0688319848804492 0.413331594768217 0.12944866607634 0.897568793291864 0.984617779648897 -6.43269980607382
"C4" 0.0688319848804492 4.59241938916497 0.129125127131221 0.897823353763506 0.984617779648897 -6.43274146668604
"MYH11" 0.0688319848804492 0.652544957969425 0.12813594899377 0.898601706475829 0.984617779648897 -6.43286819241784
"SeRPINF2" 0.0688319848804491 4.3277909011828 0.127805375432386 0.898861846767709 0.984617779648897 -6.4329103258067
"S100A12" 0.0688319848804492 0.286516449992109 0.127655217983243 0.898980014805088 0.984617779648897 -6.43292942826486
"ORM1" 0.0688319848804491 3.86425014046426 0.126598960885922 0.899811313041601 0.984617779648897 -6.43306316714655
"ANG1" 0.0688319848804492 0.327357710119103 0.126142307387823 0.900170744891123 0.984617779648897 -6.43312064291148
"COLeC11" 0.0688319848804491 0.487477162491397 0.125509350063345 0.900668980393871 0.984617779648897 -6.43319996558956
"LPA" 0.0688319848804491 0.288490087895019 0.125126618597833 0.900970268996799 0.984617779648897 -6.43324773632711
"P51884" 0.0688319848804491 0.355631198281322 0.124827760141068 0.90120554249277 0.984617779648897 -6.43328493706105
"ACe" 0.068831984880449 0.353554485651329 0.124593755646964 0.901389766578878 0.984617779648897 -6.43331400297393
"PYGB" 0.0688319848804491 0.383107542668964 0.124273348639824 0.901642021435265 0.984617779648897 -6.43335371262081
"HP252" 0.0688319848804492 0.395237456647379 0.124052068231503 0.901816240400641 0.984617779648897 -6.43338107736017
"ACO1" 0.0688319848804492 0.368919030414894 0.123558083138388 0.902205183415588 0.984617779648897 -6.43344199040767
"B2M" 0.0688319848804491 0.513877245340613 0.123276127158263 0.902427194532027 0.984617779648897 -6.433476649376
"ACTN3" 0.0688319848804491 0.28601249898022 0.122822778343482 0.902784176263788 0.984617779648897 -6.43353221062702
"AOCY" 0.0688319848804493 0.299076449280129 0.122660848113965 0.902911690365036 0.984617779648897 -6.43355200679111
"GSTP1" 0.0688319848804491 0.538057025454663 0.121812602225676 0.903579695005118 0.984617779648897 -6.4336552794235
"LYSM" 0.0688319848804492 1.03729602438514 0.121797086908253 0.903591914176956 0.984617779648897 -6.43365716171998
"HPX" 0.0688319848804491 4.43467162277725 0.121613396123306 0.903736582636318 0.984617779648897 -6.43367942861646
"KNG1" 0.0688319848804491 4.54464354662345 0.120694198098928 0.904460560453786 0.984617779648897 -6.43379034876627
"RAN" 0.0688319848804492 0.736928979129569 0.120444406982004 0.90465731488427 0.984617779648897 -6.43382034587841
"CLIC1" 0.0688319848804492 0.656642505144377 0.120206714253997 0.904844545320757 0.984617779648897 -6.4338488324423
"APOH" 0.0688319848804491 3.60746490795528 0.119658551335252 0.905276353778009 0.984617779648897 -6.43391431327819
"ADIPOQ" 0.0688319848804491 2.93752513994763 0.119532330635315 0.905375786652557 0.984617779648897 -6.43392934861588
"IGFBP4" 0.0688319848804492 0.316080397760248 0.118956079168354 0.905829759686656 0.984617779648897 -6.43399778989496
"ARF1" 0.0688319848804492 0.648213854274732 0.118777234933352 0.905970660306664 0.984617779648897 -6.43401896398027
"HPD" 0.0688319848804492 0.415668077339158 0.118494947820826 0.906193063570268 0.984617779648897 -6.43405232029606
"LRP1" 0.0688319848804493 0.614868001325349 0.118274610770769 0.906366664020983 0.984617779648897 -6.43407830119498
"P35580" 0.0688319848804491 0.441271939685429 0.11810307909285 0.906501814607804 0.984617779648897 -6.43409849378594
"ANXA5" 0.0688319848804491 0.794981727204845 0.117625216303598 0.906878339602555 0.984617779648897 -6.43415459301598
"ReG1" 0.0688319848804492 0.282004772270175 0.11673075255025 0.907583177272898 0.984617779648897 -6.43425898864133
"WDR1" 0.0688319848804491 0.49446527816826 0.116553880591961 0.907722561342882 0.984617779648897 -6.43427953760235
"CAPN1" 0.0688319848804492 0.388832623725532 0.116332901575609 0.907896708134658 0.984617779648897 -6.4343051671581
"Q32Le4" 0.0688319848804492 0.358614391703744 0.116189846412662 0.908009447964302 0.984617779648897 -6.43432173304136
"GAPDHS" 0.0688319848804491 0.322370115713481 0.116149222812896 0.908041463220235 0.984617779648897 -6.43432643356747
"LOX" 0.0688319848804493 0.69202037673911 0.115811644872231 0.908307512672038 0.984617779648897 -6.43436543091155
"PCYOX1" 0.0688319848804491 0.410504855434628 0.115262068553932 0.908740663446811 0.984617779648897 -6.4344286758532
"CORO1A" 0.0688319848804491 0.546552496626269 0.114932803253279 0.909000188646811 0.984617779648897 -6.43446642349592
"ALDOB" 0.0688319848804491 0.356123696946491 0.113894298872698 0.909818797996606 0.984617779648897 -6.43458477275422
"CSRP1" 0.0688319848804492 0.533260908749307 0.113818386229474 0.909878640632549 0.984617779648897 -6.43459338174657
"SePTIN7" 0.0688319848804491 0.378903709138505 0.113646077193638 0.910014475392309 0.984617779648897 -6.43461290143437
"ARF3" 0.0688319848804493 0.662656135431604 0.113368868607597 0.91023301032708 0.984617779648897 -6.43464424243668
"CD44" 0.0688319848804491 0.274022207389356 0.112714681193832 0.910748760967362 0.984617779648897 -6.43471790111541
"APOA2" 0.0688319848804491 2.08661494538222 0.11121476868949 0.911931413703727 0.984617779648897 -6.43488517658694
"HNRNPK" 0.0688319848804493 0.431388864781368 0.111162919856299 0.911972299150718 0.984617779648897 -6.43489091890189
"C4B" 0.134019344902936 0.648270272682259 0.110851303934626 0.912218029250834 0.984617779648897 -6.43492537432916
"GDF6" 0.068831984880449 0.295749412812816 0.110772553285673 0.912280130804438 0.984617779648897 -6.43493406650038
"Q08380" 0.0688319848804491 0.393787616540834 0.109900160349366 0.912968123425168 0.984617779648897 -6.43502994459979
"ACO2" 0.0688319848804492 0.361765483052936 0.109612540754131 0.913194962798988 0.984617779648897 -6.43506138861556
"VASP" 0.0688319848804492 0.502140227184709 0.109155209146941 0.913555665413656 0.984617779648897 -6.43511121681454
"IGFBP6" 0.0688319848804493 0.599377808165143 0.108432170827139 0.914125971419829 0.984617779648897 -6.4351895700508
"FKBP4" 0.0688319848804492 0.307773610383954 0.108281038680305 0.914245184674648 0.984617779648897 -6.43520588197067
"RAC1" 0.0688319848804492 0.591880443610741 0.108266244357609 0.914256854564809 0.984617779648897 -6.43520747752224
"SeRPIND1" 0.0688319848804492 0.688028441939677 0.108173099727374 0.914330328296114 0.984617779648897 -6.43521751806439
"COL10A1" 0.0688319848804492 0.836743477537966 0.108019313796522 0.914451638351945 0.984617779648897 -6.43523407654358
"ASL" 0.0688319848804492 0.347499488022769 0.107902256804706 0.91454397711374 0.984617779648897 -6.43524666455315
"AMBP" 0.0688319848804492 3.34141423414827 0.107836825719138 0.914595592024619 0.984617779648897 -6.43525369490109
"KRT76" 0.11350903812733 1.50032032286503 0.10774796681864 0.914665688419395 0.984617779648897 -6.43526323566358
"NCAM1" 0.0688319848804492 0.308761910501216 0.107743814626082 0.914668963895654 0.984617779648897 -6.43526368129143
"POTee" 0.0688319848804491 1.22222899345803 0.107452820729111 0.914898519499303 0.984617779648897 -6.43529486902318
"GDI2" 0.0688319848804492 0.851446839452645 0.107290287418586 0.915026739924858 0.984617779648897 -6.4353122520949
"RPS25" 0.0688319848804492 0.528543909319453 0.106847160799998 0.915376328373266 0.984617779648897 -6.43535951125487
"RASA1" 0.0688319848804491 0.310522415542501 0.105843691301784 0.916168041121052 0.984617779648897 -6.43546580801292
"CTSC" 0.0688319848804492 0.512298981811556 0.104868949101334 0.916937170997177 0.984617779648897 -6.43556810183886
"POTeI" 0.0688319848804492 0.510637212644928 0.104016354342508 0.917609985116946 0.984617779648897 -6.43565680139955
"OMD" 0.0688319848804491 0.579161880070687 0.103929051470517 0.91767888249734 0.984617779648897 -6.43566584309215
"PRDX2" 0.0688319848804492 0.559004630605749 0.103827226740888 0.917759240994171 0.984617779648897 -6.43567637918261
"RAB1B" 0.0688319848804492 0.359511205731281 0.103662531497581 0.917889217761737 0.984617779648897 -6.43569339881037
"P11021" 0.0688319848804492 0.437578763486024 0.103519979475294 0.918001721026243 0.984617779648897 -6.43570810835135
"P34931" 0.0688319848804491 0.704760182144938 0.103359767102754 0.918128164012994 0.984617779648897 -6.43572461606691
"COL2A1" 0.0688319848804492 0.598477585239702 0.103307554582257 0.918169371698758 0.984617779648897 -6.43572999033879
"CAPNS1" 0.0688319848804492 0.739184125827107 0.102806469492661 0.918564854596694 0.984617779648897 -6.43578142936504
"TCN2" 0.0688319848804491 0.440545433393437 0.10260972317152 0.918720142912042 0.984617779648897 -6.43580155806422
"ATIC" 0.0688319848804491 0.543629985578278 0.102354893177061 0.918921280380498 0.984617779648897 -6.43582757189447
"GAPDH" 0.0688319848804492 3.07871804506745 0.102350317097899 0.918924892331567 0.984617779648897 -6.43582803844378
"SULT1e1" 0.0688319848804492 0.516658063393535 0.101873527282382 0.919301237385052 0.984617779648897 -6.43587653478956
"RGN" 0.0688319848804491 1.02697867734299 0.101296792557529 0.919756497017741 0.984617779648897 -6.43593489448334
"GARIN1B" 0.0688319848804491 0.931787480834391 0.101275306705637 0.919773457925318 0.984617779648897 -6.43593706223454
"P01042" 0.0688319848804491 0.328975594078848 0.101153819171392 0.919869360758749 0.984617779648897 -6.43594931071143
"THBS1" 0.0688319848804491 3.82406536567389 0.101008653909053 0.919983956481298 0.984617779648897 -6.43596392712679
"HMGCR" 0.0688319848804492 0.299332174844075 0.100482933637263 0.920398982612059 0.984617779648897 -6.43601668532196
"eeF2" 0.0688319848804489 0.411835233384375 0.1002663194302 0.92056999367994 0.984617779648897 -6.43603834339869
"LUM" 0.0688319848804493 3.19119097981736 0.100113048511283 0.920690999224861 0.984617779648897 -6.43605363990099
"H1-3" 0.0688319848804493 1.0433624240056 0.100104636828113 0.92069764020237 0.984617779648897 -6.43605447871344
"FAM124B" 0.0688319848804492 0.542232326333978 0.0997573847320809 0.920971798798834 0.984617779648897 -6.43608904518311
"HABP2" 0.0688319848804493 1.13805930585204 0.0996591316403976 0.921049372244835 0.984617779648897 -6.43609880378626
"HP20" 0.0688319848804491 0.680981753881348 0.0996251449466567 0.92107620583 0.984617779648897 -6.4361021771439
"APOD" 0.0688319848804492 2.04941190125326 0.0995811700757773 0.921110925539223 0.984617779648897 -6.43610654017376
"CHI3L1" 0.0688319848804492 0.759499594345939 0.0994204229678101 0.921237842363093 0.984617779648897 -6.43612247254543
"PSMe4" 0.0688319848804492 0.337757591140528 0.0993771986268032 0.921271970211434 0.984617779648897 -6.43612675231582
"ASS1" 0.0688319848804491 0.346997363117123 0.0992462777880778 0.921375339884861 0.984617779648897 -6.43613970382656
"Q00610" 0.0688319848804492 0.270744400877645 0.0988703711678324 0.92167214780727 0.984617779648897 -6.43617679601932
"CATHL1" 0.0688319848804492 0.572803420151975 0.0987108942783309 0.921798070795773 0.984617779648897 -6.43619248972825
"Q9BUF5" 0.0688319848804492 0.589043054365598 0.09839895201868 0.922044386327203 0.984617779648897 -6.43622311394985
"IGF2" 0.0688319848804493 0.705943254415119 0.0981936226989013 0.922206522473766 0.984617779648897 -6.43624321881196
"CCN2" 0.0688319848804493 0.732630820155657 0.0979408538944714 0.92240612329786 0.984617779648897 -6.43626791107368
"CALD1" 0.0688319848804492 0.613608729397705 0.0977036264791164 0.922593456337305 0.984617779648897 -6.43629102727133
"P62736" 0.11076675218409 0.638998481544567 0.097468324102049 0.922779273600242 0.984617779648897 -6.43631390053242
"CFL2" 0.0688319848804493 0.374442757648552 0.0970302380411229 0.923125239846197 0.984617779648897 -6.4363563391117
"H4" 0.0688319848804492 1.60037448391229 0.0969856034840101 0.923160489587049 0.984617779648897 -6.43636065225497
"FTL" 0.0688319848804492 0.686434797671335 0.0968522894171788 0.923265774102597 0.984617779648897 -6.43637352289923
"ACTBL2" 0.0688319848804493 0.466625960054164 0.0965219933340314 0.92352663074729 0.984617779648897 -6.43640533469636
"CDH1" 0.0688319848804493 0.600999147693407 0.0964449428627731 0.923587483819575 0.984617779648897 -6.4364127400303
"CFL1" 0.0688319848804492 0.963123840118628 0.0964341417909643 0.923596014348177 0.984617779648897 -6.43641377765074
"GGH" 0.0688319848804489 0.577545365003286 0.0963615276342617 0.923653364183108 0.984617779648897 -6.43642075041817
"PeBP1" 0.0688319848804492 0.681304612077119 0.0963232054814993 0.923683630748709 0.984617779648897 -6.43642442818265
"H1-2" 0.0688319848804493 1.01099196772226 0.0960812036271797 0.923874764738451 0.984617779648897 -6.4364476192473
"SeRPINA3-2" 0.0688319848804493 4.68780865363659 0.0960791445886388 0.923876390994458 0.984617779648897 -6.436447816315
"CATHL3" 0.0688319848804492 0.337409403174493 0.0955015957991489 0.924332559654787 0.984617779648897 -6.43650292604264
"CFH" 0.0688319848804493 4.64711187182647 0.0954326015919727 0.924387055465461 0.984617779648897 -6.43650948726398
"SPON1" 0.0688319848804492 0.468705315670895 0.0953527096706401 0.924450159409911 0.984617779648897 -6.43651707891575
"DYNC1H1" 0.0688319848804491 0.327439591398445 0.0952278981243689 0.924548744839663 0.984617779648897 -6.43652892629084
"CFD" 0.0688319848804491 1.75420206290034 0.0950696197219769 0.924673766599534 0.984617779648897 -6.43654392810257
"OGN" 0.0688319848804493 0.903564955960522 0.0950510747967245 0.924688415086474 0.984617779648897 -6.43654568417964
"DSC1" 0.0688319848804492 0.453335524236637 0.0949522674269092 0.924766462675834 0.984617779648897 -6.4365550347861
"F13A1" 0.0688319848804491 1.66628805992448 0.0948435773651653 0.924852317432347 0.984617779648897 -6.43656530940987
"ARHGeF9" 0.0688319848804492 0.399278493642343 0.0946632029200877 0.924994797992483 0.984617779648897 -6.43658233449996
"H2B1" 0.0688319848804492 0.855501407010386 0.0945947557046628 0.925048866155926 0.984617779648897 -6.43658878658113
"O43707" 0.0688319848804491 0.363742985490342 0.0943517964744546 0.925240788600542 0.984617779648897 -6.43661165112524
"MPV17L" 0.0688319848804492 0.315558794847105 0.0943369775607947 0.925252494751802 0.984617779648897 -6.43661304381005
"SeRPINA7" 0.0688319848804493 3.61633860496395 0.0943000546348301 0.925281661966337 0.984617779648897 -6.4366165128837
"C1S" 0.0688319848804492 0.664569223577313 0.0942604890893313 0.925312916829688 0.984617779648897 -6.43662022873654
"ACTN4" 0.0688319848804492 0.364055589207912 0.0941691111737636 0.925385101409266 0.984617779648897 -6.43662880466243
"FAP" 0.0688319848804491 0.55780279319837 0.0940797320470338 0.92545570764649 0.984617779648897 -6.43663718495603
"H2BC12" 0.0688319848804492 0.94148834362549 0.0939807308792695 0.92553391565177 0.984617779648897 -6.4366464581384
"PRDX1" 0.0688319848804492 0.546049595625712 0.0939724515028786 0.925540456148847 0.984617779648897 -6.43664723320387
"FLNA" 0.0688319848804492 1.75658537855711 0.0937685764610954 0.925701513893048 0.984617779648897 -6.43666629722579
"BRN" 0.0688319848804492 0.463884710841 0.0935831660474404 0.925847987632807 0.984617779648897 -6.43668359871506
"P13647" -0.0760814144364534 2.44539382196407 -0.0933970197435019 0.925995045335889 0.984617779648897 -6.4367009344385
"LGALS3BP" 0.0688319848804492 0.705418077214483 0.093363198332019 0.92602176491724 0.984617779648897 -6.43670408050767
"KRT222" 0.0688319848804492 0.871570823600914 0.0933328366746429 0.92604575129811 0.984617779648897 -6.43670690378014
"POSTN" 0.0688319848804491 0.858096457429997 0.0930301782559638 0.926284861935693 0.984617779648897 -6.43673499722595
"APOe" 0.0688319848804491 3.49230270079397 0.0929305891565647 0.926363542279938 0.984617779648897 -6.43674422136886
"ARFIP2" 0.0688319848804493 0.436516442761799 0.0928145741698666 0.926455200830563 0.984617779648897 -6.43675495445688
"YWHAB" 0.0688319848804491 0.691992842911427 0.0927273838445553 0.926524086894984 0.984617779648897 -6.43676301201968
"PPIe" 0.0688319848804492 0.534199470938428 0.0925093582051889 0.926696343911014 0.984617779648897 -6.43678312739977
"TPI1" 0.0688319848804492 1.16634827998241 0.0924275461532516 0.926760982637713 0.984617779648897 -6.43679066329199
"UBA52" 0.0688319848804491 1.27572881511371 0.0922371024603262 0.926911451861976 0.984617779648897 -6.43680817967416
"CATHL4" 0.0688319848804492 0.921576588262768 0.0916150801632527 0.927402929360525 0.984617779648897 -6.43686513961402
"IGFBP5" 0.0688319848804493 0.517686905947146 0.0915120833099654 0.927484312868547 0.984617779648897 -6.43687453408114
"LeCT2" 0.0688319848804492 0.40535114520609 0.0915002172829827 0.927493688922846 0.984617779648897 -6.43687561571715
"K2CA" 0.0688319848804492 0.49157497204076 0.0910980894274211 0.927811440219662 0.984617779648897 -6.4369121883982
"CLeC3B" 0.0688319848804492 2.73407577761207 0.090534938668818 0.928256447733019 0.984617779648897 -6.43696313511999
"TUBB" 0.0688319848804491 1.37916446976825 0.0904260327686053 0.928342508973118 0.984617779648897 -6.43697295110005
"MAP4" 0.0688319848804492 0.337161908363979 0.0903459048096905 0.92840582943341 0.984617779648897 -6.43698016570572
"KRT7" 0.0688319848804491 3.18158863035919 0.0902953637184743 0.928445769355802 0.984617779648897 -6.43698471306437
"YWHAG" 0.0688319848804493 0.468170897201404 0.0899675557073717 0.928704823017997 0.984617779648897 -6.43701414534489
"KRT5" 0.0688319848804492 4.67624021226336 0.0899578069641861 0.928712527182514 0.984617779648897 -6.43701501899847
"F12AI" 0.0688319848804492 4.11224061514221 0.0899366933533924 0.928729212714042 0.984617779648897 -6.43701691081351
"IGHA1" -0.0802088860595052 0.533600844183805 -0.089253856578633 0.929268858074392 0.984617779648897 -6.43707785480434
"HSPA5" 0.0688319848804493 0.826080446789921 0.0892481990889943 0.929273329324661 0.984617779648897 -6.43707835780259
"CHAD" 0.0688319848804491 0.459959781554867 0.0891462372788331 0.929353912593248 0.984617779648897 -6.43708741759862
"PKP1" 0.0688319848804492 0.315565674847234 0.0890656141782698 0.929417631813012 0.984617779648897 -6.4370945740185
"AOC3" 0.0688319848804491 0.499763080736666 0.0890468225830309 0.929432483526669 0.984617779648897 -6.43709624110338
"GAL3ST4" 0.0688319848804492 0.370598323564226 0.0889919604335703 0.929475843318826 0.984617779648897 -6.43710110615353
"MAML2" 0.0688319848804493 0.395914935966484 0.0889654737469165 0.929496776903947 0.984617779648897 -6.43710345385961
"CSN1S1" 0.0688319848804492 1.04968891000601 0.088853578003893 0.929585213552062 0.984617779648897 -6.43711336427661
"BPT2" 0.0688319848804492 0.60882521501471 0.0887135858691543 0.929695857409917 0.984617779648897 -6.43712574558628
"CKM" 0.0688319848804491 1.31106230670835 0.0886083651636115 0.929779020326139 0.984617779648897 -6.43713503876338
"LASP1" 0.0688319848804492 0.588559131748599 0.0881367136088127 0.930151807614588 0.984617779648897 -6.4371765599349
"NACA" 0.0688319848804492 0.816083855863542 0.0879390150265663 0.930308070730746 0.984617779648897 -6.43719389815934
"TUBB2A" 0.0688319848804493 0.306442143454817 0.0879096232756535 0.930331302528449 0.984617779648897 -6.43719647250129
"SeRPINC1" 0.0688319848804492 4.95379030804966 0.0877729902726807 0.9304393006518 0.984617779648897 -6.43720842851223
"KRT75" 0.0688319848804492 3.74408656908985 0.0877291500265345 0.930473953353073 0.984617779648897 -6.43721226079426
"GPI" 0.0688319848804491 1.05996408749265 0.0876138821825777 0.930565065310398 0.984617779648897 -6.43722232776667
"CSN1S2" 0.0688319848804493 0.825354632457218 0.0873375670888041 0.930783478782098 0.984617779648897 -6.43724640600353
"YWHAe" 0.0688319848804492 0.894440115061187 0.0873004420486753 0.930812824708458 0.984617779648897 -6.43724963530431
"RNASe4" 0.0688319848804493 0.790744822982162 0.0870809894445559 0.930986295594251 0.984617779648897 -6.43726869623005
"PLG" 0.0688319848804492 5.08341324061474 0.0866299265286498 0.931342858304695 0.984617779648897 -6.43730772346755
"PF4" 0.0688319848804492 0.493140774575256 0.0865735479663695 0.931387426244928 0.984617779648897 -6.43731258725517
"F12" 0.0688319848804491 1.40352742793015 0.0864687397230485 0.931470279028432 0.984617779648897 -6.43732162066743
"F2" 0.0688319848804492 4.46967325870573 0.086078106806106 0.93177908805876 0.984617779648897 -6.43735519291517
"B4GALT1" 0.0688319848804492 0.604090201189785 0.0860172020683551 0.9318272363486 0.984617779648897 -6.43736041357076
"CSN2" 0.0688319848804492 0.719409121077165 0.0856617869470932 0.932108215195061 0.984617779648897 -6.43739080550419
"TUBA1C" 0.0688319848804492 0.335330475246119 0.0853897287865612 0.932323300831914 0.984617779648897 -6.43741398449308
"CNTN1" 0.0688319848804489 0.660028748805807 0.0851588768980657 0.932505813331276 0.984617779648897 -6.43743359495505
"RPS4" 0.0688319848804493 0.663552093265655 0.0845925871902329 0.932953539923302 0.984617779648897 -6.43748147549889
"YWHAQ" 0.0688319848804492 0.514867348909609 0.084398401952517 0.933107073979772 0.984617779648897 -6.43749782058685
"MST1" 0.0688319848804493 1.60785553826297 0.0842927386948324 0.933190618530098 0.984617779648897 -6.43750669876836
"COL1A2" 0.0688319848804493 1.33481183586698 0.084150131660957 0.93330337454506 0.984617779648897 -6.43751866346061
"DDBX" 0.0688319848804493 1.09075362379658 0.0840541925478023 0.933379232114856 0.984617779648897 -6.43752670133107
"YWHAZ" 0.0688319848804491 1.67445722854013 0.0840009094000009 0.93342136254396 0.984617779648897 -6.43753116148497
"F11" 0.0688319848804492 0.767003666770929 0.0839708281522797 0.933445147557808 0.984617779648897 -6.43753367823682
"APOC3" 0.0688319848804491 1.19778688740857 0.0837919516039976 0.933586585151404 0.984617779648897 -6.43754862535699
"P12814" 0.0688319848804493 0.537805322538134 0.0834891586303351 0.933826008331726 0.984617779648897 -6.43757385444742
"DSG1" 0.0688319848804492 1.03087995997917 0.0834372651191893 0.933867041970846 0.984617779648897 -6.4375781691149
"Q3SWY2" 0.0688319848804492 0.975216442046511 0.0833663599234494 0.933923108969907 0.984617779648897 -6.43758406016654
"VNN1" 0.0688319848804491 2.79085309958901 0.083240226655218 0.934022847403537 0.984617779648897 -6.43759452738433
"KRT20" 0.0688319848804491 1.22298441785712 0.083074154674431 0.934154168546944 0.984617779648897 -6.43760828476806
"eeF1A1" 0.0688319848804492 3.10639466574768 0.0830308702624458 0.934188395928178 0.984617779648897 -6.4376118659315
"KRT40" 0.0688319848804493 0.28844792166748 0.0830228735400122 0.934194719393144 0.984617779648897 -6.43761252734124
"FABP1" 0.0688319848804491 0.585698847704855 0.0827444771219288 0.934414866005746 0.984617779648897 -6.43763551383658
"CLTC" 0.0688319848804491 0.392360977696785 0.0823388861702656 0.934735603085915 0.984617779648897 -6.43766886432789
"H2AZ2" 0.0688319848804493 0.622406535074498 0.082259849605717 0.934798105649778 0.984617779648897 -6.43767534418768
"F10" 0.0688319848804492 1.80481524069034 0.0816374747787127 0.935290297670295 0.984617779648897 -6.43772615258534
"C5" 0.0688319848804493 0.771532167322534 0.0813935434503264 0.935483212602648 0.984617779648897 -6.43774596101859
"PRDX6" 0.0688319848804492 0.846047017692961 0.0813494499597745 0.935518084690439 0.984617779648897 -6.43774953530469
"CL43" 0.0688319848804493 0.940884828078096 0.0813472306594366 0.935519839865279 0.984617779648897 -6.43774971515341
"TRAP1" 0.0688319848804493 0.607607333279489 0.0812617640781392 0.935587432942671 0.984617779648897 -6.43775663750311
"KNG2" 0.0688319848804492 4.12277039415999 0.0811080264270477 0.935709020865654 0.984617779648897 -6.43776907114339
"GSTA1" 0.0688319848804494 1.18884112702396 0.0804614177517994 0.936220427193758 0.984617779648897 -6.43782110837845
"CFB" 0.0688319848804491 4.57360680274049 0.0803025748530881 0.936346061076276 0.984617779648897 -6.437833827897
"KRT73" 0.0688319848804491 2.38515311888049 0.0802826811043866 0.936361795788014 0.984617779648897 -6.43783541914005
"HBA1" -0.0562832791906152 1.70191375070829 -0.0801632785263031 0.936456236303147 0.984617779648897 -6.43784496152259
"MYLK" 0.0688319848804492 0.407756496006438 0.0800711097519269 0.9365291370905 0.984617779648897 -6.43785231773122
"ARG1" 0.0688319848804492 0.789853158760867 0.0794609442215832 0.937011760657876 0.984617779648897 -6.43790080309614
"CHIA" 0.0688319848804491 2.43697362564595 0.0792764711967777 0.937157678284793 0.984617779648897 -6.43791538881474
"KLKB1" 0.0688319848804492 2.45522538487941 0.0792756188738405 0.937158352474825 0.984617779648897 -6.43791545612666
"Q13509" 0.0688319848804493 0.919595553811429 0.0790692511009059 0.937321591378659 0.984617779648897 -6.43793173265706
"CLU" 0.0688319848804492 3.10692691815279 0.0790389239579666 0.937345580671484 0.984617779648897 -6.43793412102903
"HMGB1" 0.0688319848804495 1.37648863820139 0.0789888635398175 0.937385179453665 0.984617779648897 -6.43793806146373
"H2A1" 0.0688319848804491 1.08487554912278 0.0788849554437036 0.937467373326072 0.984617779648897 -6.43794623247524
"H2AJ" 0.0688319848804491 1.08487554912278 0.0788849554437036 0.937467373326072 0.984617779648897 -6.43794623247524
"H2AC20" 0.0688319848804491 1.08487554912278 0.0788849554437036 0.937467373326072 0.984617779648897 -6.43794623247524
"KRT71" 0.0688319848804491 2.06923573706999 0.078754242953623 0.937570771114116 0.984617779648897 -6.43795649603005
"RPS27A" 0.0688319848804493 1.43074905315533 0.0784490420317182 0.937812199100281 0.984617779648897 -6.4379803941805
"HRG" 0.0688319848804491 1.90016836831577 0.0784317003029822 0.93782591738397 0.984617779648897 -6.4379817493047
"AFM" 0.0688319848804491 3.6330774368852 0.0784157314221969 0.937838549684505 0.984617779648897 -6.4379829968864
"F9" 0.0688319848804493 1.26479360370761 0.078018824048756 0.938152531364436 0.984617779648897 -6.43801392399197
"FGA" 0.0688319848804491 3.17249349353836 0.0777863701111962 0.93833642341264 0.984617779648897 -6.4380319640003
"Q9NY65" 0.0688319848804492 0.771076784687933 0.0775331303932675 0.93853676275553 0.984617779648897 -6.4380515558783
"Q0VCM4" 0.0688319848804491 0.998684414612892 0.0773691719310378 0.938666473346864 0.984617779648897 -6.43806420645384
"FMOD" 0.0688319848804493 1.06522880756232 0.077342850951682 0.938687296520253 0.984617779648897 -6.43806623481286
"RAP1A" 0.0688319848804489 0.599993751912971 0.0772124996478052 0.938790421277117 0.984617779648897 -6.43807626983327
"P02790" 0.0688319848804491 0.311598705911339 0.0771915581380995 0.938806988821329 0.984617779648897 -6.43807788042568
"P00738" 0.0688319848804491 0.333793307575117 0.0771647075142351 0.938828231307787 0.984617779648897 -6.43807994484364
"VCL" 0.0688319848804493 0.917727114954689 0.0771293248961204 0.938856223827949 0.984617779648897 -6.43808266414992
"H2AZ1" 0.0688319848804492 0.669371869306268 0.0770738694268576 0.938900096892736 0.984617779648897 -6.43808692363258
"PPIA" 0.0688319848804492 1.35382875730019 0.0769906586083597 0.938965928696318 0.984617779648897 -6.43809330923178
"HMGB2" 0.0688319848804488 1.45785418284916 0.0763650139715991 0.939460917943777 0.984617779648897 -6.43814110036211
"C9" 0.0688319848804491 2.59736352446115 0.0763419274526679 0.93947918369389 0.984617779648897 -6.43814285641441
"CP" 0.0688319848804492 0.486714698212137 0.0760111979166797 0.939740856158317 0.984617779648897 -6.43816795474439
"P26583" 0.0543933682110804 1.11725100709765 0.0754121197497658 0.940214862548606 0.984617779648897 -6.43821314006935
"RAP1B" 0.0688319848804492 1.39753022001263 0.0750549498062722 0.940497475216662 0.984617779648897 -6.43823990944422
"BLVRB" 0.0688319848804492 1.35086998416588 0.0749248222179847 0.940600441307125 0.984617779648897 -6.43824963074291
"LBP" 0.0688319848804491 1.85962211188047 0.0746854597032288 0.940789844423369 0.984617779648897 -6.43826746849261
"P0CG53" 0.0688319848804492 1.03241699431888 0.0746164849079136 0.940844423541528 0.984617779648897 -6.43827259803466
"APOA4" 0.0688319848804492 2.28641850567132 0.074297758583416 0.94109663245984 0.984617779648897 -6.43829623965091
"THBS4" 0.0688319848804492 2.70759369313272 0.0742497592927573 0.941134614944973 0.984617779648897 -6.43829979124622
"THBS2" 0.0688319848804492 0.556608593747009 0.0738709605988303 0.941434368298287 0.984617779648897 -6.43832773906049
"POTeF" 0.0688319848804492 0.49537561069465 0.0737436961945242 0.941535077888643 0.984617779648897 -6.43833709657168
"Q32LP2" 0.0688319848804488 0.846657908552228 0.0735796237334149 0.94166491664251 0.984617779648897 -6.43834913670575
"PROC" 0.0688319848804492 1.68102634411129 0.0729599159247882 0.94215533687934 0.984617779648897 -6.43839437086084
"UBC" 0.0688319848804492 1.09692025673344 0.0723819444261565 0.942612748535021 0.984617779648897 -6.43843621384762
"SPP2" 0.0688319848804493 0.907685424247359 0.0723189156082437 0.942662631273135 0.984617779648897 -6.43844075677993
"CDH5" 0.0688319848804489 0.991980297507352 0.0721951111197554 0.942760614222778 0.984617779648897 -6.4384496687253
"IGFBP3" 0.0688319848804491 1.43521702137938 0.0717157294352954 0.943140021102408 0.984617779648897 -6.4384840325497
"C4BPA" 0.0688319848804492 1.09352212121896 0.0715760203831838 0.943250596415105 0.984617779648897 -6.43849400433017
"APCS" 0.0688319848804491 0.693876707081285 0.0711242285786795 0.943608183115529 0.984617779648897 -6.43852611803902
"ACTN1" 0.0688319848804493 0.758090282966487 0.0710009454625341 0.943705761966741 0.984617779648897 -6.43853484579101
"CPB2" 0.0688319848804491 2.49092361437449 0.070848492627891 0.943826429919437 0.984617779648897 -6.43854561766087
"CD14" 0.0688319848804493 0.896772712450706 0.0707702138362505 0.943888388888298 0.984617779648897 -6.43855113961595
"IGHG3" 0.0688319848804491 0.378716402118438 0.0707613247538954 0.943895424767385 0.984617779648897 -6.43855176628515
"ITIH3" 0.0688319848804491 4.69375702630809 0.0706587460677078 0.943976618090938 0.984617779648897 -6.4385589922601
"P01009" 0.0688319848804492 0.384859138319171 0.0701114485129445 0.944409826482649 0.984617779648897 -6.43859736854526
"C7" 0.0688319848804493 3.19095786669979 0.0695717047170969 0.944837072399941 0.984617779648897 -6.43863492297249
"TG" 0.0688319848804493 0.830439203374032 0.0694131319637233 0.944962597225857 0.984617779648897 -6.43864590104044
"CRYZ" 0.0688319848804492 0.771489576565082 0.0692946893871749 0.945056356270563 0.984617779648897 -6.4386540845371
"AOCX" 0.0688319848804491 0.648107272474439 0.0689491806367418 0.945329865195974 0.984617779648897 -6.43867787677854
"HBB" 0.0688319848804491 3.60338993350591 0.0688870245517906 0.945379069415621 0.984617779648897 -6.4386821443191
"PGLYRP1" 0.0688319848804493 1.52650722953648 0.0684963970178177 0.945688304284117 0.984617779648897 -6.43870887611768
"FeRMT3" 0.0688319848804491 1.78631223336103 0.0682340571591387 0.945895986742165 0.984617779648897 -6.43872674350167
"ITIH1" 0.0688319848804493 3.80924768927212 0.0678497928130267 0.946200198088536 0.984617779648897 -6.43875279115122
"COL1A1" 0.0688319848804493 1.249747684195 0.0677963256075542 0.94624252722449 0.984617779648897 -6.43875640381053
"GSTA2" 0.0688319848804491 1.47844549928175 0.0677929957991598 0.946245163386008 0.984617779648897 -6.43875662870404
"TGFBI" 0.0688319848804488 2.44310842150736 0.0676443987151635 0.946362806183364 0.984617779648897 -6.43876665362982
"Q04695" 0.0497291410365817 2.00730714342483 0.0670606995052414 0.946824926569585 0.984617779648897 -6.438805819331
"KRT79" 0.0688319848804492 2.41563447401021 0.066807661633122 0.947025264885414 0.984617779648897 -6.43882269250507
"IGF2R" 0.0688319848804492 0.877479878395385 0.0666539801488083 0.947146941206306 0.984617779648897 -6.43883290922733
"IGHG1" 0.0688319848804492 0.493334150531808 0.0665107387352815 0.947260352815386 0.984617779648897 -6.43884241071359
"GFAP" 0.0688319848804492 1.07772854627193 0.0663155044173536 0.947414931663611 0.984617779648897 -6.43885532808172
"SeRPINA3-8" 0.0688319848804491 2.76356503180944 0.0663091657899577 0.947419950373589 0.984617779648897 -6.4388557468306
"AHCY" 0.0688319848804493 2.07720855762668 0.0662281172157273 0.947484122072991 0.984617779648897 -6.43886109761703
"eZR" 0.0688319848804493 1.29807461408825 0.0662232853872119 0.947487947773212 0.984617779648897 -6.43886141640528
"CCDC168" 0.0688319848804492 0.497858398849557 0.0661019935600229 0.947583983497024 0.984617779648897 -6.43886941122486
"GPLD1" 0.0688319848804492 1.27736996011665 0.0657082693604917 0.947895729523599 0.984617779648897 -6.43889526214317
"KRT80" 0.0688319848804492 1.37415635638299 0.0656187616853025 0.947966601762196 0.984617779648897 -6.43890111744588
"COMP" 0.0688319848804493 2.11674356416753 0.0654172300446483 0.948126176209411 0.984617779648897 -6.43891427178321
"HSP90AB1" 0.0688319848804493 1.67089272268817 0.0654073347386945 0.948134011451264 0.984617779648897 -6.43891491662592
"eNO1" 0.0688319848804491 2.99192467694863 0.0653905736755867 0.948147283107616 0.984617779648897 -6.43891600866366
"UTP15" 0.0688319848804491 0.509960648013274 0.0649123010721275 0.948525992639067 0.984617779648897 -6.43894705176483
"KRT78" 0.0688319848804491 1.21398713660327 0.064647965596668 0.948735305970506 0.984617779648897 -6.43896411114913
"HSPA1B" 0.0688319848804492 2.41794247840277 0.0646289672586685 0.948750349894025 0.984617779648897 -6.43896533456158
"HSPA1A" 0.0688319848804492 2.41794247840277 0.0646289672586685 0.948750349894025 0.984617779648897 -6.43896533456158
"HP" 0.0688319848804492 0.619022881242853 0.0644162908921363 0.948918759964479 0.984617779648897 -6.43897900547942
"TUBA8" 0.0688319848804491 0.601496485451664 0.0643793510840441 0.948948011389696 0.984617779648897 -6.43898137539213
"SeRPINA3-5" 0.0688319848804492 4.1074092998534 0.0643681046246263 0.948956917106998 0.984617779648897 -6.43898209665081
"PGK1" 0.0688319848804492 1.44964417635107 0.0634630537759394 0.949673619887804 0.984617779648897 -6.439039726416
"ADORA1" 0.0688319848804492 0.406560103967575 0.0627601104475034 0.950230304334652 0.984617779648897 -6.43908392389663
"F5" 0.0688319848804492 4.62038982616386 0.0626948156517677 0.950282014755843 0.984617779648897 -6.43908800431688
"FGB" 0.0688319848804491 2.91781616788423 0.0626621654214613 0.950307872290726 0.984617779648897 -6.43909004311133
"Q9BQe3" 0.0688319848804493 0.969807632327124 0.0624433927965804 0.950481131903626 0.984617779648897 -6.43910367664399
"HSPA2" 0.0688319848804492 0.692878943111484 0.0624431904768539 0.950481292134289 0.984617779648897 -6.43910368923014
"LDHB" 0.0688319848804492 1.58525526685111 0.0622871927808218 0.95060483786596 0.984617779648897 -6.43911338158908
"PFN1" 0.0688319848804492 1.79396376116169 0.0618969499816655 0.950913904412085 0.984617779648897 -6.43913752176437
"TUBB6" 0.0688319848804491 0.781667074279942 0.0617029461314991 0.951067555444049 0.984617779648897 -6.43914946627011
"RBP4" 0.0688319848804491 1.85734450256641 0.0615085947250834 0.951221483624844 0.984617779648897 -6.43916139458343
"HSPA1L" 0.0688319848804493 1.39618597961092 0.061409391861699 0.951300053970691 0.984617779648897 -6.43916746865329
"TAGLN2" 0.0688319848804491 1.7896858980515 0.061315752560547 0.951374218329831 0.984617779648897 -6.43917319307958
"TUBA4A" 0.0688319848804493 2.94213655683537 0.0611797465603645 0.95148193880895 0.984617779648897 -6.43918149194246
"FN1" 0.0688319848804493 3.63302739964173 0.0610697126416606 0.95156908935809 0.984617779648897 -6.43918819254814
"TBA1B" 0.0688319848804493 2.81683154113251 0.0608789434353033 0.951720186376579 0.984617779648897 -6.43919978101557
"KRT83" 0.0688319848804489 0.457778587254636 0.0608515229461429 0.951741904673661 0.984617779648897 -6.43920144372104
"CAP1" 0.0688319848804495 1.32920007249191 0.0605061374854474 0.95201546911601 0.984617779648897 -6.43922232284673
"eeF1A2" 0.0688319848804492 0.504483922437861 0.0604446858398074 0.95206414284094 0.984617779648897 -6.43922602524937
"CPN1" 0.0688319848804493 2.23358421359915 0.059789375906204 0.952583202644401 0.984617779648897 -6.43926527311008
"HSPA8" 0.0688319848804492 2.18840594973386 0.0593373463986103 0.952941259619156 0.984617779648897 -6.43929209678897
"Q8N1N4" 0.0487364382115745 0.896992418578169 0.0590225134071438 0.953190647699202 0.984617779648897 -6.43931065890502
"SeRPINA3-4" 0.0688319848804491 4.28063114130312 0.0586325314338016 0.95349956996677 0.984617779648897 -6.43933351480333
"LDHA" 0.0688319848804492 1.61294037748063 0.0582828242781109 0.953776594878331 0.984617779648897 -6.43935388145822
"CRYZL1" 0.0688319848804491 0.725116975696209 0.0580392866038954 0.953969519712713 0.984617779648897 -6.4393679929327
"MYH10" 0.0688319848804489 1.59849695958135 0.0579558857335169 0.954035588567463 0.984617779648897 -6.43937281190742
"KRT19" 0.0688319848804491 2.96099265043905 0.0578423709056303 0.954125513748814 0.984617779648897 -6.43937935975976
"SeRPINA6" 0.0688319848804493 1.96150691123315 0.0574521397003638 0.954434655154264 0.984617779648897 -6.43940177147877
"MDH1B" 0.0688319848804493 1.30473120409333 0.0572283393433222 0.954611953135746 0.984617779648897 -6.43941455631472
"HSP90AA1" 0.0688319848804491 2.00619567514892 0.0568243924936989 0.954931971723109 0.984617779648897 -6.43943750591639
"KRT81" 0.0688319848804488 0.615608932666368 0.0568188594578317 0.954936355209256 0.984617779648897 -6.43943781913863
"eNO3" 0.0688319848804492 0.800492843654084 0.0567368835573185 0.955001299869887 0.984617779648897 -6.43944245617827
"P04272" 0.0688319848804493 1.21847887840817 0.0567225252463977 0.955012675142729 0.984617779648897 -6.43944326767997
"JUP" 0.0688319848804492 1.93676595742777 0.0565048019961761 0.955185166045394 0.984617779648897 -6.43945554777576
"TUBB4A" 0.0688319848804492 0.741573985655821 0.0559925787092492 0.955590982675135 0.984617779648897 -6.43948425213249
"TUBB5" 0.0688319848804493 2.02978074745611 0.0554124328375535 0.956050626354266 0.984617779648897 -6.43951644714637
"TUBB4B" 0.0688319848804493 1.99452773543662 0.0554004349568195 0.956060132313146 0.984617779648897 -6.43951710942652
"TUBB2B" 0.0688319848804491 0.765486657853197 0.0545160826376138 0.95676082513708 0.984617779648897 -6.43956553065018
"KRT35" 0.0688319848804493 1.03842056043664 0.0541468104917778 0.95705341825814 0.984617779648897 -6.43958551895488
"FGG" 0.0688319848804492 1.88977614221664 0.0534262037133022 0.957624408872267 0.984617779648897 -6.4396241334534
"KRT6B" 0.0630382544918717 2.22641661277503 0.0529970161737753 0.957964496932531 0.984617779648897 -6.43964688614685
"SeRPINA3-3" 0.0688319848804493 0.50964773980268 0.0527413157862992 0.958167117593836 0.984617779648897 -6.43966035446944
"IGFBP2" 0.0688319848804491 2.40775523204748 0.0525924418473932 0.95828508872911 0.984617779648897 -6.43966816599995
"KRT72" 0.0688319848804493 1.78368945396979 0.0525536860435003 0.958315799874944 0.984617779648897 -6.439670195925
"LTF" 0.0688319848804492 2.26415786302272 0.0514292989676347 0.959206822197889 0.984617779648897 -6.43972843690645
"PROS1" 0.0688319848804491 2.03387790338065 0.0511162113058039 0.959454938432383 0.984617779648897 -6.43974443005188
"MSN" 0.0688319848804489 1.31140299204594 0.0508201713283634 0.959689548421673 0.984617779648897 -6.43975946255025
"KRT74" 0.0688319848804489 0.857335682092491 0.0504934218162378 0.959948499727788 0.984617779648897 -6.43977595307813
"TUBB3" 0.0688319848804493 1.54141251624483 0.0497951070788517 0.960501933708635 0.984617779648897 -6.4398108393741
"ACTG2" 0.0688319848804497 1.10752783647369 0.0489557982984234 0.961167135411007 0.984617779648897 -6.43985212662698
"ACTA2" 0.0688319848804497 1.10752783647369 0.0489557982984234 0.961167135411007 0.984617779648897 -6.43985212662698
"K2C4" 0.0688319848804493 1.07211431784201 0.0478511356069815 0.962042688226774 0.984617779648897 -6.43990539754828
"KRT27" 0.0688319848804492 0.822600485886249 0.047734150102308 0.962135413425903 0.984617779648897 -6.43991096783724
"KRT28" 0.0688319848804493 1.15356301224141 0.0470973587892601 0.962640157008705 0.984617779648897 -6.43994104970291
"KRT6C" 0.0527964818381204 2.16427141361773 0.0457869631366134 0.963678871928766 0.984617779648897 -6.44000168153886
"TUBA1D" 0.0688319848804492 1.70209257780935 0.045515077940611 0.963894395950758 0.984617779648897 -6.44001404735028
"P05786" 0.0688319848804493 1.54148494534518 0.0454324161813986 0.963959922658911 0.984617779648897 -6.44001779235277
"SeRPINA3-6" 0.0688319848804491 3.76802438787071 0.0453507543318902 0.964024656976693 0.984617779648897 -6.4400214853702
"SeRPINA3-1" 0.0688319848804491 3.84999949266226 0.0442154410131127 0.964924658505116 0.984617779648897 -6.44007213977185
"ACTC1" 0.0688319848804492 3.14765073265295 0.0437481960243849 0.965295072994942 0.984617779648897 -6.44009261392057
"KRT25" 0.0688319848804492 0.870916214072822 0.0433551778543998 0.965606649211089 0.984617779648897 -6.4401096671249
"eRC1" -0.0101028553835678 0.453126800778874 -0.0432350965620007 0.965701848119632 0.984617779648897 -6.44011484680662
"ACTA1" 0.0688319848804493 2.17781526642366 0.041359943999184 0.967188509653152 0.984617779648897 -6.44019386751833
"KRT17" 0.0688319848804493 3.15566229471789 0.0410259928458536 0.967453285867379 0.984617779648897 -6.44020757306497
"Q5XKe5" 0.0302964787373465 1.3958302434628 0.0389801529593956 0.969075428443702 0.984680507806725 -6.44028911035032
"Q14CN4" 0.0258516258435879 1.04825329384874 0.0350811184781718 0.972167325735647 0.985519370748024 -6.44043296095528
"KRT10" 0.0688319848804493 1.86919749840774 0.0324212432064208 0.974276832431586 0.985519370748024 -6.44052240387462
"P35900" -0.0125733344325045 0.909107359925009 -0.0304124584780964 0.975870093129683 0.985519370748024 -6.44058528108333
"Q7RTS7" -0.024901271377912 1.14685695489893 -0.0300616492858227 0.976148346620467 0.985519370748024 -6.44059584946185
"Q86Y46" -0.024901271377912 1.05126095261204 -0.0256706679510063 0.979631410656741 0.98745594269074 -6.44071775906232
"P78385" -0.0164840250582881 0.434649580733642 -0.0197590123016695 0.984321342375442 0.990600904368268 -6.44085154809585
"eeF1A1P5" -8.88178419700125e-16 1.86671378928113 -2.04214028987403e-15 0.999999999999998 1 -6.4410460417201
"KRT1" 1.77635683940025e-15 3.24960602826261 3.77000417031088e-15 0.999999999999997 1 -6.4410460417201
"KRT2" 0 2.86031237617989 0 1 1 -6.4410460417201
"P68104" -1.77635683940025e-15 1.79940580014137 -3.16806514124721e-15 0.999999999999998 1 -6.4410460417201
