"logFC" "AveExpr" "t" "P.Value" "adj.P.Val" "B"
"P02768" 7.54882192013912 3.23301415862248 19.547745701717 7.11150637148126e-24 4.48736052040467e-21 42.9082056971843
"P13645" 5.58084663986648 2.97643993189695 17.3101595445134 9.76213935747471e-22 3.07995496728327e-19 38.4531307273182
"P63261" 4.41611624664428 2.45979019689723 16.5632195214018 5.61487471506739e-21 8.8574648630188e-19 36.8459464366984
"P60709" 4.41611624664428 2.45979019689723 16.5632195214018 5.61487471506739e-21 8.8574648630188e-19 36.8459464366984
"KRT1" 5.82141873393033 3.24960602826261 15.1316430131786 1.89102891263901e-19 2.38647848775043e-17 33.5822871580008
"KRT9" 5.08846896615925 2.75795260815414 13.9053117607237 4.6208438262716e-18 4.8595874239623e-16 30.5824993545183
"TLN1" 4.90398864307282 2.71389669310979 11.4409503555321 4.96572486270275e-15 4.47624626909348e-13 23.9402771799088
"eeF1A1P5" 3.29703444046262 1.86671378928113 9.28441341028753 4.21264420636875e-12 3.32272311777335e-10 17.4361291710091
"P19823" 3.4513454623675 1.72378064659439 8.60449908126362 3.96272813010817e-11 2.77831272233139e-09 15.2617467937456
"KRT2" 5.63351737724362 2.86031237617989 8.33663932684223 9.70961920086335e-11 6.12676971574478e-09 14.3912300751073
"VTN" 2.74813748510439 1.30500717022259 8.27168860810189 1.20787851198758e-10 6.92883037331055e-09 14.1790705629425
"P01024" 5.53577756149107 2.16965196404416 8.13739450112399 1.89933989737619e-10 9.98736229370315e-09 13.739142389678
"KRT14" 4.4456101649536 2.44276934440136 7.9320652549836 3.80594265088957e-10 1.84734600977794e-08 13.0634055548552
"C4A" 4.40673929213392 1.69571761681544 7.76896119594445 6.62653070999098e-10 2.98667205571736e-08 12.5241588569133
"P68104" 3.29703444046262 1.79940580014137 7.20166646432367 4.62282647044981e-09 1.94466900190255e-07 10.6345862945508
"MYH9" 4.63325388830374 1.83979858127324 7.16813235903183 5.18818707311918e-09 2.04609127696138e-07 10.5223442912865
"P13647" 4.51040644695351 2.44539382196407 6.78134358691745 1.96912603341372e-08 7.30893251225916e-07 9.22496053443538
"KRT16" 3.94835825397957 2.30697925096178 6.55525145294276 4.30105459321966e-08 1.50775858240089e-06 8.46528642726186
"P01023" 5.86527466188066 2.29391897658004 6.39906306206541 7.37982233408771e-08 2.45087783832071e-06 7.9405159420538
"KRT6A" 4.78798547584324 2.4219735959836 5.98222273243558 3.1119672795882e-07 9.81825676710077e-06 6.5428744271217
"Q04695" 3.43923131729453 2.00730714342483 5.6802066730799 8.78938952218988e-07 2.64100228023896e-05 5.53595072664838
"HBA1" 3.24243856864769 1.70191375070829 5.65605292285713 9.54798873636382e-07 2.73853676938435e-05 5.45573378923302
"FLNA" 3.25680851215997 1.75658537855711 5.43381544071576 2.04045977339795e-06 5.59795703049613e-05 4.72041513352013
"P68366" 2.360887226584 1.76508982753113 5.41037822536705 2.21001061302994e-06 5.81048623675787e-05 4.64318973622515
"KRT3" 2.90334538836584 1.58048859238809 5.30430956370712 3.16931406047001e-06 7.99934868862631e-05 4.29456414333606
"FBLN1" 2.69756218268709 1.2055395696611 5.24503769382782 3.87450691912169e-06 9.40313025371456e-05 4.10041100989541
"P68032" 3.77912999466978 1.87318986533482 5.15682297585843 5.22063558295861e-06 0.000122008187142477 3.81240373601964
"P01008" 3.49875858437614 1.58182119686144 5.1074106903796 6.1669484141348e-06 0.000138976587475681 3.65160897350493
"KRT6C" 4.65789829965337 2.16427141361773 4.94734830996505 1.05529633275222e-05 0.000229617926195397 3.13358671152208
"KRT13" 2.31588127022527 1.5651524960697 4.73307656049286 2.15206420478638e-05 0.000452650837740068 2.44776872971902
"APOB" 3.89137670752065 1.56865439369341 4.66073828750068 2.73219154217692e-05 0.00055613318164956 2.21845109119042
"P02771" 2.06265110093632 1.20445681963199 4.62365595765711 3.08654620837e-05 0.00060862833046296 2.1013659070502
"FTH1" -1.50274174770358 0.282484824372127 -4.60548269472446 3.27629912283354e-05 0.000626468105002414 2.04410439738431
"QSOX1" 1.14797405069727 0.805070645396471 4.56116972889663 3.78823919546592e-05 0.000703052627158528 1.90481721265707
"KRT79" -3.78633127381225 2.41563447401021 -4.50090882882271 4.6119972502692e-05 0.000831477218548534 1.7161901557567
"P02647" 3.1352331248935 0.803771327597334 4.39709752201622 6.46042450938887e-05 0.00113236885150677 1.39347513919224
"P02787" 3.94758678463536 0.814725741700157 4.33817596077093 7.8135000050593e-05 0.00132797540008797 1.21162599229448
"POSTN" 2.61640065788229 0.858096457429997 4.33095268337695 7.99731619704324e-05 0.00132797540008797 1.18940092919944
"P00738" 3.1337092658773 0.333793307575117 4.3026176291954 8.75999398062844e-05 0.00141732210301963 1.10236413363298
"COL10A1" -2.22364715061179 0.836743477537966 -4.27388295732808 9.60573895398703e-05 0.00151530531999145 1.01434125761268
"APOD" -2.38736305203394 2.04941190125326 -4.2301038483903 0.000110493214175218 0.00169513050901673 0.880709787700323
"CFD" -2.49677997352834 1.75420206290034 -4.22354732843772 0.000112829605988435 0.00169513050901673 0.860747028401044
"PZP" 3.92306453544523 1.58382233784497 4.0125393260055 0.000219845243972046 0.00316607300863522 0.225664714499263
"TUBA1B" 2.27679492204201 1.66164867095912 4.01119538299501 0.000220772127385023 0.00316607300863522 0.221667593234865
"A1BG" -1.41599009424147 4.15117798268516 -3.99666563661399 0.000231037857277003 0.0032396641764842 0.178493890783503
"P35900" 1.34459538756832 0.909107359925009 3.98325681962914 0.000240920946231965 0.00330480689287761 0.138716730946893
"P35580" 1.86797990811533 0.441271939685429 3.92544373883812 0.000288424723731904 0.00387225533350705 -0.032050636431773
"PKM" 1.47604107261538 1.39826985526521 3.90091344430011 0.000311212903296723 0.0040911529579215 -0.104141144621291
"Q5XKe5" 2.46358919899222 1.3958302434628 3.88208736747964 0.000329872812540595 0.00424795397373706 -0.15931702755883
"APOA2" -1.93086170605804 2.08661494538222 -3.82092900729541 0.000398248930808181 0.00498028764644561 -0.337640376231931
"P07996" 2.41612281721272 1.8511055360765 3.81744769968185 0.000402527210726982 0.00498028764644561 -0.347748063432724
"P68133" 3.77912999466978 1.11980822651831 3.79460882228088 0.000431713891772058 0.0052386820328494 -0.413942277808732
"HSP90AB1" -3.22496123925551 1.67089272268817 -3.75323958399377 0.000489854496103761 0.00583204126493345 -0.53332219661239
"P01009" 3.0030386908866 0.384859138319171 3.74632287110042 0.000500283728590828 0.00584590801371875 -0.553215561230458
"IGHG1" 3.14347100401484 0.493334150531808 3.72011672203176 0.000541771145791754 0.00621559259990176 -0.628413330858879
"IGHG3" 2.93483060351221 0.378716402118438 3.6951692080454 0.000584327703599469 0.00651854875367918 -0.699740409426571
"AKR1A1" -1.50274174770358 0.457750447432581 -3.69262793471511 0.000588838793913967 0.00651854875367918 -0.706991818935705
"P02790" 2.67035385992394 0.311598705911339 3.66770129823702 0.000634897906275198 0.00690725135964913 -0.777977399340247
"POTee" 1.90987315582123 1.22222899345803 3.65155361220043 0.000666561684281329 0.00708423496157957 -0.823824442800987
"IGHG2" 2.95337401875963 0.404079427542237 3.64805468837866 0.000673619806172384 0.00708423496157957 -0.833744293985684
"P06396" 2.73407090829212 1.8637240805787 3.62697536776155 0.000717683631330558 0.0074239077273702 -0.893397273352892
"POTeF" 2.7421106246174 0.49537561069465 3.59803355569142 0.000782708302259259 0.00790509087822782 -0.974992425897428
"COL6A1" 1.28360998521933 0.906037327762269 3.59128849085325 0.00079865473300804 0.00790509087822782 -0.993956970799327
"F12" -2.33333748479937 1.40352742793015 -3.58997995295124 0.000801784177823424 0.00790509087822782 -0.99763380247579
"P02649" 1.61744897672264 0.591694934187602 3.57425136976428 0.000840331355560514 0.0080494338881113 -1.04177108411992
"IGKC" 2.62284085263677 0.647521334386395 3.57361106181014 0.000841937617456966 0.0080494338881113 -1.04356562588017
"MYH14" 1.31289426744305 0.505922711842503 3.56175072646564 0.000872227206929606 0.0082145577249639 -1.07677328445815
"KRT76" 3.01139878897461 1.50032032286503 3.50100347084303 0.00104444133434136 0.00969180120543235 -1.24588428124228
"P09429" 2.01494930013303 1.13960692870907 3.48062730738783 0.00110915896926231 0.0100026687207504 -1.30223772925833
"TUBB1" 1.346697074046 1.29215683445709 3.48047822597447 0.00110964629231779 0.0100026687207504 -1.30264934228038
"TTR" -1.45104029557297 3.61322770476154 -3.47519038890117 0.00112706419569522 0.0100165846124462 -1.31724247949255
"TLN2" 2.30294929727825 0.966455129892931 3.46805551894249 0.00115098018939387 0.0100870624931602 -1.33691273094591
"ORM1" -1.52710109958162 3.86425014046426 -3.43995900606983 0.00124995200214077 0.0108043796349428 -1.41414501042087
"P02763" 1.69352132402635 0.32012740065791 3.43463497843663 0.00126959890203996 0.0108259041511786 -1.42873866120068
"CP" 2.52983505343221 0.486714698212137 3.42156755476624 0.00131907628645707 0.0110978284900588 -1.46450170514432
"GPX3" -1.40764342477591 0.481329126730382 -3.39179973856811 0.00143873500698816 0.011945286702757 -1.5456714135641
"KRT6B" 3.27696537793108 2.22641661277503 3.37415261456643 0.00151447717301433 0.0124108454048317 -1.5935928231043
"APOH" -1.57928936966996 3.60746490795528 -3.36248835538777 0.00156660655424943 0.0126734453298897 -1.62518589629337
"SeRPIND1" 1.73495259131912 0.688028441939677 3.33935217324338 0.00167509552696645 0.013379560474884 -1.68765731658331
"C5" 2.29760834223343 0.771532167322534 3.32752472715311 0.00173327682947561 0.0136712209924888 -1.71949311704357
"PYGB" -1.50271238875445 0.383107542668964 -3.32283827200177 0.00175685696387174 0.0136861326444824 -1.73208873106916
"P01042" 1.84138329618184 0.328975594078848 3.31422371115767 0.00180099811395201 0.0138589001207771 -1.75521374028833
"P02774" 2.56490702650296 0.817341281900046 3.29760890077772 0.00188912191510783 0.0143618786558197 -1.7997117024734
"P02751" 3.14615779861178 0.622009498720353 3.2894563190003 0.00193384385410702 0.0145268508564468 -1.82149618181315
"COL1A2" -2.18870032556134 1.33481183586698 -3.27715089346062 0.00200325213077864 0.0148712011120155 -1.85431497015869
"P00734" 2.64268277572642 0.971546688862607 3.2517973235036 0.00215376980248785 0.0158026598298818 -1.92169483073948
"IGHA1" 2.37775464483615 0.533600844183805 3.24053841381156 0.00222398998374337 0.0161303181579548 -1.95151288611215
"CKM" -2.0308097261881 1.31106230670835 -3.20183755886141 0.00248224057093539 0.0177987931847754 -2.05351637720856
"GC" -0.997554766249868 4.99867536177431 -3.1677989823984 0.00273255892615368 0.0193735357573368 -2.14259439095187
"P26038" 1.8217787252823 1.1333406550057 3.11368053064535 0.00318012399856993 0.0221286845985305 -2.28297130728657
"RAB1B" -1.68741341596407 0.359511205731281 -3.11242320265945 0.00319129999756937 0.0221286845985305 -2.28621420743894
"ADIPOQ" -1.44970564910145 2.93752513994763 -3.08333387910157 0.00346041907187883 0.023733961242995 -2.36100461934736
"IGHG4" 2.12268817168094 0.354738482674643 3.04759771429599 0.00382023986408939 0.0259201220886065 -2.45225756119322
"CNTN1" -2.00630086353456 0.660028748805807 -3.04005416453927 0.00390055385692238 0.0261835051459364 -2.47143094291019
"Q86Y46" 2.3993198033792 1.05126095261204 3.02934974139295 0.00401724221537076 0.0266829456620942 -2.49858453470872
"FTL" -1.72005983243422 0.686434797671335 -2.96420872653927 0.00480088231108258 0.0315557993572199 -2.66245109424048
"P26583" 1.74211465401006 1.11725100709765 2.95813206707166 0.00488084960353505 0.0317506814415527 -2.67761562702889
"RAB8A" -1.05784428377008 0.302377082886402 -2.94136698292449 0.00510797259683206 0.0324669674157047 -2.71934459916575
"P02765" 2.7362425990267 1.06939274474532 2.94038067647024 0.00512163707229959 0.0324669674157047 -2.7217945603584
"ATIC" -1.61357039423943 0.543629985578278 -2.93867705772192 0.00514531971722736 0.0324669674157047 -2.72602499704562
"Q14624" 2.18511572106884 0.627085872180991 2.93318136164219 0.00522241588559675 0.0326271725129856 -2.73966061511697
"LGALS3BP" -1.75644138227169 0.705418077214483 -2.91786179584571 0.00544305277791333 0.0336722186555227 -2.77757910973959
"SeRPINF2" -1.27565039958242 4.3277909011828 -2.90092249704246 0.00569711800983921 0.0349017617884324 -2.81934904850506
"YWHAB" -1.74589527212986 0.691992842911427 -2.88059055357176 0.00601664489613888 0.0363481226528641 -2.8692646664271
"SePTIN7" -1.4235579451944 0.378903709138505 -2.87862395575222 0.00604841977583317 0.0363481226528641 -2.8740799312846
"LPA" 1.28769678514826 0.288490087895019 2.86694034361137 0.00624043638791713 0.0371482581205255 -2.90264080261374
"MBL" -1.15070437009291 0.373473500404577 -2.86143449467015 0.0063328745424194 0.0373462040772583 -2.91607217334547
"ACe" -1.28732659334102 0.353554485651329 -2.85391053186668 0.00646125375101581 0.0377504733045461 -2.93439778326693
"Q0VCM4" -2.05460611715536 0.998684414612892 -2.82847185574436 0.00691342864734128 0.0400217750135078 -2.99610872362858
"TUBA8" -2.45824238238442 0.601496485451664 -2.815960983362 0.007146423152466 0.0409944819018731 -3.02631708451748
"MAPRe2" -1.0981309167546 0.42282012260482 -2.80559475613577 0.00734496958544327 0.0416766425134202 -3.05127600538904
"P04406" 1.48188044822578 1.46040235764334 2.80289869017055 0.00739743892472751 0.0416766425134202 -3.05775678037139
"KRT71" -1.99598461513921 2.06923573706999 -2.79696148963549 0.00751421191388971 0.0419598913067646 -3.07201312073077
"SYNCRIP" 1.36507689050729 0.978798074633221 2.7916967085296 0.00761918531675782 0.0421728590778437 -3.0846370601963
"CHIA" -1.97425082844456 2.43697362564595 -2.78485107517064 0.0077577094938991 0.0425662147013072 -3.10102651218979
"AZGP1" 1.38833438255773 0.618569799322471 2.76421684848871 0.00818947423736099 0.0445479158946102 -3.15025573909622
"PGAM1" -1.06382317579199 0.402911325504952 -2.74928591740192 0.00851563433239852 0.0459261988354142 -3.18571598133675
"ITIH2" -0.969094670045785 0.271640739549629 -2.74279058821766 0.0086612322078057 0.0461819297053163 -3.2010993939724
"P62826" 0.784583094492107 0.748294253470853 2.7406626584932 0.00870942889846693 0.0461819297053163 -3.20613349840222
"C4BPA" -2.1426708156915 1.09352212121896 -2.72884167214028 0.00898170538166697 0.0472288007985988 -3.23404791042536
"P36955" 1.46481191986302 0.746790949493321 2.72500088121973 0.00907184752255944 0.0473085602209505 -3.24309907868131
"HBA" -1.0080662953271 4.52126570357216 -2.69720695260998 0.00974942976590533 0.0503278604392771 -3.30832492372373
"P23528" 0.811978823099377 0.716620014092231 2.69479623421922 0.00981034363554847 0.0503278604392771 -3.31395961312035
"GAL3ST4" -1.69315516065806 0.370598323564226 -2.681037379087 0.0101647558137506 0.0517254912780373 -3.34604913309762
"H4C1" 1.09470788210631 0.852768548672937 2.64564971580113 0.0111310499630382 0.0561895402134167 -3.42803479470353
"P68871" 1.51597985107644 0.444238308283867 2.59414025838951 0.0126886914517489 0.0634891510316034 -3.54594356740608
"ARHGDIB" -0.919816049751725 0.279676009478865 -2.59135564891236 0.0127783235832229 0.0634891510316034 -3.55226901766461
"SeRPINA1" -0.831336407465008 6.29018619540095 -2.58561361812029 0.0129649798372514 0.0638799948678746 -3.56529658981021
"LUM" -1.44988639810558 3.19119097981736 -2.58273589226539 0.0130594601235433 0.0638799948678746 -3.57181754309154
"P08603" 1.98510532797886 0.361869046592644 2.5763427429708 0.0132716117136061 0.0644183614714263 -3.5862851930477
"ASS1" -1.45401554593322 0.346997363117123 -2.56766649280191 0.0135645595014849 0.0653376873697481 -3.60587685620863
"P61224" 0.853721606978429 0.922756113454085 2.5526433279549 0.0140857917874974 0.0673343531659913 -3.63968388724071
"COL2A1" -1.37675440851762 0.598477585239702 -2.53071881201006 0.0148792684226038 0.0705926193583682 -3.6887548770537
"THBS2" -1.89450119822548 0.556608593747009 -2.49014116077932 0.0164559186132862 0.0774901839177879 -3.77873391458371
"PPIe" -1.50585623469639 0.534199470938428 -2.47870313247236 0.0169269514400899 0.0787877950778731 -3.80389832119155
"CLTC" -1.6898160512788 0.392360977696785 -2.47570991018599 0.0170522174189558 0.0787877950778731 -3.81046907924734
"SeRPINA3-7" -1.03664855344484 4.02428387310896 -2.47432317543165 0.0171105363554648 0.0787877950778731 -3.8135112103249
"FHL1" 0.891841881189407 0.658231571395055 2.47147393493545 0.0172309282420705 0.0787877950778731 -3.81975762540246
"C1S" -1.4646406415284 0.664569223577313 -2.45649625311154 0.0178765051627576 0.0811516169618706 -3.85250313366935
"Q7RTS7" 1.65217764890072 1.14685695489893 2.44283230482307 0.0184844633800788 0.0833121170916409 -3.88224379616518
"FABP1" -1.65285553856906 0.585698847704855 -2.43348822717346 0.0189109102465754 0.0846296763516955 -3.90250875567713
"FAM124B" -1.36830838914578 0.542232326333978 -2.42875876490424 0.0191301239459527 0.0850078042950435 -3.91274305460336
"P63104" 0.856931873006347 0.884129142970355 2.41711128702473 0.0196798059986442 0.0868388642317798 -3.93788228059777
"C9" -1.76868654765329 2.59736352446115 -2.40253282240501 0.0203878657502152 0.0893384950582347 -3.96921629900772
"KRT7" -1.4857851961904 3.18158863035919 -2.38713408976332 0.0211606128015728 0.091514598362342 -4.00215416259178
"YWHAe" -1.53596832610005 0.894440115061187 -2.3859098987717 0.0212231624413961 0.091514598362342 -4.00476566472541
"P00747" 1.78186634513758 1.01723332705427 2.38402948260542 0.0213195657040638 0.091514598362342 -4.00877503381035
"CLIC1" -1.11045354664352 0.656642505144377 -2.37511399121618 0.0217820176124509 0.0928679264422738 -4.02775098196681
"P07900" 1.33401527378642 1.26570801424459 2.36976731940355 0.0220636586103257 0.0934189823317016 -4.0391044583578
"FeTUB" -0.931715031861487 4.53036562922424 -2.36225237571345 0.0224650461520203 0.0934189823317016 -4.05502850995384
"F11" -1.58023285426532 0.767003666770929 -2.36104823441563 0.0225299675811817 0.0934189823317016 -4.05757640369562
"GPI" -1.51338095142849 1.05996408749265 -2.35926390803388 0.0226264794806577 0.0934189823317016 -4.06135007308851
"P11142" 1.15170579950682 1.29353643577238 2.35880221237663 0.0226515123561812 0.0934189823317016 -4.06232615024692
"HPD" -1.11045354664352 0.415668077339158 -2.34129191704712 0.0236194477180689 0.0967783864292304 -4.09923472230732
"DSP" 1.87477949417233 1.36211428931009 2.33383880312351 0.0240425704305721 0.0978765286560709 -4.11487924110703
"HBBF" -0.769620584843134 5.04709494072043 -2.33068014173771 0.0242239306448753 0.0979826938263865 -4.12149765455844
"LTF" -2.51173730883316 2.26415786302272 -2.29847697346566 0.0261440017586348 0.105011335136611 -4.18857103773391
"RASA1" -1.21894463359546 0.310522415542501 -2.29564269570784 0.0263193310490782 0.105011335136611 -4.19443907997565
"UBA1" -0.878963636748238 0.371507614924474 -2.29254511831907 0.0265121475923793 0.105011335136611 -4.20084570698743
"IGF2R" -1.9314690745674 0.877479878395385 -2.29070510097754 0.026627279907857 0.105011335136611 -4.20464812060064
"APOA1" -0.970834112749628 5.65700133956763 -2.28691586079844 0.0268657836144819 0.105286251457704 -4.21247100983062
"PCYOX1" -1.11381716843406 0.410504855434628 -2.28431322153935 0.027030701642073 0.105286251457704 -4.21783821893727
"Q14CN4" 1.36875963871189 1.04825329384874 2.27487946129133 0.0276360683143976 0.10698379819868 -4.23725206898158
"Q02413" 1.46468962101088 0.973412188118829 2.27120325568218 0.0278752223675222 0.107251617767722 -4.24480011012812
"CD14" -1.80098054268035 0.896772712450706 -2.2678528136785 0.0280947872872578 0.107441277443998 -4.25167084009778
"CLU" -1.60719896698766 3.10692691815279 -2.26029955703311 0.0285954319916559 0.108697093895993 -4.26713065761288
"O95678" 2.03309618489251 1.40815289159792 2.25587134031552 0.0288926190526227 0.109169117498233 -4.27617512533742
"GSTP1" -1.03711832547478 0.538057025454663 -2.24789419238255 0.0294349180999011 0.110556150720462 -4.29243246605053
"KRT8" 1.64714917416806 1.37402142304736 2.24027085064814 0.0299615960518438 0.111868444430257 -4.30792578169282
"P02788" 0.928973534505192 1.24423163318215 2.22379345999554 0.0311286505815108 0.115542226570196 -4.34126970553291
"P68371" 1.25426640532483 1.45345865388749 2.20423592678101 0.0325660201385202 0.12002775433971 -4.38059013273696
"TG" -1.783049953823 0.830439203374032 -2.20221890847202 0.0327175495189068 0.12002775433971 -4.38462945106782
"HABP2" -1.23671334820494 1.13805930585204 -2.19301439906492 0.0334169856835211 0.121885074949722 -4.40302472708833
"SeRPINA7" -1.29913059877622 3.61633860496395 -2.17981728748484 0.0344428590904049 0.124904851069227 -4.42929067111341
"KRT19" -2.10566451238688 2.96099265043905 -2.16715812310393 0.0354529281664224 0.127264122976464 -4.4543653383481
"SeRPINA5" -0.84354063284374 4.39741935957571 -2.16511122970003 0.0356186778963276 0.127264122976464 -4.45840860563814
"PRDX2" -1.17143032838822 0.559004630605749 -2.16412854768226 0.0356984940837308 0.127264122976464 -4.46034861449562
"KRT80" -1.84471256388678 1.37415635638299 -2.15383322585 0.0365442273622235 0.129042739752343 -4.48063060315327
"YWHAZ" -1.43804131730595 1.67445722854013 -2.14936755192175 0.0369165205888876 0.129042739752343 -4.4894036132655
"VCL" 1.56473335171485 0.917727114954689 2.14741115984437 0.0370806688005616 0.129042739752343 -4.49324236163482
"P0DMV8" 1.36875963871189 0.839672292936283 2.14575729223774 0.0372199344452082 0.129042739752343 -4.49648528909115
"P0DMV9" 1.36875963871189 0.839672292936283 2.14575729223774 0.0372199344452082 0.129042739752343 -4.49648528909115
"CLeC3B" -1.31421179637114 2.73407577761207 -2.11707824331667 0.0397090499746522 0.136920276142107 -4.55239510980941
"ACTB" -0.61985355351007 4.58489953713887 -2.10501691577871 0.0407987276977723 0.139148984875953 -4.57572467257728
"ACTG1" -0.61985355351007 4.58489953713887 -2.10501691577871 0.0407987276977723 0.139148984875953 -4.57572467257728
"GNPTG" -0.850504252848134 0.334506007324156 -2.10263516473264 0.0410169749396628 0.139148984875953 -4.58031863028646
"P02753" 1.0837281896811 0.304305999228133 2.09473789627068 0.04174795231139 0.140662640343128 -4.59552042194337
"AMBP" -1.09003754577859 3.34141423414827 -2.09152899189928 0.0420482100962888 0.140662640343128 -4.6016839379092
"SeRPINF1" -0.726804418655681 4.38231994384435 -2.09063798310861 0.042131916045723 0.140662640343128 -4.60339396727259
"THBS1" -1.14912331762559 3.82406536567389 -2.0652876927222 0.0445752261219645 0.148036672015577 -4.65179454265707
"P08238" 1.3346037540368 1.08591880466753 2.06025358041664 0.0450748576387399 0.148314698307672 -4.66134795406598
"OMD" -1.11381716843406 0.579161880070687 -2.05971061733168 0.0451290365690538 0.148314698307672 -4.66237720125766
"YWHAQ" -1.36936333839911 0.514867348909609 -2.05640312977728 0.0454602966858504 0.148629260149076 -4.66864206094716
"RDX" 0.9323626049977 0.501332519865363 2.0512541378095 0.0459802041398688 0.149554169135347 -4.67837839208229
"H2A1" -1.45201101050695 1.08487554912278 -2.03807156782337 0.0473349178215052 0.151615904291217 -4.70321324520767
"H2AJ" -1.45201101050695 1.08487554912278 -2.03807156782337 0.0473349178215052 0.151615904291217 -4.70321324520767
"H2AC20" -1.45201101050695 1.08487554912278 -2.03807156782337 0.0473349178215052 0.151615904291217 -4.70321324520767
"PeBP1" -1.18145946123994 0.681304612077119 -2.02490702702795 0.0487222418015807 0.155271386751502 -4.72788124123633
"P14923" 1.52494728144372 0.931804160540682 2.02076480276908 0.0491659954677668 0.155898206734477 -4.73561548804725
"HP20" -1.13773712279844 0.680981753881348 -2.0168157825082 0.0495923088190248 0.156463734324023 -4.74297669134153
"H2BC18" 0.707722864329482 0.730843712997558 1.99847427951741 0.0516145785084249 0.162033826063762 -4.7770085929611
"PGM1" -0.860603583093848 0.393637497378766 -1.99121146035323 0.052434838023762 0.163268055745631 -4.79041252795297
"FMOD" -1.4452662297625 1.06522880756232 -1.98894772076929 0.0526927943688394 0.163268055745631 -4.79458202325768
"HBD" 1.35975982328606 0.814906290238242 1.98814990533059 0.0527839673092057 0.163268055745631 -4.79605054110255
"ASL" -1.0340354335226 0.347499488022769 -1.98527779663706 0.0531133152105149 0.16348537511139 -4.80133306335242
"Q3SWY2" -1.32533765456552 0.975216442046511 -1.96595110475755 0.0553759686946514 0.168599662607325 -4.83671274783122
"TUBB" 1.22089613127148 1.37916446976825 1.96438917113099 0.0555624025377406 0.168599662607325 -4.8395593241466
"C4B" 1.93902155429255 0.648270272682259 1.96427179924658 0.0555764339497996 0.168599662607325 -4.8397731538442
"THBS4" -1.47523270193751 2.70759369313272 -1.94899586287194 0.0574288321614879 0.173385612889468 -4.86751109644002
"PRDX6" -1.34393838711844 0.846047017692961 -1.94531222464651 0.0578833746051556 0.173728165901553 -4.87417246300423
"CD44" -0.969094670045785 0.274022207389356 -1.94357824034381 0.0580984064329586 0.173728165901553 -4.87730445500105
"COLeC11" -0.869332345009246 0.487477162491397 -1.94140996939565 0.05836825859133 0.173728165901553 -4.88121755045884
"ACO1" -0.874062798519835 0.368919030414894 -1.92162718804573 0.0608803655866102 0.180354510258925 -4.91674882780722
"Q08554" 0.711030202889603 0.505329989393162 1.91356297721219 0.0619306340531964 0.18260855181106 -4.93114414145245
"ACTN4" -1.139162898684 0.364055589207912 -1.90875259075239 0.0625644753219512 0.183619460130936 -4.93970660111038
"APOe" -1.15098427500409 3.49230270079397 -1.90319556474173 0.0633035878881272 0.183671399370395 -4.94957525231689
"eeF2" -1.06627972423247 0.411835233384375 -1.90231118042107 0.063421900260353 0.183671399370395 -4.951143560289
"P51884" 0.856363033817605 0.355631198281322 1.90206093518203 0.0634554121438132 0.183671399370395 -4.95158721580364
"P00751" 1.14720869043229 0.338174304148422 1.89428907690098 0.0645037370623238 0.185853233270896 -4.96534105765716
"P02749" 1.10846691385636 0.451919943200276 1.8655760554612 0.0685056810380338 0.19569367923958 -5.01573725462019
"eIF4A1" -0.686070722612841 0.281091213558205 -1.86534090161547 0.0685393076259069 0.19569367923958 -5.01614727028714
"VNN1" -1.25706430650067 2.79085309958901 -1.86185598586143 0.0690392892787733 0.196233295202279 -5.02221839854537
"H2BC12L" 0.707722864329482 0.477914723900764 1.85584038884232 0.0699096301874994 0.196932931465679 -5.03267536147732
"H2BC13" 0.707722864329482 0.477914723900764 1.85584038884232 0.0699096301874994 0.196932931465679 -5.03267536147732
"GGH" -1.07896452991866 0.577545365003286 -1.849976366761 0.0707669764952102 0.198462054082123 -5.04284088503208
"P78385" 1.25656384886678 0.434649580733642 1.84472722000155 0.0715419632944193 0.199747693976896 -5.05191705493074
"COLGALT1" -0.777621078396598 0.276744504294037 -1.82952892840949 0.0738264609836644 0.205137092878653 -5.07807089834732
"eHD3" 0.594497926847603 0.929085257842862 1.82453494623665 0.074590442820644 0.205137092878653 -5.08662405624921
"MDH1B" -1.78834007525286 1.30473120409333 -1.82102785421923 0.0751309380284014 0.205137092878653 -5.09261857444764
"O60814" 0.707722864329482 0.497880389597874 1.81288816700402 0.0763981249231116 0.205137092878653 -5.10649300631443
"H2BC14" 0.707722864329482 0.497880389597874 1.81288816700402 0.0763981249231116 0.205137092878653 -5.10649300631443
"H2BC9" 0.707722864329482 0.497880389597874 1.81288816700402 0.0763981249231116 0.205137092878653 -5.10649300631443
"H2BC5" 0.707722864329482 0.497880389597874 1.81288816700402 0.0763981249231116 0.205137092878653 -5.10649300631443
"H2BC15" 0.707722864329482 0.497880389597874 1.81288816700402 0.0763981249231116 0.205137092878653 -5.10649300631443
"H2BC4" 0.707722864329482 0.497880389597874 1.81288816700402 0.0763981249231116 0.205137092878653 -5.10649300631443
"P19827" 1.26644679682847 0.489176403833407 1.80032385312829 0.0783894506904891 0.209592132990248 -5.12780388748925
"AGT" -0.729575264872487 5.10974841269168 -1.79173218464768 0.0797761254322841 0.211772373936063 -5.14230269752713
"CAP1" -1.66367819633854 1.32920007249191 -1.79111755713491 0.0798761093451395 0.211772373936063 -5.14333760360339
"KRT33B" 1.25189485074831 0.421834264019887 1.77323140733484 0.0828321086817741 0.218690630034307 -5.17331915379273
"P05452" 0.710492498353803 0.63467875107243 1.76881275871365 0.0835763125492351 0.218868012694438 -5.18068559490844
"Q14533" 1.16457315368652 0.451527797045678 1.76871398077833 0.0835930127723607 0.218868012694438 -5.18085008736825
"HSP90B1" -0.711170033579071 0.401908665735753 -1.7603722845076 0.0850134334243654 0.221397405559938 -5.19471244596287
"TUBB3" -1.98282568150496 1.54141251624483 -1.7568170679056 0.0856249129283609 0.221397405559938 -5.20060320478869
"Q08380" 0.896879261775256 0.393787616540834 1.75383060491986 0.0861414032573402 0.221397405559938 -5.205543551284
"FeRMT3" -1.44411190149522 1.78631223336103 -1.75330462477606 0.0862326369839581 0.221397405559938 -5.2064128928768
"GDF6" -0.889312935134328 0.295749412812816 -1.75283933948499 0.0863134100915132 0.221397405559938 -5.20718172821044
"F2" 1.13914515992064 4.46967325870573 1.7447255141109 0.0877321395347229 0.223665307980857 -5.22056033872333
"P08727" 1.34311685178245 1.29650660735389 1.74373593966467 0.0879064918847107 0.223665307980857 -5.2221883054293
"B4GAT1" -0.751420857028454 0.601513335851212 -1.74079960067513 0.088425542780567 0.224082399576457 -5.22701417896321
"HSPA1L" -1.5885963156768 1.39618597961092 -1.73581598637464 0.0893123260304883 0.225125378683168 -5.2351884735105
"ACO2" -0.889312935134327 0.361765483052936 -1.73448356868012 0.08955066568855 0.225125378683168 -5.23737047778973
"SULT1e1" -0.946902500849592 0.516658063393535 -1.71641358522308 0.092835529137581 0.232457217800848 -5.26681743968143
"HNRNPR" 0.711465577147425 0.274976810390274 1.71238203664122 0.0935818817788815 0.233399871156024 -5.27335037514779
"KRT86" 1.19663342181399 0.501964950096177 1.69571603844977 0.0967201605991074 0.2402713301703 -5.30021356990569
"CDH5" -1.31850814696614 0.991980297507352 -1.69373687572876 0.0970985565664444 0.2402713301703 -5.30338834273916
"TUBA1D" -2.08430071036431 1.70209257780935 -1.68799440784696 0.0982033833558979 0.242055995693639 -5.31258134773654
"LYSM" -0.777830715743176 1.03729602438514 -1.68568850913648 0.0986499376642406 0.24221054733905 -5.3162650749685
"ACTA1" 2.27648087836782 2.17781526642366 1.67532583216432 0.100677463706318 0.246230541080181 -5.33276486116489
"eZR" -1.41992946622474 1.29807461408825 -1.6731421130559 0.101109069772967 0.246331363037616 -5.33623039269782
"PFKL" -0.648688048969867 0.353274024389126 -1.66906543820426 0.101918887092396 0.247194544948192 -5.34268933394256
"C4" -0.725737237174592 4.59241938916497 -1.66742191594066 0.102246871999173 0.247194544948192 -5.34528933516139
"TCN2" -0.909011234896428 0.440545433393437 -1.65963697944003 0.103812257525346 0.250021124040052 -5.35757408675305
"CATHL1" -0.942223741606468 0.572803420151975 -1.65491032602352 0.104772247811291 0.250642589052293 -5.36500799794622
"UBB" 0.577276496766001 0.577739721944097 1.6525129062086 0.10526194310437 0.250642589052293 -5.36877139752006
"P0CG48" 0.577276496766001 0.577739721944097 1.6525129062086 0.10526194310437 0.250642589052293 -5.36877139752006
"TUBB5" -1.66629416869415 2.02978074745611 -1.64291172332553 0.107241907395053 0.254397156264205 -5.38379459022405
"SPON1" -0.966391917395411 0.468705315670895 -1.63961417491755 0.107928921661749 0.254737381080181 -5.38893642706845
"FGA" -1.18371866486014 3.17249349353836 -1.63835245975619 0.108192738715513 0.254737381080181 -5.39090138275867
"HSPA8" -1.54419877768405 2.18840594973386 -1.63037182326146 0.109873677960609 0.257733423022842 -5.40329905262165
"WDR1" -0.785142601733009 0.49446527816826 -1.62828572938132 0.110316563475176 0.257813894640135 -5.40653086605107
"AFM" -1.15815934243768 3.6330774368852 -1.61594601801844 0.112966204194387 0.263032010504273 -5.42557247105175
"CRYZ" -1.30640661771258 0.771489576565082 -1.61077047421507 0.114092835875246 0.264678600872353 -5.43352053893384
"GSN" -0.560821418871361 4.6420356331314 -1.60307346380316 0.115785230859381 0.266728749524941 -5.445298774822
"GARIN1B" -0.889312935134328 0.931787480834391 -1.60255709962957 0.115899493244233 0.266728749524941 -5.44608713218409
"UTP15" -1.38614568060536 0.509960648013274 -1.60099957594413 0.116244700664594 0.266728749524941 -5.44846370370678
"AMY2B" 0.834189026329837 0.74822742113586 1.59392477321181 0.11782326772352 0.269371311353409 -5.45923292806003
"P06733" 0.778619557523124 1.00307738353785 1.58159055415861 0.120616854886268 0.274762582791463 -5.47790604812347
"FGG" -1.65382249759725 1.88977614221664 -1.57216653433752 0.122787198848381 0.278700440551541 -5.4920858308435
"TUBB4B" -1.58257549289261 1.99452773543662 -1.56002998820324 0.125628535122037 0.284127618860235 -5.51023506736362
"CTSC" -0.830340786684143 0.512298981811556 -1.5493824177406 0.128164643509925 0.287508395877099 -5.52605366087112
"P63000" 0.762977599928211 0.56948871392229 1.54887093457323 0.128287499562623 0.287508395877099 -5.52681109658836
"H2AC6" 0.371044685070982 0.321811550347599 1.5480275578117 0.128490281517182 0.287508395877099 -5.52805952971811
"AFP" -0.495982492361571 5.63990601640145 -1.54582272545531 0.129021628424375 0.287677199773075 -5.53132040856569
"H2AC4" 0.371044685070982 0.328575956505916 1.53107855664536 0.132620310042646 0.292779553339217 -5.55301903620894
"H2AC25" 0.371044685070982 0.328575956505916 1.53107855664536 0.132620310042646 0.292779553339217 -5.55301903620894
"Q32LP2" -1.16899817446574 0.846657908552228 -1.53047673359044 0.132768888805656 0.292779553339217 -5.55390074512992
"FLG2" 0.569995396951492 0.546101704521524 1.52837023365744 0.13328999265815 0.292779553339217 -5.55698444013582
"MAN2B1" -0.64961199960616 0.257721982999801 -1.52699946041251 0.133629970462274 0.292779553339217 -5.55898905178669
"KNG2" -1.05239956268323 4.12277039415999 -1.51879734457062 0.135678752561765 0.296239767704061 -5.57094987853153
"KRT222" -0.90772117031975 0.871570823600914 -1.50744774412167 0.138554972939489 0.298591132203744 -5.58740460621464
"AMY1A" 0.834189026329837 0.755503261094872 1.50708185793025 0.138648497203957 0.298591132203744 -5.58793321450883
"AMY1B" 0.834189026329837 0.755503261094872 1.50708185793025 0.138648497203957 0.298591132203744 -5.58793321450883
"AMY1C" 0.834189026329837 0.755503261094872 1.50708185793025 0.138648497203957 0.298591132203744 -5.58793321450883
"P15311" 0.666874421641021 0.776083929513556 1.50009755961594 0.140443403229831 0.301419791265615 -5.59800141426784
"P80209" -0.621022487982567 0.368808821772609 -1.49669094072602 0.14132554868696 0.301419791265615 -5.60289686180284
"KRT31" 1.140230051882 0.616384676505695 1.49265306150133 0.142376849378128 0.301419791265615 -5.6086864026567
"eeF1A2" -1.38614568060536 0.504483922437861 -1.49081013612627 0.142858729645979 0.301419791265615 -5.61132409355953
"KNG1" -0.693562490284111 4.54464354662345 -1.48945479570156 0.143213942651166 0.301419791265615 -5.61326204313702
"APOM" 0.82483391794149 0.449846401681055 1.48925269319642 0.14326697039716 0.301419791265615 -5.61355088494213
"COL1A1" -1.23442239689522 1.249747684195 -1.48910487646405 0.143305764468597 0.301419791265615 -5.61376211986024
"F10" -1.01407993836462 1.80481524069034 -1.47304864835787 0.147569452973151 0.309356560883915 -5.63659373486009
"ALB" -0.297623191974012 7.83356785233269 -1.46594966392732 0.14948622215298 0.311564181811568 -5.64661667615625
"LBP" -1.10278918920539 1.85962211188047 -1.46549349393882 0.149610058777979 0.311564181811568 -5.64725923036397
"GDI2" -0.763845197143373 0.851446839452645 -1.45821344159009 0.151597336074685 0.314664207444494 -5.65748918845179
"P62851" 0.514912878481524 0.538293948984258 1.42895590085496 0.159793993558191 0.330590196508913 -5.69813369415806
"IGLC3" 0.697984212914598 0.303549571080174 1.41767493167301 0.163045400714487 0.336214535460265 -5.71360424479232
"PRDX1" -0.842669313026872 0.546049595625712 -1.40900674346225 0.165578583119991 0.340326012862261 -5.72541545016262
"KRT33A" 0.957186973203016 0.335776781552413 1.38896119689466 0.171553752290529 0.351462395114687 -5.75247503547904
"KRT4" 0.721216650215518 0.841445248595557 1.37808500400943 0.174864780431941 0.357063772926678 -5.76700790490949
"CL43" -0.948759998563298 0.940884828078096 -1.37326538944189 0.176347673412711 0.357063772926678 -5.77341433971838
"GPLD1" -1.17446149117355 1.27736996011665 -1.37313787538026 0.176387037863579 0.357063772926678 -5.77358355650193
"COL6A3" 0.579058083558772 0.260466421892031 1.37086437448028 0.177090019078053 0.357063772926678 -5.77659816606882
"HP252" -0.621022487982567 0.395237456647379 -1.37077656911523 0.177117212244136 0.357063772926678 -5.77671450177605
"PROC" -1.04182832868073 1.68102634411129 -1.3524954830903 0.182849086310691 0.36744513841416 -5.80078613643523
"CRYZL1" -1.30640661771258 0.725116975696209 -1.34913613197267 0.18391766337545 0.368419192348917 -5.80517716376451
"HRG" -0.960867483070249 1.90016836831577 -1.34094344882437 0.186543700004887 0.372497071845202 -5.81584361135418
"KRT77" 1.10774100216981 1.11212838504281 1.33613733741416 0.188097487328431 0.374414872253123 -5.82207299828334
"P02656" 0.467694301823774 0.312947293834637 1.333379257351 0.18899360208848 0.374955857953835 -5.82563852013191
"P08697" 0.567594265308344 0.422768746850354 1.33164812139407 0.189557715827692 0.374955857953835 -5.82787297656444
"RPS27A" -0.950503016107891 1.43074905315533 -1.3267725575055 0.191153370932508 0.376930553307539 -5.83415166533915
"IGFBP3" 1.02773340265066 1.43521702137938 1.31144544242141 0.19623607283608 0.385747545045379 -5.85375088568716
"KRT75" -0.820905813489701 3.74408656908985 -1.28142321940701 0.206487194706107 0.402812608170487 -5.89152892025787
"Q8N1N4" 0.863256178745001 0.896992418578169 1.2804105323892 0.206839854476147 0.402812608170487 -5.89278905009053
"FAP" -0.763857961131421 0.55780279319837 -1.27868631536181 0.20744133732869 0.402812608170487 -5.89493243556734
"AHCY" -1.08501960013553 2.07720855762668 -1.278601849973 0.207470836220932 0.402812608170487 -5.8950373660262
"B2M" -0.57465404395893 0.513877245340613 -1.26049400830212 0.213867662995245 0.413958574693251 -5.91738355312361
"LYZ" 0.503488864354053 0.618327282928133 1.25808475915832 0.214729724032211 0.414356134141667 -5.92033433189756
"P00742" 0.388429757140569 0.369009306496356 1.25126878321278 0.21718257997631 0.417811609649547 -5.92865382750737
"DDBX" -0.831291469722003 1.09075362379658 -1.24327740445149 0.220084866702929 0.422108057415039 -5.93835429249778
"ALDOB" -0.612195760707362 0.356123696946491 -1.24064531410855 0.221047047476729 0.422299247572685 -5.94153659357517
"H2AC7" 0.371044685070982 0.298618059715194 1.2393462953859 0.221523060137177 0.422299247572685 -5.94310483676795
"SeRPINA6" -1.20460495586248 1.96150691123315 -1.23141996242935 0.224444033632476 0.426578871150881 -5.95264065281416
"CATHL4" -0.751591163399095 0.921576588262768 -1.2251914785424 0.226759200660696 0.4296848517024 -5.96009372014701
"CORO1A" -0.59818448960206 0.546552496626269 -1.22330424734306 0.227464157983747 0.429730190681869 -5.96234502038914
"TUBB4A" -1.21697438524518 0.741573985655821 -1.21245950563672 0.231546401410992 0.436136654598018 -5.97521885293537
"KRT17" -1.63739566567764 3.15566229471789 -1.19527565113297 0.238124478444266 0.447053153036456 -5.99539780444816
"DSG1" -0.803860630740678 1.03087995997917 -1.19342781654768 0.238839877745279 0.447053153036456 -5.99755161763194
"YWHAG" -0.743619142959746 0.468170897201404 -1.19039698696682 0.240016669595287 0.447053153036456 -6.00107754060254
"ACTN1" -0.941939421704473 0.758090282966487 -1.18998761476756 0.240175941171725 0.447053153036456 -6.00155313932728
"CSRP1" -0.578960154958405 0.533260908749307 -1.17250967705815 0.247047868175007 0.458491778877733 -6.02171515199099
"P16402" 0.447904915233607 0.535435086540311 1.16440742835177 0.250281312272606 0.463130522123209 -6.03096644208461
"CA2" -0.496040787062621 0.345645323777982 -1.15910771254002 0.252412771875651 0.465708944600982 -6.03698506880346
"AOCX" -0.942206766221827 0.648107272474439 -1.1559276825138 0.253697985499837 0.466073247767445 -6.04058405406136
"ANXA2" 0.567575322853137 1.02910085649948 1.15496624731592 0.254087475803488 0.466073247767445 -6.04167031961019
"HPX" -0.530725391243426 4.43467162277725 -1.14843552611649 0.256744537586425 0.469582038310244 -6.04902641710807
"KRT83" 1.05709203164505 0.457778587254636 1.14456269632502 0.258329602426908 0.471115546622482 -6.05337012437081
"Q06033" 0.734644013863107 0.590504811827602 1.14165163285971 0.259525642033873 0.471932795744594 -6.05662601378118
"P34931" 0.616457638120605 0.704760182144938 1.13373119430442 0.262799867701008 0.476513553216483 -6.06544502910745
"RPS4X" 0.514912878481524 0.513292028294379 1.12268457614833 0.267415457255987 0.480985417253664 -6.07764800359886
"AOCY" 0.513813279915833 0.299076449280129 1.12141567982843 0.267949302299087 0.480985417253664 -6.07904249404348
"F9" -0.806356128911009 1.26479360370761 -1.11939052757308 0.268802882629469 0.480985417253664 -6.08126500384444
"OGN" -0.661274826367728 0.903564955960522 -1.11839278945912 0.269224127143855 0.480985417253664 -6.08235857735557
"GALK1" -0.36467231408298 0.276395954789196 -1.11807356354998 0.269359002932978 0.480985417253664 -6.08270827095035
"FN1" 1.02789177772909 3.63302739964173 1.11693681229334 0.269839679410138 0.480985417253664 -6.08395274943716
"eeF1A1" 0.754265050532273 3.10639466574768 1.11434305541916 0.270938726962658 0.481584047080105 -6.08678782536121
"AHSG" -0.338534271682775 6.27250171719331 -1.09247157343608 0.280332350440576 0.496881216651695 -6.11044585304652
"P61204" 0.344778430175178 0.540338427439164 1.08915184226704 0.281777893603834 0.498044400179326 -6.11399788730363
"HSP90AA1" -1.07507138510444 2.00619567514892 -1.08699473400339 0.282719979644084 0.498313707138036 -6.11630044468554
"LOXHD1" 0.344778430175178 0.305129942147082 1.08351585212574 0.284243973191347 0.49834313776174 -6.1200047719874
"BLVRB" -0.811972900289229 1.35086998416588 -1.08248675756388 0.284695887377784 0.49834313776174 -6.12109839554618
"TUBA1A" 0.856363033817605 1.19948842838369 1.0815538885338 0.28510597897304 0.49834313776174 -6.12208890721919
"TIe1" -0.437725794905157 0.329321550699608 -1.07226580986826 0.289211552113769 0.503469228244959 -6.13190665769784
"P62979" 0.373042496790572 0.649622135978336 1.07131434276836 0.289634437167861 0.503469228244959 -6.13290784105859
"JUP" 1.05841700358679 1.93676595742777 1.06413689707749 0.292838353372898 0.507488859862073 -6.14043309478474
"GAPDH" 0.58344509031694 3.07871804506745 1.06253811617498 0.293555362677744 0.507488859862073 -6.14210279881849
"TPI1" -0.642789900996444 1.16634827998241 -1.05712368712376 0.29599261731097 0.510304211812082 -6.14773967449604
"F13A1" -0.623295790924209 1.66628805992448 -1.05185882972883 0.298375925661329 0.513011468916345 -6.1531945490475
"Q9NY65" 0.752971927425637 0.771076784687933 1.03877488308153 0.304356003634586 0.521871299710391 -6.16663836079311
"ILK" 0.578487119833672 0.589892980239292 1.02712505372283 0.309749359204334 0.529679798530988 -6.17847357281228
"Q9BQe3" 0.921177729431922 0.969807632327124 1.02349389858098 0.311443676028722 0.531137728578713 -6.18213647246313
"KRT81" 1.00998468961925 0.615608932666368 1.02108674449094 0.312570340831983 0.53162233171154 -6.18455784441282
"ARFIP2" -0.616420619265653 0.436516442761799 -1.0180020911995 0.314018157512005 0.532649079005578 -6.18765275829663
"P12814" 0.681290809638314 0.537805322538134 1.01208724391309 0.31680708563437 0.535939064437768 -6.19356225868046
"LIMS1" 0.296447322071279 0.626390033840329 1.00682520902718 0.319302271846801 0.538505898580171 -6.19879187341645
"MSN" -1.11173496966099 1.31140299204594 -1.0052931601117 0.32003123925129 0.538505898580171 -6.20030958447217
"KRT5" -0.622515699125587 4.67624021226336 -0.996424744540132 0.324273012835827 0.544192210370763 -6.20905156533852
"F12AI" -0.620532161177506 4.11224061514221 -0.993016689084476 0.325913104812064 0.545493817337964 -6.21239131692189
"P84077" 0.344778430175178 0.497523308665411 0.990871597439615 0.326948260202592 0.545556871500454 -6.21448779992559
"P16403" 0.447904915233607 0.413501804493008 0.987572610561526 0.328544550190448 0.545556871500454 -6.21770355838454
"H1-4" 0.447904915233607 0.413501804493008 0.987572610561526 0.328544550190448 0.545556871500454 -6.21770355838454
"GSTA1" -0.688405880045914 1.18884112702396 -0.985570255737705 0.329515976944094 0.545733809584575 -6.21965038784329
"KLKB1" 0.696239575763507 2.45522538487941 0.982095414276149 0.33120632644888 0.547097361228386 -6.22301988756394
"RPS25" 0.514912878481524 0.528543909319453 0.978930988841347 0.332750703881573 0.548213300650842 -6.22607846042568
"ITIH4" -0.416322725056585 5.50207756163405 -0.966028654387821 0.33909724457217 0.55721448261729 -6.23845122669617
"S100A9" 0.504158979421319 0.734901277775447 0.956977772155474 0.343596864118607 0.563141873399587 -6.24703661144703
"PGK1" -0.842299222013978 1.44964417635107 -0.951136179661692 0.346521817565668 0.566464421979111 -6.25253655484474
"GFAP" -0.797268562840604 1.07772854627193 -0.940751789931497 0.351761715399742 0.573544295651775 -6.26223370692131
"P62987" 0.373042496790572 0.600125432816278 0.938522096678285 0.352893530880148 0.573906747384982 -6.26430249211036
"HRNR" 0.313567338697534 0.465822623919104 0.926899941443817 0.358831532639846 0.581055861137819 -6.27500944765129
"KPRP" 0.651275031994826 0.531270244173194 0.925020380479798 0.359797901472041 0.581055861137819 -6.27672893756931
"APOA4" -0.699340003295268 2.28641850567132 -0.92452661840042 0.360052047075891 0.581055861137819 -6.27718009151248
"ARF1" -0.435617216175692 0.648213854274732 -0.920647933068593 0.3620525037295 0.581623616073939 -6.280716005877
"Q13509" 0.654112904958408 0.919595553811429 0.920270878106385 0.362247355177588 0.581623616073939 -6.28105897583472
"P35625" -0.149890341408721 0.334972889619899 -0.910381992174801 0.367381867627491 0.588370452977023 -6.29000559348695
"KRT15" 0.921177729431922 0.898171136215576 0.900734115576133 0.372436157377666 0.594954975456473 -6.29864435542027
"BLMH" 0.244935299290493 0.34131178630279 0.891444972741268 0.377344369064609 0.601273476969112 -6.30687799156584
"APOC3" -0.595864734363964 1.19778688740857 -0.888393402866477 0.378965710951741 0.601686793438689 -6.30956483781315
"F5" -0.795458289024004 4.62038982616386 -0.887369255376734 0.379510845940726 0.601686793438689 -6.31046458523245
"B4GALT1" -0.568676851055709 0.604090201189785 -0.870374578853608 0.38862940375739 0.614599382884494 -6.32524856839048
"HNRNPK" -0.437725794905157 0.431388864781368 -0.865799681905994 0.391107438951247 0.616629776058985 -6.32918113755708
"PPIA" -0.630672059957441 1.35382875730019 -0.8639666175683 0.392103110426193 0.616629776058985 -6.33075120907684
"O43707" 0.513813279915833 0.363742985490342 0.862602742548527 0.392844960341857 0.616629776058985 -6.33191731777105
"TF" -0.279005394258921 6.43319179890424 -0.855104170488157 0.396939321096501 0.620281506619028 -6.33829672205342
"SPP2" -0.664244671125043 0.907685424247359 -0.854742543141147 0.397137446393165 0.620281506619028 -6.33860301344486
"TUBA4A" -0.781962047072279 2.94213655683537 -0.851233456598467 0.399063172975292 0.621750276907183 -6.34156862723395
"S100A12" 0.371044685070982 0.286516449992109 0.842791453298874 0.403719728783595 0.627456031680907 -6.34865475380165
"TBA1B" -0.773732190984883 2.81683154113251 -0.838133324598175 0.406303452013525 0.629920093907947 -6.35253543618284
"P13929" 0.467694301823774 0.395447519903641 0.826435258124643 0.412836829236977 0.638480488354246 -6.36218912670488
"LRP1" 0.386516883137844 0.614868001325349 0.813420910320035 0.420180431618981 0.648249027754466 -6.37277432625597
"CST3" 0.236858201536753 0.296271887536228 0.8038243582166 0.425645924279647 0.655079459074286 -6.38047514030448
"CSN1S2" 0.514912878481524 0.825354632457218 0.800184583971107 0.427730036672 0.655621293172181 -6.38337267051556
"KRT35" 0.829916596277664 1.03842056043664 0.799581367690345 0.428076026603706 0.655621293172181 -6.3838516407118
"RAP1BL" 0.417153182400162 0.558280460192407 0.795817977626616 0.430238410827491 0.657337620416821 -6.38683194540172
"CSN2" -0.51860703561235 0.719409121077165 -0.790461769528148 0.433327273439258 0.658885026313268 -6.39105005625924
"NCAM1" -0.412307723644379 0.308761910501216 -0.790440445229039 0.433339597337569 0.658885026313268 -6.39106679415988
"NeFH" 0.447904915233607 0.384919047854502 0.786971109124452 0.435347409032514 0.659767262376846 -6.39378410120889
"eRC1" -0.149890341408721 0.453126800778874 -0.785618271051398 0.436131838380076 0.659767262376846 -6.39484054043238
"P08729" 0.487868967517064 0.723712998452794 0.784025270457487 0.437056601701302 0.659767262376846 -6.3960822564524
"MPV17L" -0.46375570990266 0.315558794847105 -0.77844254514056 0.440306658823468 0.663087116271142 -6.40041453009461
"P0CG53" 0.577276496766001 1.03241699431888 0.766432651622842 0.447346714613311 0.670996284440511 -6.40963218608941
"P05543" 0.31663993644821 0.424580065328214 0.765857830371168 0.447685318144937 0.670996284440511 -6.41006986343598
"AMY2A" 0.297781801783272 0.570364073266519 0.762919045670442 0.449418784689539 0.671998230187439 -6.41230249738911
"SLC2A1" -0.149890341408721 0.273565477653511 -0.760320194069181 0.450955010092006 0.672701208907933 -6.41426990958686
"KRT20" 0.503488864354053 1.22298441785712 0.744236793331933 0.460530224648085 0.684424890232192 -6.42629991856151
"UBC" 0.577276496766001 1.09692025673344 0.743480286757287 0.460983483912332 0.684424890232192 -6.42685958944638
"HMGB2" 0.537066625350446 1.45785418284916 0.729756440977526 0.469250686824556 0.694128571051547 -6.43691614836537
"SeRPINB12" 0.296447322071279 0.57571456833276 0.728982636356641 0.469719334134724 0.694128571051547 -6.43747772803112
"CFL2" -0.421018342190579 0.374442757648552 -0.726881222472209 0.470993382475866 0.694385103603438 -6.43899986838152
"IQGAP1" 0.48864662358572 0.787962784654897 0.714656137856513 0.478444158345143 0.702319063477196 -6.44776984416533
"CFB" -0.499984644137997 4.57360680274049 -0.714400045113453 0.478600946585094 0.702319063477196 -6.4479520040252
"IGFBP2" 0.757847405284635 2.40775523204748 0.709186467046584 0.481799163222819 0.705371860774011 -6.45164656529795
"LDHA" -0.676274485896277 1.61294037748063 -0.701324366106462 0.486644719745127 0.710816708701794 -6.45716792669598
"DCD" 0.222919383340237 0.409362076418307 0.686598188434133 0.495793496629237 0.722507381923899 -6.46734765843898
"APCS" -0.534124765570279 0.693876707081285 -0.675951631252297 0.502466398012616 0.730544463469955 -6.47457550418241
"RBP4" -0.614772259540775 1.85734450256641 -0.672830087063848 0.504432138309371 0.730778659199394 -6.47667370720563
"KRT28" -0.800631822392652 1.15356301224141 -0.670941625802965 0.505623396099782 0.730778659199394 -6.47793844948952
"SeRPINA3-5" -0.583801923689781 4.1074092998534 -0.668638807200861 0.50707810194342 0.730778659199394 -6.47947598001431
"CDH1" -0.388978347570721 0.600999147693407 -0.667513761250581 0.507789626047247 0.730778659199394 -6.48022525868632
"P16070" 0.157929502269336 0.292146950984891 0.666520717265259 0.508418116305125 0.730778659199394 -6.48088559633517
"RAC1" 0.343961627278523 0.591880443610741 0.662610636324867 0.510896868230001 0.732672554211661 -6.48347628493365
"ARG1" -0.46375570990266 0.789853158760867 -0.655689648518354 0.515300293382212 0.736734221722215 -6.48802524546657
"COMP" -0.562285629652249 2.11674356416753 -0.65449219446801 0.516064225041551 0.736734221722215 -6.48880754141509
"HBG1" -0.149890341408721 0.477156268145192 -0.64849170333069 0.519901437539304 0.737271424579237 -6.49270652309891
"HBG2" -0.149890341408721 0.477156268145192 -0.64849170333069 0.519901437539304 0.737271424579237 -6.49270652309891
"LDHB" -0.585064824066365 1.58525526685111 -0.648422508654859 0.519945774861744 0.737271424579237 -6.49275127865264
"P07737" -0.149890341408721 0.41744026887899 -0.644298836317598 0.522591700311184 0.739361800216048 -6.49541003102578
"ARF4" -0.233491794929727 0.30652531458429 -0.640907369545586 0.524773154459995 0.740787159875294 -6.49758421029548
"SeRPINC1" -0.408247222779874 4.95379030804966 -0.637587023489856 0.526913519702269 0.740998662492581 -6.49970187953974
"eNO1" -0.547508528160696 2.99192467694863 -0.637032180682052 0.527271631472534 0.740998662492581 -6.50005469691165
"P12259" 0.413396806537461 0.759135697267659 0.635026974985193 0.528566918465117 0.741168279003308 -6.50132726579745
"RAP1B" -0.469823905920033 1.39753022001263 -0.627436509761094 0.533485187280354 0.744778249059443 -6.50610872099116
"GSTA2" 0.520129751235709 1.47844549928175 0.627410609261207 0.53350201041976 0.744778249059443 -6.50612493975113
"SeRPINA3-4" -0.599546065450132 4.28063114130312 -0.62548448059215 0.53475386356494 0.744877898254916 -6.50732922769641
"P05109" 0.296182266627947 0.687321161041491 0.618950602720044 0.539011815490653 0.749155188490312 -6.51138733796463
"H2BC12" -0.365972685019305 0.94148834362549 -0.611987887567161 0.543568470776698 0.753827923209003 -6.51566567669757
"KRT84" 0.461415919374361 0.579494009436698 0.609564523079979 0.545159042530755 0.754375780344093 -6.51714357991612
"P05786" -0.741478466333528 1.54148494534518 -0.599404105475966 0.551853694660349 0.761948859674401 -6.52327716533119
"H2B1" 0.35504881354935 0.855501407010386 0.597599825371146 0.553046874375398 0.761948859674401 -6.52435575493828
"RGN" -0.327614789308893 1.02697867734299 -0.590492694559733 0.557759528865856 0.766063935555956 -6.52857322330135
"MYH10" 0.571589039550664 1.59849695958135 0.58943616168988 0.558461823067734 0.766063935555956 -6.52919594258526
"ITIH1" 0.482578817820792 3.80924768927212 0.582602195945956 0.563015162921449 0.770634637317644 -6.53319734522744
"O00299" -0.149890341408721 0.309808546473659 -0.568103240620829 0.57273637852286 0.782243841662175 -6.54153447034061
"CFL1" -0.328058648118966 0.963123840118628 -0.562908293080238 0.576239395732791 0.784507394862155 -6.54447124950748
"P35443" -0.149890341408721 0.314705057137273 -0.561959596464252 0.576880239645071 0.784507394862155 -6.54500468891565
"RPS4" -0.370633372025095 0.663552093265655 -0.557868917533817 0.579647457226217 0.786575366687619 -6.54729466053059
"ACTC1" 0.708916218873123 3.14765073265295 0.551836468893588 0.583739920983633 0.789239185922815 -6.5506415265868
"P11171" -0.149890341408721 0.343269224856955 -0.551288958113764 0.584112044098185 0.789239185922815 -6.55094351439811
"TRAP1" -0.376409217628608 0.607607333279489 -0.544254253997036 0.58890339389368 0.794012909288273 -6.55479729398579
"HMGB1" 0.384386492016884 1.37648863820139 0.540243212322296 0.591643685497971 0.794274748655136 -6.55697277255059
"P07195" -0.149890341408721 0.331726118496806 -0.535661160836742 0.594781467619593 0.794274748655136 -6.55943851121095
"HBB" 0.436950860847748 3.60338993350591 0.535581247038623 0.594836262079305 0.794274748655136 -6.55948133123316
"DYNC1H1" 0.314777961765205 0.327439591398445 0.533364189934442 0.596357379332682 0.794274748655136 -6.56066677649044
"P62937" 0.18419575716514 0.554483106393435 0.533108970151076 0.596532602388907 0.794274748655136 -6.56080292910039
"P29279" -0.149890341408721 0.375357173522509 -0.53293780867269 0.596650128149817 0.794274748655136 -6.56089420290795
"SeRPINA3-2" -0.307862522449622 4.68780865363659 -0.526309594814516 0.601209653889198 0.796169990102469 -6.56440650775989
"MFGe8" -0.149890341408721 0.28800563179801 -0.523832844591325 0.602917563179679 0.796169990102469 -6.56570779947376
"eNO3" -0.517872112498973 0.800492843654084 -0.522809340685472 0.603624005731095 0.796169990102469 -6.56624378063502
"ITIH3" 0.415350714138152 4.69375702630809 0.52219922598809 0.604045301657081 0.796169990102469 -6.56656278842396
"P21291" 0.113818816659746 0.410715326481604 0.521710886986523 0.604382607383649 0.796169990102469 -6.56681785875529
"P05089" 0.244935299290493 0.390389495787338 0.519012314755631 0.606248138983964 0.796963699372669 -6.56822313131838
"NACA" 0.320524648459782 0.816083855863542 0.501531673770892 0.618396451239598 0.811243577405792 -6.57715164212527
"HGFAC" -0.149890341408721 0.363443167339019 -0.488872881736939 0.627261810216964 0.820294285503133 -6.58342846711658
"CCN2" -0.279382165080689 0.732630820155657 -0.486875477452099 0.628665794502055 0.820294285503133 -6.58440437355018
"SeRPINB3" 0.320524648459782 0.783301319974117 0.4861222292855 0.629195616772609 0.820294285503133 -6.584771374422
"CSTA" -0.149890341408721 0.381212035195322 -0.481267049648671 0.632615393005113 0.822865878443191 -6.58712344164391
"P23526" -0.149890341408721 0.434848844648397 -0.479621556401165 0.633776255029146 0.822865878443191 -6.58791529055183
"P31946" 0.157929502269336 0.416300648724564 0.463624936262731 0.645109738917054 0.835860873216964 -6.59547328075075
"SeRPINA3-6" -0.568143844704083 3.76802438787071 -0.458456524015028 0.648789970880627 0.838906704150975 -6.59786095067762
"MYH11" 0.199672286148388 0.652544957969425 0.455243880201696 0.65108205427362 0.840148826680275 -6.59933174209319
"P37802" -0.149890341408721 0.354293361291635 -0.451588324089764 0.653694286127014 0.841798152134992 -6.60099283905047
"P02675" -0.149890341408721 0.361465457081215 -0.445985134959088 0.6577067941546 0.8446422093316 -6.60351318292436
"PIP" -0.149890341408721 0.463104733121213 -0.444767683522381 0.658579979383751 0.8446422093316 -6.60405667425313
"CAPNS1" -0.238855234120386 0.739184125827107 -0.436928671172258 0.664213784652158 0.849012996785949 -6.60752087000278
"P11021" 0.236858201536753 0.437578763486024 0.436282648392666 0.664678954694546 0.849012996785949 -6.60780363457399
"PYGL" -0.149890341408721 0.289094199092255 -0.429216206930846 0.66977583852972 0.8534931123921 -6.61086952789382
"CPN1" -0.402005233021718 2.23358421359915 -0.427672241518901 0.670891574875565 0.8534931123921 -6.61153279312988
"CLeC11A" 0.0945944820160912 0.313556625083039 0.416546039497199 0.678953894672101 0.861091627632731 -6.61624233181736
"TGFBI" -0.345347755199214 2.44310842150736 -0.415665341623886 0.679593709288589 0.861091627632731 -6.61660985585324
"IGF2" 0.234579568188534 0.705943254415119 0.409853644861382 0.683821785073897 0.864567968094939 -6.61901577838615
"P18065" -0.149890341408721 0.31297054960441 -0.408130145869922 0.685077629235292 0.864567968094939 -6.61972280714472
"TRPC4" -0.149890341408721 0.269665615237759 -0.401912459305304 0.689615661384487 0.868557848969284 -6.62224889762535
"PROS1" -0.430149540768859 2.03387790338065 -0.391231177344653 0.697438394879571 0.869836630538047 -6.62649853749866
"Q08188" 0.24119258647255 0.494699043019943 0.390969104590969 0.697630753583847 0.869836630538047 -6.62660137660625
"O75083" -0.149890341408721 0.280586141774954 -0.389729307212361 0.698541024013369 0.869836630538047 -6.62708695358266
"Q06830" 0.113818816659746 0.336582340418348 0.386551336685903 0.700876362006809 0.869836630538047 -6.62832463580146
"P49747" -0.149890341408721 0.476961206766378 -0.386019900062591 0.701267175158292 0.869836630538047 -6.62853062494282
"RAN" -0.179343732533231 0.736928979129569 -0.384351143972064 0.702494892007291 0.869836630538047 -6.62917561831369
"IGFBP4" 0.180826779907663 0.316080397760248 0.382740769866351 0.703680417489733 0.869836630538047 -6.62979541420828
"PGLYRP1" 0.313149990156861 1.52650722953648 0.381658963356487 0.704477240206715 0.869836630538047 -6.63021032478684
"UTRN" -0.149890341408721 0.277898308571694 -0.378890110591859 0.706518209992659 0.869836630538047 -6.63126696112907
"ANXA5" 0.180826779907663 0.794981727204845 0.378458723240368 0.706836389972429 0.869836630538047 -6.63143089679936
"VASP" -0.194744548510796 0.502140227184709 -0.378237959206468 0.706999240198706 0.869836630538047 -6.63151471968526
"P46781" -0.149890341408721 0.294764093673969 -0.377713018124599 0.707386527252323 0.869836630538047 -6.63171384173493
"HSPA5" 0.236858201536753 0.826080446789921 0.376134547748003 0.708551550073782 0.869836630538047 -6.63231093577119
"THeMIS" -0.149890341408721 0.314023317558594 -0.368666803536498 0.714072786182223 0.872039262122176 -6.63510209747975
"KRT24" 0.199672286148388 0.307843755544185 0.368018174393519 0.714553082458686 0.872039262122176 -6.63534190473465
"H1-3" -0.20606537409835 1.0433624240056 -0.36704097718318 0.715276897013199 0.872039262122176 -6.63570239561674
"KRT78" 0.31663993644821 1.21398713660327 0.364230146536356 0.717360365206933 0.872039262122176 -6.6367340071102
"FLNB" 0.157929502269336 0.413331594768217 0.363761039625561 0.717708292803956 0.872039262122176 -6.63690540777622
"HBe1" -0.149890341408721 0.355476418673161 -0.362508270781533 0.718637743745692 0.872039262122176 -6.63736206379479
"Q86UX7" -0.149890341408721 0.290262389270065 -0.357657928557709 0.722240342129147 0.874728706110349 -6.6391153255657
"HSPA6" 0.199672286148388 0.711514689119529 0.352324567205453 0.726209058271094 0.87648398276042 -6.64101607637161
"K2C4" 0.413396806537461 1.07211431784201 0.351977338136972 0.726467706788748 0.87648398276042 -6.64113884030347
"KRT18" 0.180826779907663 0.340387878901831 0.34834942296987 0.729172037051053 0.877160662334415 -6.64241430089651
"P00338" -0.149890341408721 0.339952528327364 -0.347495884023357 0.729808791958111 0.877160662334415 -6.64271246837208
"ACTN3" 0.157929502269336 0.28601249898022 0.345141768502864 0.731565999495399 0.877293322613359 -6.64353106273984
"MST1" -0.229106701660367 1.60785553826297 -0.343623845460189 0.732699811437782 0.877293322613359 -6.64405595349334
"ANG1" -0.149890341408721 0.327357710119103 -0.336426157914113 0.738084288672669 0.88184168064558 -6.64651354683564
"P54652" 0.18419575716514 0.339616098038885 0.334812093836382 0.739293580129179 0.88184168064558 -6.64705755110857
"P00558" -0.149890341408721 0.750630568987068 -0.326353491548418 0.745641776623427 0.887321699010146 -6.64986586527517
"CSN1S1" 0.205532415006577 1.04968891000601 0.324945541389808 0.746700193620266 0.887321699010146 -6.65032637177808
"HP" -0.276979015818035 0.619022881242853 -0.317466510509624 0.752330736490871 0.89155216405813 -6.65273935605477
"PLeK" 0.113818816659746 0.356570434842956 0.316464602935121 0.753086059339118 0.89155216405813 -6.65305835650455
"THBS3" 0.0945944820160913 0.323629307052341 0.311567859237893 0.756781140471671 0.892410805500788 -6.65460300201088
"ReG1" -0.149890341408721 0.282004772270175 -0.311325196154566 0.756964404224205 0.892410805500788 -6.65467892477863
"Q32Le4" -0.149890341408721 0.358614391703744 -0.309882579657139 0.758054186606058 0.892410805500788 -6.65512906480414
"CTSD" 0.113818816659746 0.404874234398911 0.295705143709333 0.768790224989783 0.901147163888178 -6.65944207100277
"S100A7" 0.113818816659746 0.524428888572263 0.292917879632144 0.770906388980429 0.901147163888178 -6.66026634145889
"BCL2L14" 0.113818816659746 0.278345186011782 0.28998877546491 0.773132141086214 0.901147163888178 -6.66112417744426
"IGFBP6" -0.149890341408721 0.599377808165143 -0.289192574490534 0.77373748825151 0.901147163888178 -6.66135587321432
"AOC3" -0.182483008412372 0.499763080736666 -0.289132023511169 0.773783530645896 0.901147163888178 -6.66137346767862
"FKBP4" -0.149890341408721 0.307773610383954 -0.288789499514744 0.774043998141668 0.901147163888178 -6.66147292670428
"HSPA1B" -0.245650335892371 2.41794247840277 -0.282487941992391 0.778840587591032 0.902904474485168 -6.66328175576587
"HSPA1A" -0.245650335892371 2.41794247840277 -0.282487941992391 0.778840587591032 0.902904474485168 -6.66328175576587
"TUBA1C" 0.18419575716514 0.335330475246119 0.279859847182135 0.780843614414244 0.902904474485168 -6.66402438651237
"Q7Z3Y7" -0.149890341408721 0.378250244393938 -0.277652014785182 0.782527496840973 0.902904474485168 -6.66464291557972
"POTeI" -0.149890341408721 0.510637212644928 -0.277415430051509 0.782707999276366 0.902904474485168 -6.66470890569823
"HMGCR" -0.149890341408721 0.299332174844075 -0.267991667502876 0.789907591674292 0.905882903166898 -6.66729186071809
"CHI3L1" -0.149890341408721 0.759499594345939 -0.265157912598046 0.792076191495264 0.905882903166898 -6.66805116349407
"PSMe4" -0.149890341408721 0.337757591140528 -0.265042631696068 0.792164448323517 0.905882903166898 -6.66808188260968
"Q9BUF5" -0.149890341408721 0.589043054365598 -0.262433612131747 0.794162596822669 0.905882903166898 -6.66877355160827
"ACTBL2" -0.149890341408721 0.466625960054164 -0.257427694514444 0.79800033684588 0.905882903166898 -6.67008155344015
"SeRPINA3-1" -0.324069517910512 3.84999949266226 -0.254957317073405 0.799896095110349 0.905882903166898 -6.67071778535582
"CATHL3" -0.149890341408721 0.337409403174493 -0.254706256883293 0.800088826153191 0.905882903166898 -6.67078210207129
"DSC1" -0.149890341408721 0.453335524236637 -0.25324117797731 0.801213771783187 0.905882903166898 -6.67115616647393
"ARHGeF9" -0.149890341408721 0.399278493642343 -0.252470232341123 0.8018059055815 0.905882903166898 -6.67135214051286
"BRN" -0.149890341408721 0.463884710841 -0.2495897344099 0.804019343630422 0.905882903166898 -6.67207908962017
"FLNC" 0.0945944820160913 0.271711608969947 0.249337784562741 0.804213024951168 0.905882903166898 -6.67214227839692
"CPB2" 0.195639384724187 2.49092361437449 0.246627919411414 0.806296961193866 0.905882903166898 -6.67281788637472
"ARF3" -0.121751847681754 0.662656135431604 -0.245597934160792 0.807089412511126 0.905882903166898 -6.67307274524428
"K2CA" -0.149890341408721 0.49157497204076 -0.242961943966644 0.809118423785286 0.905882903166898 -6.67372014797751
"MAP4" -0.149890341408721 0.337161908363979 -0.240955840017656 0.810663479852737 0.905882903166898 -6.67420818053416
"O43505" 0.0543436585667079 0.29264576963563 0.239749251364089 0.811593134790648 0.905882903166898 -6.67449976822119
"PKP1" -0.149890341408721 0.315565674847234 -0.237541257970904 0.813295063953535 0.905882903166898 -6.67502957758756
"MAML2" -0.149890341408721 0.395914935966484 -0.237274179769547 0.813500990716956 0.905882903166898 -6.67509333167059
"LASP1" -0.149890341408721 0.588559131748599 -0.235063846100627 0.815205746250267 0.905882903166898 -6.67561821296867
"TUBB2A" -0.149890341408721 0.306442143454817 -0.234458187857439 0.815673028114803 0.905882903166898 -6.67576118146042
"PFN1" -0.212397430368304 1.79396376116169 -0.233923494894403 0.816085614621484 0.905882903166898 -6.67588709245753
"RNASe4" -0.149890341408721 0.790744822982162 -0.232248191053934 0.817378674162145 0.905882903166898 -6.67627974075508
"PF4" -0.149890341408721 0.493140774575256 -0.230894826029877 0.818423624974302 0.905882903166898 -6.67659487896851
"H1-2" 0.134039546739669 1.01099196772226 0.229153619691693 0.819768523157928 0.905882903166898 -6.676997625362
"H4" 0.13078105508097 1.60037448391229 0.225687468649766 0.822447385914352 0.905882903166898 -6.67779030269398
"P62258" 0.0945944820160913 0.499107347535886 0.225468968409504 0.822616328866295 0.905882903166898 -6.67783986783919
"KRT40" -0.149890341408721 0.28844792166748 -0.221425047174551 0.825744587585755 0.907743614575978 -6.67874855351247
"MYLK" -0.149890341408721 0.407756496006438 -0.213552584946296 0.831842652857671 0.91030329387383 -6.6804704580766
"KRT73" -0.148520113728496 2.38515311888049 -0.212159496962883 0.832922849943739 0.91030329387383 -6.68076868398777
"BPT2" 0.134039546739669 0.60882521501471 0.211581855246408 0.833370847662424 0.91030329387383 -6.68089177157886
"KRT74" -0.234820215484548 0.857335682092491 -0.210972389237569 0.833843587732288 0.91030329387383 -6.68102127738611
"HSPA2" 0.18419575716514 0.692878943111484 0.20465390852919 0.83874822276101 0.911533677670598 -6.68234192457778
"UBA52" -0.124354052377834 1.27572881511371 -0.204089626152708 0.839186557269567 0.911533677670598 -6.68245791769707
"KRT72" -0.218091902148902 1.78368945396979 -0.203937954399774 0.839304384669758 0.911533677670598 -6.68248904062702
"P63267" -0.149890341408721 0.706404285464378 -0.18505578028135 0.854001362830387 0.925901821213014 -6.68618320671056
"P04272" 0.180826779907663 1.21847887840817 0.182504527161193 0.855991278129007 0.926467403944089 -6.68665488266496
"CCDC168" -0.149890341408721 0.497858398849557 -0.176296439984168 0.860837362295316 0.930117081521137 -6.68777532160203
"FGB" 0.155474214586954 2.91781616788423 0.173348108237419 0.863140763604823 0.9310116612558 -6.68829387745127
"ADORA1" -0.149890341408721 0.406560103967575 -0.167383515216696 0.867804292793937 0.934444554185963 -6.68931622932278
"CAPN1" 0.0793162453730272 0.388832623725532 0.16417992171824 0.870311056715303 0.934856048714068 -6.68985057959538
"P62736" -0.149890341408721 0.638998481544567 -0.161537499215374 0.872379727442267 0.934856048714068 -6.69028356621921
"C3" -0.0624483307027344 6.60985039740058 -0.159732727518092 0.873793146562366 0.934856048714068 -6.69057526250761
"SeRPINA3-8" -0.135037579400203 2.76356503180944 -0.159324859778447 0.87411262875008 0.934856048714068 -6.69064073064635
"RAP1A" 0.109333338722105 0.599993751912971 0.150208863077099 0.881258609835294 0.939584003362196 -6.69206033678575
"CKB" 0.0543436585667078 0.278064743634779 0.149673842879086 0.881678325769481 0.939584003362196 -6.69214105873861
"RPL12" 0.036958586497121 0.361472331618091 0.147988729534934 0.883000497612967 0.939584003362196 -6.69239342226616
"TUBB2B" -0.149890341408721 0.765486657853197 -0.145396390839059 0.885035151920218 0.940163604144204 -6.69277607879687
"SeRPINA3-3" -0.149890341408721 0.50964773980268 -0.140663022587395 0.88875225201275 0.942525497512681 -6.69345734367049
"COL3A1" 0.036958586497121 0.302753326489726 0.138247336766336 0.890650262730544 0.942572179675652 -6.69379634725878
"RPL22" -0.0363042967905893 0.348742198865514 -0.13637012156203 0.892125643341495 0.942572179675652 -6.69405573360914
"RPL30" 0.036958586497121 0.316838166991133 0.132200162746205 0.89540435826268 0.942572179675652 -6.69461924473167
"ACTG2" -0.149890341408721 1.10752783647369 -0.130566908678147 0.896689043941577 0.942572179675652 -6.69483519059958
"ACTA2" -0.149890341408721 1.10752783647369 -0.130566908678147 0.896689043941577 0.942572179675652 -6.69483519059958
"P50395" 0.036958586497121 0.305060164883725 0.128674669203696 0.898177792187157 0.942572179675652 -6.6950820248269
"KRT27" -0.149890341408721 0.822600485886249 -0.127308728156063 0.899252697566945 0.942572179675652 -6.69525796799895
"TUBB6" 0.113818816659746 0.781667074279942 0.124961233377543 0.901100465839454 0.942942610190208 -6.69555595914679
"KRT25" -0.149890341408721 0.870916214072822 -0.115629848647011 0.908450792984012 0.949060348299523 -6.69668568336146
"TAGLN2" -0.0974472854631623 1.7896858980515 -0.106315636814126 0.915795676972606 0.953041584829341 -6.69772598662022
"eDIL3" 0.0543436585667079 0.874239341804051 0.105349729692665 0.916557796280613 0.953041584829341 -6.69782887435763
"ADAMTS13" -0.0363042967905893 0.332982228000967 -0.105051936906912 0.916792776531553 0.953041584829341 -6.6978604057448
"P61284" 0.036958586497121 0.272669072133968 0.10037825215685 0.920481625340157 0.955302476298749 -6.69834358504832
"Q00610" 0.0543436585667079 0.270744400877645 0.0956027475477463 0.924252664530132 0.95764110232925 -6.69881459164415
"CATHL2" 0.036958586497121 0.348458948683919 0.0913796660217407 0.927588944240027 0.9595223341237 -6.69921199567577
"TIMP3" 0.036958586497121 0.303581002833819 0.0855527036797208 0.932194454390811 0.962035166686251 -6.69973086774629
"H2AZ2" 0.0571793165770441 0.622406535074498 0.0836916649281484 0.933665882721605 0.962035166686251 -6.69988938878115
"PLG" -0.0526136777563782 5.08341324061474 -0.0811002032883333 0.935715208065417 0.962035166686251 -6.70010432093087
"H2AZ1" 0.0571793165770442 0.669371869306268 0.078415417554327 0.937838797972153 0.962035166686251 -6.70031986584506
"P09210" 0.036958586497121 0.330527392169844 0.0777128786379153 0.938394562509351 0.962035166686251 -6.70037507098583
"CASP14" 0.036958586497121 0.43547856288609 0.0752470460887935 0.940345477019854 0.962035166686251 -6.70056490371704
"LOX" -0.0363042967905892 0.69202037673911 -0.0748110232722458 0.940690487869123 0.962035166686251 -6.70059783438584
"CALD1" -0.0363042967905892 0.613608729397705 -0.0631137592629475 0.949950234797953 0.968860886600687 -6.70140985423751
"IGFBP5" 0.036958586497121 0.517686905947146 0.0601795771128505 0.95227412841729 0.968860886600687 -6.70159194009365
"LeCT2" -0.0363042967905894 0.40535114520609 -0.059106533648881 0.953124092434992 0.968860886600687 -6.70165636578424
"CHAD" 0.0369585864971209 0.459959781554867 0.0586237649346335 0.953506514388315 0.968860886600687 -6.70168497329972
"CFH" 0.0322593008795087 4.64711187182647 0.0547781108709065 0.956553210475745 0.970394012556583 -6.70190447889737
"PARVB" 0.00670824900530931 0.408945657906606 0.0273515901292498 0.978297999366452 0.988182476885988 -6.70303828561335
"P61981" 0.00670824900530931 0.3862453650712 0.0250167494569337 0.980150155290402 0.988182476885988 -6.70309983242096
"C7" -0.0199535504322843 3.19095786669979 -0.0247006376210652 0.980400925626723 0.988182476885988 -6.70310774338104
"A2M" -0.00690685529464474 6.85398639709391 -0.0201858475765472 0.983982697653007 0.988182476885988 -6.70320975140806
"P00488" 0.00670824900530931 0.373297292501453 0.0196197885477705 0.984431801053514 0.988182476885988 -6.70322109337983
"PGK2" 0.00670824900530936 0.431077244658023 0.0188036428363453 0.985079328700651 0.988182476885988 -6.70323687844503
"P27348" 0.00670824900530934 0.290054174300835 0.0182529627310854 0.985516242467569 0.988182476885988 -6.7032471502745
"KRT10" 0.029237204714504 1.86919749840774 0.0168663399251345 0.986616419077928 0.988182476885988 -6.7032716627591
"GAPDHS" 0.00670824900530934 0.322370115713481 0.0138637532242758 0.98899882372107 0.98899882372107 -6.70331810821413
