"logFC" "AveExpr" "t" "P.Value" "adj.P.Val" "B"
"ALB" -8.71024376988392 7.83356785233269 -38.1827236562458 2.09688540641367e-36 1.32313469144702e-33 64.3194836491927
"P13645" 7.49640712171056 2.97643993189695 20.6937145208239 6.76971405743418e-25 2.13584478512049e-22 44.3933363161301
"KRT1" 8.725397217217 3.24960602826261 20.184907395782 1.89810761861225e-24 3.99235302448111e-22 43.5108802200042
"SeRPINA1" -7.08355458776913 6.29018619540095 -19.6075069561671 6.27381441290618e-24 8.89861506885229e-22 42.4798968082767
"A2M" -7.4835585054074 6.85398639709391 -19.4652101690069 8.45961934462624e-24 8.89861506885229e-22 42.2208621307486
"AHSG" -6.77742947102536 6.27250171719331 -19.4651079877603 8.46144063599267e-24 8.89861506885229e-22 42.2206754068379
"TF" -7.060363336041 6.43319179890424 -19.2582926613372 1.31058825307742e-23 1.18140169670265e-21 41.8406271074021
"KRT9" 7.28119435289749 2.75795260815414 17.7084492160277 3.92867568486075e-22 3.09874294643391e-20 38.8526860373325
"P63261" 5.25295431819007 2.45979019689723 17.5344517581761 5.83596197450648e-22 3.68249200591359e-20 38.5011833858714
"P60709" 5.25295431819007 2.45979019689723 17.5344517581761 5.83596197450648e-22 3.68249200591359e-20 38.5011833858714
"C3" -7.48643187031944 6.60985039740058 -17.042458966197 1.81569698207204e-21 1.04154981426132e-19 37.4889216141169
"AFP" -6.11085870554458 5.63990601640145 -16.9503975998828 2.25134574122633e-21 1.18383263559485e-19 37.2964484031051
"P02768" 6.77865155395074 3.23301415862248 15.6223051700266 5.52461633116882e-20 2.68156377305194e-18 34.4082851313415
"HBBF" -5.65499843345217 5.04709494072043 -15.2413275386783 1.43292562856894e-19 6.07299652361568e-18 33.5399227386119
"P35625" 2.81905912541247 0.334972889619899 15.2383695298984 1.44366002938566e-19 6.07299652361568e-18 33.533108774303
"eeF1A1P5" 5.85595337822992 1.86671378928113 14.6761757373027 6.07197114090329e-19 2.39463361869374e-17 32.2176393190062
"GC" -5.15986378122525 4.99867536177431 -14.5828836277216 7.73360535746197e-19 2.69360356144792e-17 31.995371564439
"ACTB" -4.81888776452979 4.58489953713887 -14.5645681782369 8.11069218185587e-19 2.69360356144792e-17 31.9516007667234
"ACTG1" -4.81888776452979 4.58489953713887 -14.5645681782369 8.11069218185587e-19 2.69360356144792e-17 31.9516007667234
"eRC1" 3.10602077951226 0.453126800778874 14.4886055807601 9.88534975434709e-19 3.11882784749651e-17 31.7695908997744
"APOA1" -6.61091036204679 5.65700133956763 -13.8596011926403 5.22338590273543e-18 1.56950309744098e-16 30.2328929488812
"HBG1" 3.47065284734895 0.477156268145192 13.3636858388602 2.00704069168884e-17 5.50627250632895e-16 28.9834658504309
"HBG2" 3.47065284734895 0.477156268145192 13.3636858388602 2.00704069168884e-17 5.50627250632895e-16 28.9834658504309
"eHD3" 4.7400212614302 0.929085257842862 12.9469192074696 6.36874415557245e-17 1.67444898423592e-15 27.9070905190817
"QSOX1" 3.60978238113806 0.805070645396471 12.7646670028106 1.06249821736877e-16 2.68174550063877e-15 27.4287307391604
"P29279" 3.95496139449612 0.375357173522509 12.514959204171 2.15691895241014e-16 5.18358559299927e-15 26.7656881199519
"SeRPINF1" -4.8847670246853 4.38231994384435 -12.5051653711249 2.21801602236102e-16 5.18358559299927e-15 26.7395023265328
"TLN1" 6.00461055815457 2.71389669310979 12.467569490707 2.46934085716717e-16 5.42588691755965e-15 26.6388553234567
"VTN" 4.65288407126928 1.30500717022259 12.4641383062395 2.49367227589905e-16 5.42588691755965e-15 26.6296597608761
"A1BG" -4.92733978691201 4.15117798268516 -12.3775423199311 3.19541278292647e-16 6.72101822008867e-15 26.3970272204407
"ITIH4" -5.96892114044783 5.50207756163405 -12.3265073458004 3.69987520863322e-16 7.45237832170864e-15 26.2594251789943
"AGT" -5.63627715002279 5.10974841269168 -12.3191187147933 3.77933607440058e-16 7.45237832170864e-15 26.2394729071083
"P62826" 3.91931640626642 0.748294253470853 12.1845997744089 5.5713624438597e-16 1.06531203093196e-14 25.8748531951762
"SeRPINA5" -5.2813546187018 4.39741935957571 -12.0643475919449 7.89742803931289e-16 1.46566973317836e-14 25.5467111523497
"GSN" -4.68874406400635 4.6420356331314 -11.9280559418892 1.17543213091219e-15 2.11913621315883e-14 25.1722936180598
"P21291" 2.91751671068044 0.410715326481604 11.901823139591 1.26928656501404e-15 2.2247772847885e-14 25.0999213737005
"FeTUB" -5.26033099572607 4.53036562922424 -11.8697226398473 1.39455816697599e-15 2.37828703611311e-14 25.011226565006
"HBA" -4.94827334166498 4.52126570357216 -11.7831977083439 1.79848019130453e-15 2.98642368608726e-14 24.7714176679161
"P68104" 5.89465547198528 1.79940580014137 11.4591460141394 4.70291401289469e-15 7.60907369778603e-14 23.8637246396519
"TTR" -5.16357190362623 3.61322770476154 -11.0061053383952 1.84454311555284e-14 2.90976676478461e-13 22.5694378052751
"P11171" 3.33169890464244 0.343269224856955 10.9057540178508 2.50561885310627e-14 3.8562085275855e-13 22.2787700145187
"P35900" 4.09865326569586 0.909107359925009 10.8061795088033 3.39991417209314e-14 5.10796629188279e-13 21.9889337288874
"P07737" 2.8086005871589 0.41744026887899 10.7445439595027 4.10954757971465e-14 5.99132157496812e-13 21.8088219377927
"P05452" 4.84691200305867 0.63467875107243 10.739196947677 4.17778366558791e-14 5.99132157496812e-13 21.7931714539805
"H2BC18" 4.25284778412798 0.730843712997558 10.6880747434968 4.89108442901844e-14 6.85838727713474e-13 21.6433343134154
"C4" -5.18994925975302 4.59241938916497 -10.6123977012374 6.18035096121649e-14 8.47782925332089e-13 21.4208491017977
"P23528" 3.58948504475081 0.716620014092231 10.6022412910601 6.3778435235427e-14 8.56259417735201e-13 21.3909284054301
"RPL12" 2.91201058752157 0.361472331618091 10.3774475032721 1.28377604255742e-13 1.68763058927861e-12 20.7249749637008
"SeRPINA3-7" -4.87836236421737 4.02428387310896 -10.3629461176965 1.34333370294047e-13 1.72988482970498e-12 20.6817715151658
"KRT2" 7.84486536987233 2.86031237617989 10.3319233570951 1.48031908024863e-13 1.86816267927377e-12 20.589248113707
"KRT14" 6.37389655042095 2.44276934440136 10.1214846006846 2.86950759763233e-13 3.55031234138431e-12 19.9581046853507
"KNG1" -5.29081170134871 4.54464354662345 -10.1122626638359 2.95433192363823e-13 3.58496816118408e-12 19.9303067380004
"SeRPINF2" -4.93998468945741 4.3277909011828 -9.99802840228407 4.24191590856099e-13 5.05028101566412e-12 19.58500203742
"ORM1" -4.94483586945821 3.86425014046426 -9.91337796639674 5.55176811060518e-13 6.48734384776272e-12 19.3279767177886
"KRT13" 5.27675851408794 1.5651524960697 9.59795623504483 1.52492550020968e-12 1.74950543751329e-11 18.3617965445899
"CSTA" 3.29994201028552 0.381212035195322 9.42981330006646 2.62594575597768e-12 2.95887816432485e-11 17.8414054536615
"HPX" -4.87770026271252 4.43467162277725 -9.39368880108392 2.95246838771892e-12 3.26843430289586e-11 17.729127184224
"RPL30" 2.9331458939377 0.316838166991133 9.33758586803095 3.54295039025299e-12 3.79629812597457e-11 17.5544245990213
"PKM" 3.96968003554904 1.39826985526521 9.3370069347618 3.54962899259112e-12 3.79629812597457e-11 17.5526197402829
"SYNCRIP" 5.11521803719493 0.978798074633221 9.31021214284237 3.87307452677971e-12 4.07318337732999e-11 17.4690390704237
"RPL22" 2.77986657135326 0.348742198865514 9.2932892872831 4.09254844741385e-12 4.23343945953793e-11 17.4162051923684
"P62937" 3.58457018458212 0.554483106393435 9.23331734956737 4.97669445029372e-12 5.03756026014472e-11 17.2286811552079
"P62979" 3.61129156300169 0.649622135978336 9.23008010055942 5.02957680489885e-12 5.03756026014472e-11 17.2185459461112
"UBB" 3.61569286363162 0.577739721944097 9.21163715230584 5.34187457786955e-12 5.18572747482413e-11 17.160779737389
"P0CG48" 3.61569286363162 0.577739721944097 9.21163715230584 5.34187457786955e-12 5.18572747482413e-11 17.160779737389
"P02788" 4.29487957803982 1.24423163318215 9.15011189657931 6.53267813034203e-12 6.24563621249367e-11 16.9677684992873
"KRT16" 6.12822904639705 2.30697925096178 9.05507599615273 8.92182201843331e-12 8.4024920800469e-11 16.6687190101582
"P13647" 6.63168537975946 2.44539382196407 8.87377250635678 1.62138429780415e-11 1.50454925281532e-10 16.0952028855166
"KRT5" -6.21461873799577 4.67624021226336 -8.85305153731776 1.73633840845821e-11 1.58786889237265e-10 16.0294098408621
"LYZ" 3.97645130890009 0.618327282928133 8.84300777850833 1.79498576989536e-11 1.61805145829139e-10 15.9975010519888
"FLG2" 3.68352532349139 0.546101704521524 8.79033019200095 2.13698720417884e-11 1.89920975469979e-10 15.8299550141289
"DCD" 3.18930706707633 0.409362076418307 8.74249639770777 2.50430949546941e-11 2.19474901616833e-10 15.677540111774
"Q04695" 5.89969958427396 2.00730714342483 8.67195379527823 3.1656682710246e-11 2.73635161509112e-10 15.4522958599079
"KRT3" 5.32876696167521 1.58048859238809 8.66445385313142 3.24563156711659e-11 2.76755880925752e-10 15.428315664903
"BLMH" 2.64437715406186 0.34131178630279 8.56546341434453 4.51361616409456e-11 3.79745573272489e-10 15.1112251842785
"HBA1" 5.50955586865403 1.70191375070829 8.55347530146099 4.69784532846262e-11 3.90044789771041e-10 15.0727519016964
"P04406" 5.03565670666625 1.46040235764334 8.47685305295676 6.06863307301172e-11 4.97312658320831e-10 14.826485905212
"P09429" 5.49710427465275 1.13960692870907 8.4510696691014 6.61550445759019e-11 5.35177347787103e-10 14.7434776890138
"FHL1" 3.41903543059119 0.658231571395055 8.43249474849375 7.04005317693166e-11 5.62313108182769e-10 14.683633657305
"P16402" 3.64248223109009 0.535435086540311 8.42754126068165 7.15784159470034e-11 5.64574755781989e-10 14.6676686208686
"P19823" 3.79618917598894 1.72378064659439 8.42304873597363 7.26638687942193e-11 5.66060508754968e-10 14.6531870625728
"SeRPINB12" 3.84691717335781 0.57571456833276 8.41912184404953 7.36262472891182e-11 5.66562951700409e-10 14.6405270973105
"SeRPINA3-2" -5.51169947177107 4.68780865363659 -8.38598922482431 8.22754736201416e-11 6.25491853666378e-10 14.5336470413783
"PIP" 3.17312764219497 0.463104733121213 8.37975698937036 8.40134732924543e-11 6.3072628242862e-10 14.5135303445058
"LIMS1" 2.77119369083205 0.626390033840329 8.3764063544255 8.49631283778648e-11 6.3072628242862e-10 14.502713370246
"P62851" 3.37777942059663 0.538293948984258 8.34258545820148 9.51765472706544e-11 6.98330247997476e-10 14.3934642456126
"P61224" 3.12650208465761 0.922756113454085 8.31987674704002 1.02720610194395e-10 7.4501959807659e-10 14.3200451516185
"Q06830" 2.74709446004216 0.336582340418348 8.30330542316795 1.08603807432117e-10 7.78738664655295e-10 14.266436122862
"H4C1" 3.8163347615517 0.852768548672937 8.20852013317833 1.49417821623799e-10 1.05935556679345e-09 13.9592807776948
"P62987" 3.60548116363285 0.600125432816278 8.07297728566735 2.36123618198105e-10 1.65548892314449e-09 13.5185567210318
"SeRPINC1" -5.73483266459616 4.95379030804966 -7.97115560953265 3.33333105140502e-10 2.31135372905117e-09 13.1863746171225
"APOH" -4.16173490872867 3.60746490795528 -7.88601859655371 4.45000744710061e-10 3.05212467295705e-09 12.907931963212
"P26583" 5.18491157968421 1.11725100709765 7.83549588138325 5.28374074252021e-10 3.58498968659167e-09 12.7424095895782
"ADIPOQ" -4.12159461502038 2.93752513994763 -7.80171900393005 5.92719447898142e-10 3.97878693216731e-09 12.6316343576228
"S100A7" 3.38435258289294 0.524428888572263 7.75160660155447 7.03009545494067e-10 4.66946340217638e-09 12.4671185711393
"P05109" 4.16449706254513 0.687321161041491 7.74539916734807 7.18037319038602e-10 4.71959946159748e-09 12.4467263790961
"P02771" 3.86789044823694 1.20445681963199 7.71646178443133 7.92473061313368e-10 5.15515981122407e-09 12.3516246408944
"PLeK" 3.07814874999028 0.356570434842956 7.61701803968034 1.11272835837794e-09 7.16460810343346e-09 12.024332274374
"Q08554" 3.15558863556956 0.505329989393162 7.55821777097981 1.36045268485721e-09 8.67116812267578e-09 11.8304759464689
"HBe1" 3.490817584693 0.355476418673161 7.5137325515434 1.58412495789764e-09 9.99582848433412e-09 11.6836587594727
"RPS4X" 3.85780454755146 0.513292028294379 7.48597770576885 1.74205010978331e-09 1.08835011809234e-08 11.5919921997479
"KRT75" -5.29563195985855 3.74408656908985 -7.35701021451771 2.71076132168638e-09 1.67695136665109e-08 11.1654235033724
"KRT6A" 6.48026228652075 2.4219735959836 7.20587369071716 4.55640726870443e-09 2.79135241412864e-08 10.6643428854495
"P16403" 3.6591402348113 0.413501804493008 7.18036578580915 4.97431649332776e-09 2.98932734027602e-08 10.5796607324248
"H1-4" 3.6591402348113 0.413501804493008 7.18036578580915 4.97431649332776e-09 2.98932734027602e-08 10.5796607324248
"P01008" 5.44167329608576 1.58182119686144 7.06974216146883 7.28038315017806e-09 4.33388846015316e-08 10.2120754564969
"P02656" 2.77748413677054 0.312947293834637 7.04737708342754 7.86363866416747e-09 4.63734205335484e-08 10.1376990797215
"Q02413" 5.08999201325022 0.973412188118829 7.02444158779678 8.51049459302911e-09 4.93316313773081e-08 10.0614063171719
"C4A" 4.47670476205928 1.69571761681544 7.02406229592989 8.5216288750025e-09 4.93316313773081e-08 10.060144477672
"Q14CN4" 4.7346224841768 1.04825329384874 7.00326986807504 9.15488985183756e-09 5.25157772409954e-08 9.99096381617711
"Q5XKe5" 4.97212633993623 1.3958302434628 6.97306118129148 1.01599850678671e-08 5.77563115119295e-08 9.89042695502247
"PLG" -5.06745452602491 5.08341324061474 -6.95180287904535 1.0932936486814e-08 6.15953832426756e-08 9.81965983490246
"KRT4" 4.02054666960223 0.841445248595557 6.83722192667011 1.62357032523493e-08 9.06613163914372e-08 9.43800563834001
"F12AI" -4.78625274322018 4.11224061514221 -6.81666870019591 1.74297799286346e-08 9.64753608330565e-08 9.36951074740233
"KRT7" -4.72423681015442 3.18158863035919 -6.75517732364589 2.15538826245816e-08 1.18265216835748e-07 9.16453583626321
"HRNR" 2.56460796048013 0.465822623919104 6.74694744452143 2.21754429559386e-08 1.20626762975838e-07 9.13709724647313
"P01024" 5.1185219160091 2.16965196404416 6.69631097347853 2.64149642775016e-08 1.4246019195815e-07 8.96825186097377
"APOe" -4.49299793861495 3.49230270079397 -6.61202599983415 3.53467254152037e-08 1.89015116415199e-07 8.68714266680314
"THBS1" -4.12738253037414 3.82406536567389 -6.60196090123744 3.65980109546142e-08 1.94061721952618e-07 8.65356976786037
"CFH" -4.27279411394226 4.64711187182647 -6.45726147646128 6.03504869482977e-08 3.17342977203132e-07 8.17090274705113
"P02649" 3.26286413001021 0.591694934187602 6.41708510341388 6.93414370367376e-08 3.61606998100673e-07 8.03690485915458
"SeRPINA7" -4.28989614769588 3.61633860496395 -6.40616862107461 7.20078424567824e-08 3.72434004837949e-07 8.00049856061736
"ANXA2" 3.5320639800738 1.02910085649948 6.3967393711414 7.43933211944307e-08 3.81643785964925e-07 7.96905329194827
"PGK2" 2.55856006731189 0.431077244658023 6.38282213517596 7.80592549009005e-08 3.97220885826357e-07 7.92264328160645
"CTSD" 2.75804881372212 0.404874234398911 6.37721513147012 7.95867152704269e-08 4.01753738685115e-07 7.90394627281535
"P08727" 5.51440492284029 1.29650660735389 6.37162019983245 8.11406553959472e-08 4.06322665006496e-07 7.88528997116322
"AMBP" -3.72982455368026 3.34141423414827 -6.36935040521174 8.17796805956023e-08 4.06322665006496e-07 7.8777214724198
"TLN2" 4.73079855920496 0.966455129892931 6.34045504045618 9.03679529701153e-08 4.40399605407086e-07 7.78137871863774
"BCL2L14" 2.79605703875497 0.278345186011782 6.3401196696949 9.04727471756394e-08 4.40399605407086e-07 7.78026061008294
"KNG2" -4.93556909828268 4.12277039415999 -6.33929136622325 9.07320898619987e-08 4.40399605407086e-07 7.77749909824855
"APOA2" -3.59290996881038 2.08661494538222 -6.32773729513544 9.44280731926146e-08 4.54840566294197e-07 7.73897984808879
"CFB" -4.88522458027682 4.57360680274049 -6.21231755311306 1.40692189289216e-07 6.72551298799205e-07 7.35435230309685
"Q7RTS7" 4.71553363109981 1.14685695489893 6.20514686839579 1.44219717471669e-07 6.84230388906941e-07 7.33046806721858
"KRT8" 5.10029001236517 1.37402142304736 6.17371779158457 1.60751793334506e-07 7.56972996970696e-07 7.22580243450252
"AZGP1" 3.475346516729 0.618569799322471 6.15829445321434 1.69543317245614e-07 7.92458023570242e-07 7.17445123774876
"S100A9" 3.62914875694082 0.734901277775447 6.13088853695612 1.86365003221726e-07 8.64678801712566e-07 7.08322535282139
"F2" -4.43280836572476 4.46967325870573 -6.04242552361503 2.52875430769491e-07 1.16470362639087e-06 6.78896184788984
"P68032" 4.9133497679509 1.87318986533482 5.96694974544108 3.28011713367482e-07 1.49982167489044e-06 6.53818360775338
"P07996" 4.23343856960206 1.8511055360765 5.95294209153388 3.44228045829587e-07 1.56264674042064e-06 6.4916739747575
"LUM" -3.73661337233114 3.19119097981736 -5.92391055717487 3.80423854395379e-07 1.71462465802489e-06 6.3953156662439
"Q8N1N4" 4.45496190510429 0.896992418578169 5.88081941737203 4.41249585115906e-07 1.97467012913572e-06 6.25238439866503
"GAPDH" -3.62274643298909 3.07871804506745 -5.8717394054558 4.55252754361229e-07 2.02298935212631e-06 6.22228116641265
"KRT6C" 6.18865164287168 2.16427141361773 5.85009379200381 4.90444398461292e-07 2.1641287792243e-06 6.15054040304012
"DSP" 5.2460983751594 1.36211428931009 5.81221135331832 5.58670840990394e-07 2.44806458795096e-06 6.02506140375711
"eeF1A1" -4.41783360354008 3.10639466574768 -5.80882893352344 5.65203531882747e-07 2.45960985253802e-06 6.0138625917556
"CLeC3B" -3.92606832867611 2.73407577761207 -5.62877265914436 1.04832458663473e-06 4.53077269977065e-06 5.41900601159553
"P00734" 5.07060191809141 0.971546688862607 5.55293075856085 1.35889604445528e-06 5.83308438130125e-06 5.16930053165037
"KRT77" 5.12673995855988 1.11212838504281 5.50349359283287 1.60889316242374e-06 6.85953773979311e-06 5.00684198152919
"ITIH3" -4.91378502032948 4.69375702630809 -5.49821503269258 1.63814504670424e-06 6.93737935886159e-06 4.98951104062115
"KRT6B" 5.99395511178585 2.22641661277503 5.49276048685385 1.66892647855452e-06 7.02061738645267e-06 4.97160545838957
"P36955" 3.31469702464057 0.746790949493321 5.48798514010306 1.69634561106072e-06 7.08870252039282e-06 4.95593213487415
"KRT76" 5.2632761512655 1.50032032286503 5.44583819397171 1.95855459936112e-06 8.13057863287412e-06 4.81771005953837
"O95678" 5.49187864242679 1.40815289159792 5.42327516047405 2.11505330217433e-06 8.72286688674512e-06 4.74379718452719
"SeRPINA3-5" -5.29864259893923 4.1074092998534 -5.40101011554563 2.28162374212016e-06 9.34873104725858e-06 4.67091921098588
"P06733" 2.98435935722124 1.00307738353785 5.39515812508639 2.32752046824502e-06 9.47526074492005e-06 4.65177433090676
"P06396" 4.52811033778703 1.8637240805787 5.34608844985294 2.75016162314163e-06 1.11240511807844e-05 4.49140815454589
"Q86Y46" 4.75532615787107 1.05126095261204 5.34350098295879 2.77444526742567e-06 1.11507959474242e-05 4.48296037436421
"CLU" -4.19765613813422 3.10692691815279 -5.25396918485966 3.75907104284724e-06 1.50124925825102e-05 4.19119367777521
"RAP1BL" 3.07704617892707 0.558280460192407 5.22440101531209 4.15481168835935e-06 1.64885922978286e-05 4.0950787776624
"P08729" 3.63097453636527 0.723712998452794 5.19319196572093 4.61724613352601e-06 1.81533856881627e-05 3.99376682899706
"P08697" 2.48668316008649 0.422768746850354 5.19225773220874 4.63184642756608e-06 1.81533856881627e-05 3.99073629516882
"SeRPINB3" 3.84511437468231 0.783301319974117 5.19012260890599 4.66538593693678e-06 1.8171966211155e-05 3.98381071595975
"KRT73" -4.04049346633124 2.38515311888049 -5.13683858767193 5.5847135458329e-06 2.16193512111691e-05 3.81119976886767
"P63267" 4.66430029591949 0.706404285464378 5.12507017189145 5.81073224214494e-06 2.23571466145943e-05 3.77313569978473
"KRT79" -4.7147942978978 2.41563447401021 -4.98802548257464 9.20966815588506e-06 3.52200036749301e-05 3.33154820684064
"P14923" 4.21587474691081 0.931804160540682 4.97202089313633 9.7167849251635e-06 3.67777972780178e-05 3.28018875211138
"AFM" -4.00354791259836 3.6330774368852 -4.97150488880495 9.7335850165277e-06 3.67777972780178e-05 3.27853363647175
"IQGAP1" 3.77747242690532 0.787962784654897 4.9168599175604 1.16847269730032e-05 4.38473954224796e-05 3.10353263298387
"THeMIS" 2.24469109269279 0.314023317558594 4.91361669266268 1.18119389314878e-05 4.38473954224796e-05 3.09316364910193
"SeRPINA3-4" -5.29200707160963 4.28063114130312 -4.91358760714674 1.18130859299866e-05 4.38473954224796e-05 3.09307066817181
"P00558" 2.52382901358628 0.750630568987068 4.89056291019038 1.27563661986427e-05 4.70717372593192e-05 3.01951556715057
"P01023" 5.00116848949282 2.29391897658004 4.85605759058774 1.43104658738305e-05 5.24994416650411e-05 2.90947614927595
"HBB" -4.42647755658033 3.60338993350591 -4.82875683625894 1.56708622999127e-05 5.71578850360976e-05 2.82257927303908
"CFD" -3.20136695220208 1.75420206290034 -4.81966504584342 1.61515581932155e-05 5.85726047121779e-05 2.79367388783398
"VNN1" -3.52748890150312 2.79085309958901 -4.64984582176262 2.83191684253828e-05 0.000102110830150952 2.2569937661847
"P02763" 2.57350818562546 0.32012740065791 4.64515039480414 2.87599941492294e-05 0.000103111115387294 2.24224575234174
"KRT71" -3.70684169434592 2.06923573706999 -4.62293346767466 3.09387987609269e-05 0.000110295943605338 2.17253346565372
"ITIH1" -4.26080011411228 3.80924768927212 -4.57803732708558 3.58473794326829e-05 0.00012707694619114 2.03201482083077
"KPRP" 3.59502507549923 0.531270244173194 4.54436391989377 4.00224020274136e-05 0.000141084556867587 1.92694218923155
"F5" -4.52880780740795 4.62038982616386 -4.49629878656346 4.68178930524736e-05 0.000164122725089505 1.77745219228887
"KRT19" -4.88006042214344 2.96099265043905 -4.4700350452288 5.0995655393815e-05 0.000177780433997223 1.69601723544236
"FGA" -3.62437498506287 3.17249349353836 -4.46453541951789 5.19155856689052e-05 0.000179993047016918 1.67898747096851
"IGLC3" 2.44435885740637 0.303549571080174 4.41855567848761 6.02691236586744e-05 0.000207813207806686 1.53692277373514
"TRPC4" -1.85082284566616 0.269665615237759 -4.41679231958364 6.0614373557727e-05 0.000207867770189814 1.53148574492607
"P02765" 4.55065841244303 1.06939274474532 4.35218656372812 7.46864426386994e-05 0.000254741325973078 1.33287215180635
"APOD" -2.73119073993827 2.04941190125326 -4.30694076754438 8.63920570934471e-05 0.000293082731322393 1.1944732887553
"COL1A2" -3.22225495432989 1.33481183586698 -4.29392389450649 9.00790378373666e-05 0.000303956539440526 1.15476618776458
"IGKC" 3.50906190632388 0.647521334386395 4.25510891543068 0.000102007653047711 0.000342376750388858 1.03665923565297
"UBA52" -2.91046896047904 1.27572881511371 -4.25116798408518 0.000103301553361164 0.000344885080269282 1.02469273145833
"COL2A1" -2.58011169174611 0.598477585239702 -4.22095022633592 0.000113768316213533 0.00037783056595126 0.933093187848418
"P02774" 3.618591609533 0.817341281900046 4.14048673696457 0.00014692954769936 0.000485405992661236 0.690557177654593
"SeRPINA3-8" -3.93858356990206 2.76356503180944 -4.13574041555021 0.000149154952980657 0.000490191538181221 0.676314482876172
"HGFAC" 1.41400605767824 0.363443167339019 4.10447745942702 0.000164653405849435 0.000538322793217582 0.582682819454559
"P68133" 4.58314290311395 1.11980822651831 4.09565047354023 0.000169305412296257 0.00055067894411824 0.556303884393051
"P0DMV8" 2.92684551839777 0.839672292936283 4.08354657997141 0.000175892438800946 0.000566265963690801 0.520173778582394
"P0DMV9" 2.92684551839777 0.839672292936283 4.08354657997141 0.000175892438800946 0.000566265963690801 0.520173778582394
"PZP" 4.41422666536416 1.58382233784497 4.01821144140086 0.000215974714642821 0.000691776877866091 0.325994587273496
"YWHAZ" -2.98742759479097 1.67445722854013 -3.9739373754201 0.000248029858060875 0.000790438588062687 0.195240242068297
"C9" -3.2701727657313 2.59736352446115 -3.95342460490568 0.000264399889102415 0.000838373517706652 0.134892914384901
"APOC3" -2.97480007012944 1.19778688740857 -3.94729633707681 0.000269490138500187 0.000850241386968092 0.116892909420788
"C4B" 4.32645165792264 0.648270272682259 3.9006331458869 0.000311483093979067 0.000977839961695479 -0.0197234100647545
"KRT18" 2.24462376411386 0.340387878901831 3.84840003561076 0.000365994134659601 0.00114327870777331 -0.171699696423842
"COL10A1" -2.23032868897169 0.836743477537966 -3.81513515319731 0.000405393634726488 0.00126011518971633 -0.267952636317016
"KLKB1" -3.02682208527619 2.45522538487941 -3.79984759365955 0.000424843948801992 0.0013141006455591 -0.312045861941915
"KRT17" -5.81462506363742 3.15566229471789 -3.77763904667408 0.000454710473921082 0.00139962101972782 -0.375939949877055
"P63000" 2.07737876634584 0.56948871392229 3.75321494598019 0.000489891271853914 0.00150058928417388 -0.445985590525924
"SeRPINA3-6" -5.21613767714674 3.76802438787071 -3.74604684379077 0.000500704335555717 0.00152630162191139 -0.466498253112698
"CHIA" -2.97880258985714 2.43697362564595 -3.73960451888894 0.000510618313082188 0.00154903920939837 -0.484916581566543
"LYSM" -1.93697015135536 1.03729602438514 -3.73593638294346 0.000516347273949229 0.00155892406632518 -0.495396239555175
"C7" -3.35361108256567 3.19095786669979 -3.69474937213868 0.000585070669167635 0.00175799805830847 -0.612694178889138
"P46781" 1.64651141410999 0.294764093673969 3.6926432907756 0.000588811434651845 0.00176085315291618 -0.618673705613145
"CPB2" -3.22591129908102 2.49092361437449 -3.61928413530063 0.000734439529146552 0.00218599690043148 -0.825810396854166
"CST3" -1.18556668047513 0.296271887536228 -3.58082442289221 0.000824011159749175 0.0024410847032945 -0.933500831528378
"THBS4" -3.0422493049315 2.70759369313272 -3.57708692165181 0.000833253364712154 0.00245692931370733 -0.9439323614392
"P23526" 1.25419260797983 0.434848844648397 3.57168860839278 0.000846777926415232 0.00248519475147912 -0.958988643689795
"FN1" -3.68806835533274 3.63302739964173 -3.56668274746208 0.000859506921320975 0.002510874385896 -0.972939079330344
"P00488" 1.36753627003668 0.373297292501453 3.55965827302905 0.000877678177683478 0.00255214253510726 -0.992496692709094
"PRDX2" -2.11822822799724 0.559004630605749 -3.48276080361839 0.00110220726298247 0.00319033386670614 -1.20517530148649
"HRG" -2.80015737039514 1.90016836831577 -3.4778729480525 0.00111819559787652 0.00322183297835653 -1.21860464811928
"HMGB1" -2.77641152600384 1.37648863820139 -3.47287655912086 0.00113476766495844 0.00325471998449443 -1.23232101958886
"SeRPINA3-1" -4.94918779275562 3.84999949266226 -3.46535344807151 0.00116016332604078 0.00331250252819789 -1.25295253270292
"P00747" 2.87753203847315 1.01723332705427 3.42642295616293 0.00130048143056112 0.00369641343551382 -1.35930280987083
"APOM" 2.12802739022355 0.449846401681055 3.41950625957698 0.0013270468481514 0.00375500700082302 -1.3781247517438
"TUBA4A" -3.52532983202259 2.94213655683537 -3.41544324100602 0.00134289218187508 0.00378287931590704 -1.38917081176001
"APOA4" -2.88792167259206 2.28641850567132 -3.39782310279712 0.00141371810924953 0.00396469235851035 -1.43698527659011
"IGHA1" 2.80008827381208 0.533600844183805 3.39630093552996 0.00142000074964079 0.00396469235851035 -1.44110904958818
"CASP14" 1.86714498208299 0.43547856288609 3.38326839105984 0.0014748903452409 0.00409980532091192 -1.47637150113324
"P02647" 2.70771821564384 0.803771327597334 3.37974576135703 0.0014900698212338 0.00412383358420408 -1.48588900757158
"H2BC12" -2.26271990199892 0.94148834362549 -3.36751282001102 0.0015439456169566 0.00425333398202303 -1.51889454748041
"eNO1" -3.2506526698555 2.99192467694863 -3.36608716747887 0.00155034360675958 0.00425333398202303 -1.52273645826357
"F13A1" -2.23921483305963 1.66628805992448 -3.36312749623528 0.00156370649565193 0.00427142337123968 -1.53070922018141
"GFAP" -3.17633582534848 1.07772854627193 -3.3356550540965 0.00169307999494012 0.00460488567589316 -1.6045145218457
"H2B1" -2.21327741344523 0.855501407010386 -3.31545055036213 0.0017946481125758 0.00486018437354219 -1.65856222643386
"FGB" -3.33311671373373 2.91781616788423 -3.30746732891574 0.00183635230131509 0.00495187308602487 -1.67986293195363
"P68871" 2.16669847417316 0.444238308283867 3.29976345595295 0.00187746775110645 0.00504120064233264 -1.70038876836963
"TAGLN2" -3.37989450033142 1.7896858980515 -3.28182070195302 0.00197663876626928 0.00528499602337252 -1.74808165590691
"TBA1B" -3.39175937864625 2.81683154113251 -3.2698797665288 0.0020453674894179 0.00544568306254302 -1.77973329957831
"P05543" 1.51690995207602 0.424580065328214 3.26532621235812 0.00207216800814439 0.0054938571980635 -1.79178470408185
"COMP" -3.15059066383227 2.11674356416753 -3.26380178373561 0.00208121430605223 0.00549475408836383 -1.79581694227779
"CFL1" -2.12670889417686 0.963123840118628 -3.24771947846285 0.00217895675442379 0.00572884046683922 -1.83828531997484
"P05089" 1.71950376084846 0.390389495787338 3.24275188513642 0.00221001600656065 0.00578639045701149 -1.85137702362765
"LBP" -2.7385623249411 1.85962211188047 -3.23890589901424 0.0022343498252751 0.00582592867664707 -1.86150430597147
"COLGALT1" -1.53940434734023 0.276744504294037 -3.22335599035189 0.00233534377244163 0.00606420543378875 -1.90237444134115
"PGLYRP1" -2.93843958535769 1.52650722953648 -3.18730876158807 0.00258631354493558 0.00666995156416746 -1.99664563205442
"GDI2" -1.87568467530153 0.851446839452645 -3.18683722678255 0.00258975932364664 0.00666995156416746 -1.99787438966278
"CKM" -2.26169604017695 1.31106230670835 -3.17357381633473 0.00268847716404778 0.00689605321347214 -2.03239014690422
"PPIA" -2.55806272906665 1.35382875730019 -3.11880963824897 0.00313491347618561 0.00800862511527579 -2.17393532272692
"HSPA1B" -3.04062275222478 2.41794247840277 -3.11192699405783 0.00319572080625101 0.00809839288652365 -2.19161288115956
"HSPA1A" -3.04062275222478 2.41794247840277 -3.11192699405783 0.00319572080625101 0.00809839288652365 -2.19161288115956
"HMGB2" -2.54668355279969 1.45785418284916 -3.07970460122643 0.00349545401550976 0.00882252593514663 -2.27403817412453
"P09210" 1.64451221247346 0.330527392169844 3.07750702492629 0.00351682988291991 0.00884111416781859 -2.27963934793692
"HSPA5" -2.16707202983856 0.826080446789921 -3.06275636428537 0.00366351992772724 0.00917333759680908 -2.31716838459274
"P18065" 1.25747755739071 0.31297054960441 3.04726044975665 0.00382379723686057 0.00953682235754553 -2.35646662216997
"P15311" 1.50626416548574 0.776083929513556 3.01551084865152 0.00417295263102797 0.0103666657881049 -2.43657533850501
"B2M" -1.54328207694738 0.513877245340613 -3.01275584332424 0.00420461837615759 0.0104043693935507 -2.4435004810778
"MST1" -2.25111777401512 1.60785553826297 -3.00488616579847 0.00429631582504625 0.0105897472093913 -2.46325905578915
"LDHA" -3.20670283788924 1.61294037748063 -2.95964040498147 0.00486088496218222 0.0119347019888599 -2.57618953953996
"YWHAe" -2.13682482666965 0.894440115061187 -2.95409873376318 0.00493461247608498 0.0120404690109197 -2.58994223493688
"AHCY" -2.81618098067387 2.07720855762668 -2.95353833916001 0.0049421259490146 0.0120404690109197 -2.59133199341095
"HSPA8" -3.12791860882594 2.18840594973386 -2.9391598551573 0.00513859781139816 0.0124709816115086 -2.62692929448413
"CDH5" -2.5517748614916 0.991980297507352 -2.91735840584377 0.00545044813839061 0.0131771370702087 -2.68067947363109
"ACTA1" -4.45171879330352 2.17781526642366 -2.91573001685874 0.0054744351966573 0.0131846130117968 -2.68468326264837
"H4" -1.88752780549342 1.60037448391229 -2.89894698595535 0.00572745665279544 0.0137415404863647 -2.72585961915318
"TGFBI" -2.70107712076602 2.44310842150736 -2.89339993805752 0.00581345096932206 0.0138950286425842 -2.73943333127352
"KRT28" -3.87083688753271 1.15356301224141 -2.88696199382882 0.00591476327924581 0.0140838325630344 -2.75516475963496
"KRT20" -2.17784784243671 1.22298441785712 -2.8650559512617 0.00627193148521979 0.0148781532600514 -2.80851284639096
"TPI1" -1.9443402738163 1.16634827998241 -2.84585873184922 0.00660131468313781 0.0156008597942321 -2.85503348119759
"CATHL1" -1.81641051199107 0.572803420151975 -2.83934872893333 0.00671661180672422 0.0158141121270261 -2.87075997207543
"HSP90AB1" -2.7359023281506 1.67089272268817 -2.83378361185886 0.00681665342471016 0.0159899937211603 -2.88418402785632
"COL1A1" -2.61641877072951 1.249747684195 -2.80900851594074 0.00727902758649328 0.0169826874000266 -2.94372310543944
"CSN1S1" -1.9958176827562 1.04968891000601 -2.80824781621866 0.00729367398638227 0.0169826874000266 -2.94554542399258
"H1-3" -1.75254305505428 1.0433624240056 -2.77819377180029 0.00789465466630457 0.0183144378471992 -3.01726481708518
"ACTC1" -3.99015737640397 3.14765073265295 -2.76432955670295 0.00818705667787667 0.0189231969367772 -3.05016618371267
"KRT80" -2.61805236101412 1.37415635638299 -2.7204829061589 0.00917895035730282 0.0211352648598127 -3.15344870861387
"F10" -2.10330291156859 1.80481524069034 -2.71913661785694 0.00921109007361092 0.0211352648598127 -3.15660128424609
"RDX" 1.38487168601285 0.501332519865363 2.71161773839523 0.00939250214573774 0.0214734378766685 -3.17418751828161
"SPP2" -2.36607478336434 0.907685424247359 -2.70969253768181 0.00943947889593352 0.0215029284596897 -3.17868483550062
"Q08188" 1.87575109400106 0.494699043019943 2.70606360244741 0.00952861736007462 0.0216279048712485 -3.18715588133972
"GSTA2" -2.51837181087931 1.47844549928175 -2.70361170668101 0.00958928203374837 0.0216875876820617 -3.19287473794043
"TUBB5" -3.05509467037962 2.02978074745611 -2.68084394119024 0.0101698214335474 0.0229184190163157 -3.24580030073801
"FMOD" -2.18681225927588 1.06522880756232 -2.67837460986487 0.010234690854418 0.0229825264382126 -3.25152103227631
"HP20" -1.67995759634372 0.680981753881348 -2.65037257485537 0.0109973861635237 0.0246076264864661 -3.31612595291793
"K2CA" -1.83353426425367 0.49157497204076 -2.64507470186321 0.0111474250707878 0.0248552127903432 -3.32829335470674
"H1-2" -1.73393004269136 1.01099196772226 -2.63821174324511 0.0113445797369455 0.0252057387817347 -3.34402880171607
"HBD" 2.00689620065224 0.814906290238242 2.61153673544647 0.0121416179210037 0.0268819680987837 -3.40490499193805
"MDH1B" -2.87400411121818 1.30473120409333 -2.60458281983927 0.0123576576983634 0.0272646224044312 -3.42070011513762
"ILK" 1.64572192114767 0.589892980239292 2.60058102610029 0.0124835713651994 0.0274464582977033 -3.42977572254184
"GSTA1" -2.03609608641268 1.18884112702396 -2.5943322397555 0.0126825331058358 0.0277870777422999 -3.44392665919644
"RAN" -1.34605358125343 0.736928979129569 -2.56737098263889 0.0135746403228886 0.0296387475562032 -3.50469379019976
"CL43" -1.98988456451487 0.940884828078096 -2.56336410571711 0.0137120043783996 0.0298354302164488 -3.51368453833716
"RBP4" -2.62700104518221 1.85734450256641 -2.55879617764269 0.0138701482522474 0.0300758197497186 -3.52392144106277
"CRYZL1" -2.78130306133182 0.725116975696209 -2.55628941819384 0.0139576385537844 0.0301618833131437 -3.52953340626682
"HSPA6" 1.62120934129314 0.711514689119529 2.545942205979 0.0143241238584852 0.0308072025362689 -3.55265462550419
"PROS1" -3.14418849608536 2.03387790338065 -2.54511185552169 0.0143539105319541 0.0308072025362689 -3.5545070385324
"RPS27A" -2.04553532234029 1.43074905315533 -2.54117322503332 0.0144959687161432 0.0310066313894454 -3.56328750174339
"NeFH" 1.62102379413794 0.384919047854502 2.53481726781789 0.0147279169686752 0.0313963365109259 -3.57743549792958
"P13929" 1.59933064247724 0.395447519903641 2.51518146124162 0.0154659842713461 0.032858707323971 -3.62097574160157
"LGALS3BP" -1.69630862869486 0.705418077214483 -2.50795785968503 0.0157458558119383 0.0332981662658262 -3.63692920827722
"SeRPINA6" -2.75568992717535 1.96150691123315 -2.50712622329646 0.0157783703858669 0.0332981662658262 -3.63876367456505
"CA2" -1.19922648258063 0.345645323777982 -2.49397401817144 0.0163007565625509 0.0342859246365654 -3.66771441904979
"GPLD1" -2.38943852384582 1.27736996011665 -2.48631146699336 0.0166122896429569 0.0348250988860657 -3.68452820997964
"MBL" -1.10495918854061 0.373473500404577 -2.44540384189567 0.0183686380840361 0.0383795054007509 -3.77362534439202
"ReG1" -1.3002646620954 0.282004772270175 -2.40356951921583 0.020336766545955 0.0423514841270548 -3.86356980249732
"PROC" -2.07509866018825 1.68102634411129 -2.39752264405846 0.0206364533571844 0.0428342173302084 -3.87647180367788
"GSTP1" -1.23088248610327 0.538057025454663 -2.37437032619043 0.0218209964372657 0.0451444221374251 -3.92563848350632
"KRT84" 2.00670515273456 0.579494009436698 2.35936417802485 0.0226210461819111 0.0466466671267513 -3.95730789196889
"LTF" -2.88670217831373 2.26415786302272 -2.35099782452763 0.0230784395949835 0.0474348383857804 -3.97489657263654
"FABP1" -1.79213058724769 0.585698847704855 -2.34827151992647 0.0232292704133834 0.0475898364637822 -3.98061758251668
"PRDX1" -1.56552564060436 0.546049595625712 -2.32970206413716 0.0242803365635556 0.0495821759598822 -4.01944649901506
"P26038" 1.52427850581051 1.1333406550057 2.31860654368912 0.0249284980399857 0.0507415556878418 -4.04253199094279
"BLVRB" -1.95085024590511 1.35086998416588 -2.31467113939453 0.0251620820313055 0.0510523272082115 -4.05069924590101
"CATHL2" -1.0502233618246 0.348458948683919 -2.31100132674741 0.0253816630824151 0.0513327865544999 -4.05830547799397
"RAP1B" -1.93645675744605 1.39753022001263 -2.30158376250359 0.0259530133588511 0.052320611595639 -4.07778128138593
"Q14533" 1.69403568358561 0.451527797045678 2.28980075996308 0.0266840290267131 0.0536230010059106 -4.10206049879846
"RAP1A" -1.86927965869759 0.599993751912971 -2.2856068830303 0.026948615406293 0.0539827819726061 -4.11067833633813
"KRT222" -1.53672677079641 0.871570823600914 -2.27128046414339 0.0278701807164189 0.0556521646584188 -4.14002274831053
"PFN1" -2.30804525700264 1.79396376116169 -2.26231571628791 0.028461026356177 0.0566527054597719 -4.15831050629178
"P62736" 2.33880006068603 0.638998481544567 2.24324707146786 0.0297549886745084 0.0590421316151409 -4.19701833916051
"CPN1" -2.3559455000546 2.23358421359915 -2.23063700556924 0.0306391316126865 0.0606059311837152 -4.22247208746153
"P78385" 1.68856662743177 0.434649580733642 2.20622653351985 0.032417083961817 0.0639224374372079 -4.27141843980326
"IGFBP2" -2.64088599665541 2.40775523204748 -2.19944259751922 0.0329271408676987 0.0647259373442925 -4.28494430473634
"P12259" 1.60287188784445 0.759135697267659 2.1913319713469 0.033546249451342 0.0657381472167602 -4.30107129331303
"KRT31" 1.87270264914255 0.616384676505695 2.1818230442528 0.0342851726213633 0.066978154563716 -4.31991740815354
"RPS25" -1.27596251846622 0.528543909319453 -2.15893986802828 0.0361225509116729 0.0703497827940296 -4.364998559052
"LDHB" -2.15043544624075 1.58525526685111 -2.12111790976867 0.0393498331210131 0.076399214459567 -4.43866209736984
"KRT86" 1.66743884069113 0.501964950096177 2.10293679327486 0.0409892793971672 0.0793381450908359 -4.47369357675587
"HSP90AA1" -2.29327413451088 2.00619567514892 -2.06362327240684 0.0447398818819932 0.0863329219190756 -4.54859481073458
"FAM124B" -1.30261824798982 0.542232326333978 -2.05779380591873 0.0453207570465234 0.0871871880986472 -4.55960194204365
"GARIN1B" -1.28115373417917 0.931787480834391 -2.05468124471121 0.0456335877027936 0.0875221697278503 -4.56546849246029
"P05786" -2.84348880286105 1.54148494534518 -2.04577091205262 0.0465395396561348 0.0889892409788517 -4.58222199449193
"PPIe" -1.3803906446058 0.534199470938428 -2.02221495618097 0.0490102445837966 0.0934304058379929 -4.62622135526279
"JUP" -2.25145284966176 1.93676595742777 -2.01459548616584 0.0498334027294099 0.0947134853080049 -4.64036269224844
"PeBP1" -1.3171209886639 0.681304612077119 -2.00907541852644 0.050437210264552 0.09557321224304 -4.65057983048227
"HSPA2" -2.00636412275381 0.692878943111484 -1.983967168245 0.0532641947059277 0.100627864848624 -4.69675695948611
"F11" -1.48398064528382 0.767003666770929 -1.97331454006602 0.0545042984881024 0.10264587503791 -4.71620131443592
"PRDX6" -1.53078829708175 0.846047017692961 -1.97201129007317 0.0546577084195527 0.10264587503791 -4.71857411336517
"TUBA8" -1.92892474662421 0.601496485451664 -1.96653428538458 0.055306497899133 0.103556083603421 -4.72853156687719
"RGN" -1.19720091563548 1.02697867734299 -1.92044722633656 0.0610330834238066 0.113940460474621 -4.81139369387315
"P00751" 1.30419234624956 0.338174304148422 1.91659248324123 0.0615342740750662 0.114537247614651 -4.81824892579153
"APCS" -1.66992400445062 0.693876707081285 -1.88084895178616 0.06635148527695 0.123140550616928 -4.88125650309592
"TUBA1D" -2.56283688680665 1.70209257780935 -1.84720842085515 0.0711747467228016 0.131704589976797 -4.93963065138916
"CATHL4" -1.27013542973009 0.921576588262768 -1.84270850092206 0.0718419146815725 0.132299712280937 -4.94737053311024
"IGFBP3" -1.62213051833711 1.43521702137938 -1.8422130648578 0.0719156914617452 0.132299712280937 -4.94822169403601
"H2AZ2" -1.40506000286783 0.622406535074498 -1.8303006127156 0.0737089997569202 0.135204589670397 -4.96862804805544
"eZR" -1.73594470039688 1.29807461408825 -1.82048142396095 0.0752154477898698 0.137567963928718 -4.98536284940223
"PGK1" -1.80156946934127 1.44964417635107 -1.81055458376933 0.0767647208967814 0.139995777126789 -5.00220216505073
"HP252" -0.919323638679594 0.395237456647379 -1.80597643627868 0.0774882324691797 0.140907996219171 -5.0099414685118
"TUBB4B" -2.02902752721609 1.99452773543662 -1.78008506433111 0.0816887720326817 0.148119583771903 -5.053391119491
"CRYZ" -1.61194612539207 0.771489576565082 -1.76884638310019 0.0835706283661963 0.151097611745186 -5.07208182792548
"ARG1" -1.40219781939225 0.789853158760867 -1.76442276134312 0.0843212212064046 0.152019115946404 -5.07941038411771
"NCAM1" -1.03089640812211 0.308761910501216 -1.75892376511576 0.0852621298089064 0.153277504015441 -5.08849822673384
"H2AZ1" -1.4320650700511 0.669371869306268 -1.74787172769249 0.0871797237887739 0.156279561678171 -5.10668844160046
"CLIC1" -0.915699934640538 0.656642505144377 -1.74309698726261 0.0880192216880409 0.157259128443769 -5.11451609620211
"Q06033" 1.2594788370746 0.590504811827602 1.74193457371872 0.0882246140556166 0.157259128443769 -5.11641891369018
"CORO1A" -0.955763650867673 0.546552496626269 -1.73953892758769 0.0886491711650059 0.157570780296109 -5.12033697876438
"F12" -1.26484644052084 1.40352742793015 -1.73195488451211 0.0900044452442445 0.159530350980669 -5.13270955512316
"P19827" 1.32290544461052 0.489176403833407 1.67369684021951 0.100999285477671 0.178516944359693 -5.22616813286679
"ARF1" -0.877214160705967 0.648213854274732 -1.6499792688113 0.105781499515916 0.186447279873025 -5.26340835417411
"IGHG4" 1.27349026331998 0.354738482674643 1.62723911358561 0.11053931204143 0.194290545677278 -5.29867150231053
"KRT72" -1.93353803347882 1.78368945396979 -1.60914634940587 0.114448259171535 0.200602365381219 -5.32641714716093
"TRAP1" -1.24741891412996 0.607607333279489 -1.60523349662587 0.115308244467093 0.20154986775273 -5.33238125267888
"K2C4" -2.10365680103571 1.07211431784201 -1.59406776816415 0.117791190762337 0.205321108759764 -5.34932922120615
"Q14624" 1.33129397228372 0.627085872180991 1.59045998618418 0.118602663022021 0.206166061616791 -5.35478273857539
"FTL" -1.03196748979317 0.686434797671335 -1.5827617628738 0.12034930630443 0.208627506258503 -5.36638243616275
"APOB" 1.41331920851508 1.56865439369341 1.50652384485083 0.13879122778154 0.239579307407315 -5.47852668239944
"CDH1" -0.985967907695004 0.600999147693407 -1.50585058589205 0.138963591935146 0.239579307407315 -5.47949480313193
"OMD" -0.913179749844072 0.579161880070687 -1.50290966970887 0.139718506712561 0.239632603499342 -5.48371914146356
"ARF3" -0.837065634738519 0.662656135431604 -1.50277156165203 0.139754038173943 0.239632603499342 -5.48391733661025
"RASA1" -0.892393895247369 0.310522415542501 -1.49575757513572 0.141568010220124 0.241487702540326 -5.49396125034267
"TUBB3" -1.89669571776912 1.54141251624483 -1.49562934317692 0.141601346972933 0.241487702540326 -5.49414448060173
"DSC1" -0.977433043870019 0.453335524236637 -1.46971118683811 0.148468157730193 0.252515923255396 -5.53088647886627
"ACTG2" -1.88341490851339 1.10752783647369 -1.46012414774058 0.151073760348137 0.25556981978465 -5.5443294546558
"ACTA2" -1.88341490851339 1.10752783647369 -1.46012414774058 0.151073760348137 0.25556981978465 -5.5443294546558
"HNRNPK" -0.82748802674793 0.431388864781368 -1.4566704390894 0.15202119389579 0.256484955476587 -5.54915265451391
"RAB1B" -0.878354446640315 0.359511205731281 -1.44188710340852 0.156129505451788 0.262197055628688 -5.56968045076377
"CTSC" -0.86801751749162 0.512298981811556 -1.44150133366852 0.156237865160676 0.262197055628688 -5.5702135673739
"PF4" -1.02041272606038 0.493140774575256 -1.39894527342329 0.168557176833351 0.282120898095078 -5.62822356849013
"H2A1" -1.10535381481641 1.08487554912278 -1.38081387324694 0.174029438263727 0.288889415291567 -5.6524553741948
"H2AJ" -1.10535381481641 1.08487554912278 -1.38081387324694 0.174029438263727 0.288889415291567 -5.6524553741948
"H2AC20" -1.10535381481641 1.08487554912278 -1.38081387324694 0.174029438263727 0.288889415291567 -5.6524553741948
"DSG1" -1.04404875104126 1.03087995997917 -1.37949611419981 0.174432436174464 0.288889415291567 -5.65420518644735
"IGHG2" 1.24511922002112 0.404079427542237 1.36879412947511 0.177732025820524 0.293583529562175 -5.66835913837749
"KRT78" -1.32351716138784 1.21398713660327 -1.35495253687546 0.182070535835709 0.299964773139249 -5.68651491439604
"P08603" 1.16529347500772 0.361869046592644 1.34598340387758 0.184924854703064 0.303873914889671 -5.69818876554824
"P04272" -1.47695234372461 1.21847887840817 -1.32666625388394 0.191188274952464 0.31335013375326 -5.72308804487051
"CAPNS1" -0.78172950691515 0.739184125827107 -1.27267230382642 0.209549548991209 0.342417574262163 -5.79091505476516
"IGF2" -0.81761406513527 0.705943254415119 -1.27136801017602 0.210008876766176 0.342417574262163 -5.79252111941999
"F9" -1.00972669294588 1.26479360370761 -1.2475066811568 0.218545328442942 0.35541778929767 -5.82163235682799
"FTH1" -0.447036274355352 0.282484824372127 -1.2193204975939 0.228957545325623 0.371393858870098 -5.85535639955387
"MSN" -1.5069183419476 1.31140299204594 -1.2127338134212 0.231442486471424 0.374462074265304 -5.86313326271176
"ACTN3" -0.618044693498744 0.28601249898022 -1.20209403466774 0.235498228154592 0.380049570244367 -5.87561221683553
"CSN1S2" -0.857339024534921 0.825354632457218 -1.1857505238023 0.241828957170422 0.389270591771776 -5.8945798722628
"P0CG53" -0.996370998592882 1.03241699431888 -1.17732267071963 0.245141465219817 0.393598637541233 -5.90426560124168
"PKP1" -0.833220336149924 0.315565674847234 -1.17519401486505 0.245983296423278 0.393947868129667 -5.90670168985575
"FGG" -1.38441679506019 1.88977614221664 -1.17128024345044 0.247536556162015 0.395431815033498 -5.91116989035378
"KRT74" -1.45338580618826 0.857335682092491 -1.16213173302129 0.251194964230065 0.400262682901947 -5.92155966875071
"ACTN4" -0.761433442959307 0.364055589207912 -1.13548149708055 0.262073786741219 0.416545489757454 -5.95138805121172
"UBC" -0.984530833144663 1.09692025673344 -1.12849388509078 0.264981034233108 0.420108122113294 -5.95910088052509
"YWHAB" -0.760082846880877 0.691992842911427 -1.11611406638416 0.270187957332194 0.427289727009059 -5.97265504629067
"CD14" -0.983282472221627 0.896772712450706 -1.10196664257265 0.276226576239898 0.435747424018439 -5.98797123468837
"eeF2" -0.686520120785939 0.411835233384375 -1.09005393300873 0.281384571478185 0.442777218460685 -6.0007245012878
"CLTC" -0.830619294658201 0.392360977696785 -1.08304535948342 0.284450521966838 0.446488257117102 -6.00816616273085
"KRT10" -2.08761349136846 1.86919749840774 -1.07181394133925 0.289412334094297 0.453149337006208 -6.01999657198377
"CSN2" -0.769818562356203 0.719409121077165 -1.04427565006321 0.301831907474755 0.471425578258838 -6.04850712658797
"YWHAQ" -0.759705050261314 0.514867348909609 -1.01535726315324 0.315263160354767 0.491187788108292 -6.07768501805456
"RPS4" -0.748060083681696 0.663552093265655 -1.00209393121466 0.321557093238909 0.499759915846679 -6.09080559488032
"YWHAG" -0.678373297232262 0.468170897201404 -0.966483198900871 0.338872303472852 0.525376961895257 -6.12521586815992
"COLeC11" -0.475432972554451 0.487477162491397 -0.944941714539913 0.349641297763521 0.53950709986879 -6.14545135773597
"ACO2" -0.544320922525588 0.361765483052936 -0.944832699712306 0.349696361087694 0.53950709986879 -6.14555264904007
"TUBB4A" -1.06162753882645 0.741573985655821 -0.94133084073619 0.351468172052395 0.540918089183076 -6.14880043097139
"KRT40" -0.711227930624199 0.28844792166748 -0.935074485874998 0.354648252958434 0.544302982155444 -6.15457399161448
"CHAD" -0.661340619016699 0.459959781554867 -0.933615078819647 0.355392755385171 0.544302982155444 -6.15591545181341
"MPV17L" -0.623183855803432 0.315558794847105 -0.930974519606176 0.356742398061891 0.545047102123615 -6.15833748218216
"KRT27" -1.20572750596811 0.822600485886249 -0.911418848537528 0.366841322337963 0.559122885012693 -6.17606914578968
"RAC1" -0.528347720254856 0.591880443610741 -0.905842207127894 0.369754629618479 0.562205232022313 -6.18105917578394
"OGN" -0.599598830313893 0.903564955960522 -0.902521282423642 0.371496559209191 0.563495982838942 -6.18401674131186
"GGH" -0.587421549710613 0.577545365003286 -0.896382137919316 0.374730553858446 0.567038320107145 -6.18945658157707
"ASL" -0.521520877661517 0.347499488022769 -0.891131652597266 0.377510636702168 0.569878497031264 -6.19408056385464
"C1S" -0.566032252586259 0.664569223577313 -0.844910115660451 0.402547940057082 0.606223747436799 -6.23365340244258
"NACA" -0.601055659755405 0.816083855863542 -0.837020183979825 0.406922383804921 0.611352438525965 -6.24020455744051
"CAP1" -0.866405973332522 1.32920007249191 -0.830157528011257 0.410750995380048 0.615638665284585 -6.24585429388836
"GPI" -0.577035717358307 1.05996408749265 -0.800599405316593 0.427492203048247 0.639212275174038 -6.26967220846403
"MYH10" -0.870221240980066 1.59849695958135 -0.798669077543578 0.428599613220035 0.639353087332961 -6.27119848780619
"HSPA1L" -0.815624083599384 1.39618597961092 -0.793166714238775 0.431765710238555 0.642556988586152 -6.27552946089839
"KRT83" -0.803934212296936 0.457778587254636 -0.774696521008488 0.442495461454414 0.656975614535847 -6.28985454269509
"RNASe4" -0.558515775984448 0.790744822982162 -0.770191005745792 0.445136532996371 0.659345427982887 -6.29329907168809
"TUBB2B" -0.886605742183973 0.765486657853197 -0.765411219225198 0.447948502223744 0.660966003451032 -6.29693189148431
"ALDOB" -0.42402368209473 0.356123696946491 -0.764771581233642 0.448325593465993 0.660966003451032 -6.29741636920853
"FeRMT3" -0.67716173282065 1.78631223336103 -0.731700320786397 0.468074573889767 0.6884733242994 -6.3219270898502
"KRT81" -0.774276909564927 0.615608932666368 -0.696672170690147 0.489524717877255 0.71834906274546 -6.34673384944842
"CLeC11A" 0.176007774316048 0.313556625083039 0.689784393117873 0.493806030173447 0.722950359720291 -6.35147169683708
"ARF4" -0.274598264764277 0.30652531458429 -0.670819589877288 0.505700430018725 0.737187696075493 -6.36427861363457
"O43505" 0.170781914550056 0.29264576963563 0.670555256417451 0.505867309668286 0.737187696075493 -6.36445464568325
"AOCY" 0.34214542945576 0.299076449280129 0.664593897105478 0.509638787641195 0.740335311332898 -6.36840653023783
"COL6A3" 0.314818012778533 0.260466421892031 0.663309536745944 0.510453329858445 0.740335311332898 -6.36925342360056
"GALK1" 0.242457079295689 0.276395954789196 0.661586693640299 0.511547061396424 0.740335311332898 -6.37038692482154
"POSTN" 0.442922799323202 0.858096457429997 0.652516551005254 0.517325938103492 0.746985507879413 -6.37630670897178
"AOC3" 0.457801411947305 0.499763080736666 0.645557896718335 0.521783075883708 0.751701189229725 -6.38079403134631
"GNPTG" 0.29050141178741 0.334506007324156 0.63917530547805 0.525889105525397 0.755890718875913 -6.38486834793164
"UTRN" 0.28249803386513 0.277898308571694 0.635534830792413 0.528238704632994 0.757538804944417 -6.38717443468451
"PARVB" 0.174627856207921 0.408945657906606 0.633681800102101 0.529436787607746 0.757538804944417 -6.38834328255361
"TIe1" 0.287941118765766 0.329321550699608 0.627752300042792 0.533280094445778 0.761311628043633 -6.39206093927948
"VCL" 0.511649068894422 0.917727114954689 0.624929981816811 0.535114533764865 0.762206028906614 -6.39381840247695
"LRP1" 0.323883005572967 0.614868001325349 0.606623640626792 0.54709248700128 0.777512070490558 -6.40502874740267
"ARHGDIB" -0.232176217938108 0.279676009478865 -0.582140852199419 0.563323212843485 0.798779656863458 -6.41950872829281
"WDR1" 0.311847473610381 0.49446527816826 0.575583864208194 0.56771051869427 0.802571762654375 -6.4232870302391
"THBS3" 0.195930346525047 0.323629307052341 0.574345020394793 0.568541327902545 0.802571762654375 -6.42399614689263
"PFKL" 0.244605574265396 0.353274024389126 0.560129084466345 0.578117729066298 0.814268497859004 -6.43202556858156
"HSP90B1" 0.250171759182453 0.401908665735753 0.551129506336864 0.584220439101216 0.821024535704524 -6.43700611144952
"CKB" -0.224061881750184 0.278064743634779 -0.549223766252406 0.585516705336031 0.821024535704524 -6.43805057473385
"UBA1" 0.23512954723879 0.371507614924474 0.545806241025734 0.587844722623437 0.822461241630574 -6.43991464853792
"PGM1" 0.261187089597192 0.393637497378766 0.537836467653304 0.593290841575434 0.82748764492809 -6.44421710782331
"IGFBP6" -0.312568206070331 0.599377808165143 -0.536713594230905 0.594060068387361 0.82748764492809 -6.44481826677743
"B4GALT1" 0.392071976623792 0.604090201189785 0.534060867537736 0.595879193418478 0.82752225172011 -6.44623354484677
"MAPRe2" 0.234343521430914 0.42282012260482 0.532853816374485 0.596707804330665 0.82752225172011 -6.44687523655428
"P61204" 0.187887049679218 0.540338427439164 0.528237824901266 0.599881555383661 0.830099257559407 -6.44931596017218
"ACO1" 0.266806897193731 0.368919030414894 0.522044899797993 0.604151888470991 0.834179084519027 -6.45255754531397
"MAN2B1" 0.246039701940866 0.257721982999801 0.514723911483666 0.609218186170783 0.836799595970126 -6.45634087866547
"P12814" 0.388781481584071 0.537805322538134 0.514014414065024 0.609710211299961 0.836799595970126 -6.45670472550924
"PGAM1" 0.223281641251675 0.402911325504952 0.51355597044673 0.610028231610552 0.836799595970126 -6.45693956230343
"ACTBL2" 0.330233259864131 0.466625960054164 0.504762097871677 0.616143170553977 0.842118737609962 -6.46140410995971
"ADAMTS13" 0.195759561903362 0.332982228000967 0.504142518067601 0.616575050357849 0.842118737609962 -6.46171578868603
"CNTN1" 0.372187137999761 0.660028748805807 0.501915871133246 0.618128271580261 0.842416715695776 -6.46283277561148
"PCYOX1" 0.273915085044795 0.410504855434628 0.499967762829269 0.619488643067393 0.842451150378287 -6.46380602476327
"P16070" 0.130947759908889 0.292146950984891 0.491850102708842 0.625171695157345 0.848351268052226 -6.46782119938748
"P49747" 0.213737390819228 0.476961206766378 0.489892572811296 0.626545601645529 0.848391147292551 -6.46877970701481
"PYGL" 0.190273959740031 0.289094199092255 0.484915567076392 0.630044773966259 0.851302467607515 -6.47119967316737
"P84077" 0.187887049679218 0.497523308665411 0.48057198002665 0.633105636657789 0.853610377630481 -6.47329166805575
"SLC2A1" 0.105253497947083 0.273565477653511 0.475164209570037 0.636925496569532 0.856929612655383 -6.47587016503555
"eNO3" -0.525082332933575 0.800492843654084 -0.471772395981061 0.639326460190643 0.857568040367882 -6.4774726850168
"VASP" 0.271628798136539 0.502140227184709 0.469526296919491 0.64091855992294 0.857568040367882 -6.47852763653466
"POTee" 0.275049340206059 1.22222899345803 0.468023942755233 0.641984425714982 0.857568040367882 -6.47923048212607
"O00299" 0.138383002845793 0.309808546473659 0.466789066145686 0.642861096863625 0.857568040367882 -6.4798065234855
"CAPN1" 0.251558885068906 0.388832623725532 0.463427567228163 0.64525011396414 0.857568040367882 -6.48136694879511
"eIF4A1" 0.191340623890342 0.281091213558205 0.462999816446563 0.645554388549515 0.857568040367882 -6.48156471178517
"HPD" 0.245533901763713 0.415668077339158 0.460734721166553 0.647166653284562 0.857903693744871 -6.48260892318454
"Q0VCM4" 0.372851631787638 0.998684414612892 0.456818453950014 0.649958235965627 0.859615636635507 -6.48440235815053
"B4GAT1" -0.219609274965664 0.601513335851212 -0.452793848054709 0.652832341546811 0.859615636635507 -6.48622960234692
"UTP15" -0.439111291084977 0.509960648013274 -0.451378898068205 0.653844073562313 0.859615636635507 -6.48686820854857
"P07900" 0.285342166467206 1.26570801424459 0.451123202726216 0.65402697365878 0.859615636635507 -6.48698339964717
"HABP2" 0.28474988656477 1.13805930585204 0.449386789338027 0.655269605739586 0.859615636635507 -6.48776394503456
"TUBB" 0.30158162981831 1.37916446976825 0.43185505183318 0.667870637525297 0.874328573191831 -6.49547756584332
"P68371" 0.274592797193202 1.45345865388749 0.429478803237612 0.669586149843753 0.87475954565509 -6.49649964763771
"TUBB1" 0.185581465984977 1.29215683445709 0.426862410266129 0.671477094072646 0.875417451156693 -6.49761855125776
"P68366" 0.207865301110012 1.76508982753113 0.423953953394028 0.673581645137199 0.876350552745511 -6.4988543961739
"DDBX" 0.315985659186464 1.09075362379658 0.420597218460915 0.676013853317353 0.877705229307098 -6.50027030093237
"PYGB" 0.211333782028408 0.383107542668964 0.41589774818441 0.679424846012655 0.877796497021746 -6.50223382294768
"FBLN1" 0.239868507251943 1.2055395696611 0.415082752618873 0.680017083085013 0.877796497021746 -6.50257211497233
"P31946" 0.158745213417107 0.416300648724564 0.414751977743373 0.680257507200687 0.877796497021746 -6.5027092266282
"FLNA" 0.275478734813403 1.75658537855711 0.409058145791464 0.684401321146516 0.880256399242699 -6.50505240788722
"COL6A1" 0.163479591141154 0.906037327762269 0.407066212525402 0.685853323846034 0.880256399242699 -6.5058645566665
"MAML2" 0.288455217653629 0.395914935966484 0.406386748099779 0.68634888815754 0.880256399242699 -6.50614068699434
"P80209" -0.186726165868878 0.368808821772609 -0.400510853409068 0.690640237705492 0.88306763396384 -6.50850951110245
"P07195" 0.125624695877406 0.331726118496806 0.399554327995083 0.691339795844908 0.88306763396384 -6.50889188544005
"P61981" 0.119590024745567 0.3862453650712 0.396918157367047 0.693269175951649 0.883743131364627 -6.50994100484402
"P62258" 0.185486097012991 0.499107347535886 0.393474546867337 0.695792607719021 0.885171644094158 -6.51130107323883
"CCN2" -0.252087767156516 0.732630820155657 -0.39098068256845 0.697622255043621 0.885713567268661 -6.51227868692378
"P08238" 0.275786283052198 1.08591880466753 0.378900609296096 0.706510467084215 0.89519699745008 -6.5169267685553
"P50395" 0.120105158197321 0.305060164883725 0.372154841811057 0.711491977622018 0.899702280319626 -6.51945928842654
"P11142" 0.202281719416734 1.29353643577238 0.368715093344419 0.714037033269431 0.901114735986022 -6.52073324542124
"LOXHD1" 0.130559786821844 0.305129942147082 0.365164811251818 0.716667322930572 0.90262890373092 -6.52203580847312
"TUBB2A" 0.258419227817136 0.306442143454817 0.359750069246903 0.720685615675533 0.905281089777293 -6.5239982968391
"Q86UX7" 0.168797095198976 0.290262389270065 0.35846229698764 0.721642453499173 0.905281089777293 -6.52446073916804
"ACe" 0.180365226748634 0.353554485651329 0.35586783151005 0.723571553417009 0.905900099615342 -6.52538741078932
"P00742" 0.12322446062274 0.369009306496356 0.353280241852567 0.725497349451149 0.906177123024347 -6.52630495938449
"SULT1e1" 0.217587413664224 0.516658063393535 0.35102233944 0.727179244738823 0.906177123024347 -6.5271001617535
"FLNC" 0.149106041442248 0.271711608969947 0.349785530344476 0.728101111526694 0.906177123024347 -6.52753359944803
"SeRPINA3-3" 0.410804503386347 0.50964773980268 0.343104014057532 0.733088237978713 0.910159082280679 -6.52984881013475
"POTeI" 0.207406632287066 0.510637212644928 0.341636222187009 0.734185376990278 0.910159082280679 -6.53035146386932
"ATIC" 0.208722800565117 0.543629985578278 0.338312578750651 0.736671789924272 0.911450783220031 -6.5314817409842
"Q00610" 0.213355177232907 0.270744400877645 0.334048090207212 0.739866220565247 0.911817839279693 -6.5329158699853
"O75083" 0.14283528593554 0.280586141774954 0.330528742848899 0.742505981459358 0.911817839279693 -6.53408577700789
"CD44" 0.183730698989291 0.274022207389356 0.327945636766067 0.744445489518029 0.911817839279693 -6.53493661050535
"THBS2" -0.278902638591996 0.556608593747009 -0.326261638057815 0.745710811769762 0.911817839279693 -6.53548771514302
"H2AC6" 0.0877251531136612 0.321811550347599 0.325732366218251 0.746108642395803 0.911817839279693 -6.53566034117755
"ACTN1" -0.289318403092236 0.758090282966487 -0.325296832190654 0.746436066835736 0.911817839279693 -6.53580218469367
"DYNC1H1" 0.212673607200026 0.327439591398445 0.320713645792399 0.749884457335743 0.911817839279693 -6.5372833707867
"Q3SWY2" 0.242274385390329 0.975216442046511 0.319843833735366 0.750539490007233 0.911817839279693 -6.53756211316665
"TUBA1B" 0.20251212642451 1.66164867095912 0.317530350723667 0.752282616619113 0.911817839279693 -6.53829983058204
"P63104" 0.123107107732704 0.884129142970355 0.309042198513356 0.758689257094041 0.911817839279693 -6.54096084035775
"MYH11" 0.152169088620952 0.652544957969425 0.308771403632126 0.758893930852372 0.911817839279693 -6.54104455207821
"H2AC4" 0.0838356195726289 0.328575956505916 0.307881889995505 0.759566370948499 0.911817839279693 -6.54131901612519
"H2AC25" 0.0838356195726289 0.328575956505916 0.307881889995505 0.759566370948499 0.911817839279693 -6.54131901612519
"P37802" 0.11410767663693 0.354293361291635 0.305962517113721 0.761017986551462 0.911817839279693 -6.54190856221909
"C4BPA" 0.26786971844385 1.09352212121896 0.303620304884881 0.762790571707153 0.911817839279693 -6.5426230118513
"COL3A1" 0.0906497881296389 0.302753326489726 0.301781435932344 0.764183128452963 0.911817839279693 -6.54318009411329
"AMY2B" 0.176092304157325 0.74822742113586 0.299452560538738 0.765947892900528 0.911817839279693 -6.54388078547923
"SeRPIND1" 0.17394409669827 0.688028441939677 0.297967304218008 0.76707403984583 0.911817839279693 -6.54432483260663
"AMY1A" 0.184459520110189 0.755503261094872 0.296590851244028 0.768118144153447 0.911817839279693 -6.54473438731872
"AMY1B" 0.184459520110189 0.755503261094872 0.296590851244028 0.768118144153447 0.911817839279693 -6.54473438731872
"AMY1C" 0.184459520110189 0.755503261094872 0.296590851244028 0.768118144153447 0.911817839279693 -6.54473438731872
"P27348" 0.122126612017573 0.290054174300835 0.295745951337275 0.768759255937871 0.911817839279693 -6.54498484625746
"AKR1A1" 0.133862705467193 0.457750447432581 0.292748786735786 0.77103482561201 0.912801078726413 -6.54586757371728
"C5" 0.225566712814812 0.771532167322534 0.290739881603095 0.772561209924613 0.912895362289197 -6.54645422422093
"FLNB" 0.137617866377044 0.413331594768217 0.282105817825152 0.779131733168889 0.918938548840316 -6.54892976428881
"FAP" -0.181305136173544 0.55780279319837 -0.270113208700671 0.788285129191846 0.926717779453997 -6.55224487319295
"TG" 0.245281923671731 0.830439203374032 0.269616723631052 0.788664734654194 0.926717779453997 -6.55237902256153
"ANXA5" 0.141019031028052 0.794981727204845 0.262674433384025 0.793978102326004 0.927163456147345 -6.55422904519374
"CCDC168" 0.250226715017025 0.497858398849557 0.261931587351774 0.79454723902862 0.927163456147345 -6.55442415395666
"O43707" 0.174902298285995 0.363742985490342 0.261327631765864 0.795010047135611 0.927163456147345 -6.55458237709222
"LASP1" -0.186337872511592 0.588559131748599 -0.260074413788355 0.795970619329722 0.927163456147345 -6.55490953099965
"P35443" 0.0777796025109437 0.314705057137273 0.259526356165065 0.796390797514835 0.927163456147345 -6.55505210925378
"LPA" 0.125276158743045 0.288490087895019 0.248232007595161 0.805063215175843 0.935533865149093 -6.55792358101731
"BPT2" -0.174786026196514 0.60882521501471 -0.245548047765072 0.807127799368519 0.936208899635175 -6.55858721686844
"Q32LP2" 0.205163442318335 0.846657908552228 0.23905464275692 0.812128442853065 0.940216322489511 -6.56016301339524
"ASS1" 0.150921085096837 0.346997363117123 0.237194049400494 0.813562776670798 0.940216322489511 -6.56060677172224
"CP" 0.191592182387271 0.486714698212137 0.230618957279463 0.818636667796151 0.944350525373623 -6.56214724608608
"H2AC7" 0.0756065237529299 0.298618059715194 0.224755348263016 0.823168154420787 0.947845082918826 -6.56348458521016
"P11021" 0.133009056028009 0.437578763486024 0.218044447226733 0.828361917652275 0.95145061285249 -6.56497299820367
"MFGe8" 0.0686261265547533 0.28800563179801 0.213448383463011 0.831923439114454 0.95145061285249 -6.56596638574699
"SePTIN7" 0.118330627094001 0.378903709138505 0.212956675499621 0.832304679591387 0.95145061285249 -6.56607141233021
"MYH9" 0.154593611812512 1.83979858127324 0.212860837970293 0.832378990936629 0.95145061285249 -6.56609185464079
"IGFBP5" -0.145586342675757 0.517686905947146 -0.210978753100146 0.83383865120036 0.95145061285249 -6.56649144556841
"ITIH2" 0.0797073600767689 0.271640739549629 0.200774788737767 0.841762558888473 0.958758438011961 -6.5685962185548
"HP" -0.182521849816844 0.619022881242853 -0.186187370643318 0.853119056170934 0.969942566565513 -6.57142430945347
"P00338" 0.0880508386121991 0.339952528327364 0.181674435448039 0.856638934098713 0.972192747151597 -6.57225612194505
"P54652" 0.109023476818833 0.339616098038885 0.176370460565392 0.86077954893111 0.973866419673249 -6.57320768537472
"H2BC12L" 0.0734890136831261 0.477914723900764 0.171507896627408 0.864579050344156 0.973866419673249 -6.57405532029388
"H2BC13" 0.0734890136831261 0.477914723900764 0.171507896627408 0.864579050344156 0.973866419673249 -6.57405532029388
"Q7Z3Y7" 0.103380348493095 0.378250244393938 0.170431347968649 0.865420682776092 0.973866419673249 -6.57423978302926
"BRN" -0.114650080489723 0.463884710841 -0.16990718345675 0.865830525256249 0.973866419673249 -6.57432917682975
"GAL3ST4" 0.117216501354224 0.370598323564226 0.165188257286313 0.869521902792169 0.976278150643877 -6.57512158482818
"KRT33B" 0.129361316320668 0.421834264019887 0.163074589692626 0.871176276265992 0.97639827766224 -6.5754692863062
"AMY2A" 0.0636949859107322 0.570364073266519 0.145234520753116 0.88516222536141 0.981531006562254 -6.57822580449693
"CHI3L1" -0.0902589948733571 0.759499594345939 -0.142103816556717 0.887620529234201 0.981531006562254 -6.57867666733358
"O60814" 0.0620087559072878 0.497880389597874 0.141366046477446 0.888200007523054 0.981531006562254 -6.57878148683912
"H2BC14" 0.0620087559072878 0.497880389597874 0.141366046477446 0.888200007523054 0.981531006562254 -6.57878148683912
"H2BC9" 0.0620087559072878 0.497880389597874 0.141366046477446 0.888200007523054 0.981531006562254 -6.57878148683912
"H2BC5" 0.0620087559072878 0.497880389597874 0.141366046477446 0.888200007523054 0.981531006562254 -6.57878148683912
"H2BC15" 0.0620087559072878 0.497880389597874 0.141366046477446 0.888200007523054 0.981531006562254 -6.57878148683912
"H2BC4" 0.0620087559072878 0.497880389597874 0.141366046477446 0.888200007523054 0.981531006562254 -6.57878148683912
"IGHG1" -0.131583508311937 0.493334150531808 -0.13859031308744 0.890380745632762 0.982108534751864 -6.57917096850297
"KRT33A" 0.105880410349775 0.335776781552413 0.13673926968582 0.891835484013975 0.982108534751864 -6.57942641185917
"KRT24" 0.0813069439279437 0.307843755544185 0.133371618171691 0.894483088624403 0.983308064324039 -6.57988234505189
"Q9NY65" 0.101942928364147 0.771076784687933 0.125165335127551 0.900939790431705 0.985907378716249 -6.58094579170846
"RAB8A" 0.0503851125565535 0.302377082886402 0.124684942455886 0.901317977533098 0.985907378716249 -6.58100595527999
"P35580" 0.0665199809046802 0.441271939685429 0.124409337973431 0.901534956448932 0.985907378716249 -6.58104036715539
"LeCT2" -0.0809932802496496 0.40535114520609 -0.117357474911211 0.907089311971865 0.98876226251486 -6.58189497606627
"P51884" 0.0560318631697257 0.355631198281322 0.110760749135202 0.912289439424107 0.98876226251486 -6.58264932234259
"Q13509" 0.0857109898590036 0.919595553811429 0.107320769750948 0.915002692633164 0.98876226251486 -6.58302539167134
"Q9BUF5" 0.0679755429884885 0.589043054365598 0.105921177803925 0.916106903106157 0.98876226251486 -6.58317500570909
"GAPDHS" 0.0557201646649988 0.322370115713481 0.10248689652555 0.918817089387943 0.98876226251486 -6.58353380664084
"KRT35" 0.116199317651708 1.03842056043664 0.099635957858779 0.92106766867888 0.98876226251486 -6.5838226834552
"MYLK" 0.0735832824497352 0.407756496006438 0.0933027937010275 0.926069485980112 0.98876226251486 -6.58443525704606
"P02753" 0.0505982308015183 0.304305999228133 0.0870420193004355 0.931017100711428 0.98876226251486 -6.58500131527541
"P02787" -0.0884218482576492 0.814725741700157 -0.0864807350437347 0.931460796474841 0.98876226251486 -6.58505014391294
"POTeF" 0.0695918004920383 0.49537561069465 0.0812685698552137 0.93558205043044 0.98876226251486 -6.58548849178176
"ADORA1" -0.0816884315375036 0.406560103967575 -0.0811865150235906 0.935646945667121 0.98876226251486 -6.58549517494006
"CSRP1" -0.0448657543817413 0.533260908749307 -0.080866201005291 0.935900278714775 0.98876226251486 -6.58552119910808
"P34931" 0.0490007390485946 0.704760182144938 0.0802035875915769 0.936424354066699 0.98876226251486 -6.58557470722549
"P01009" -0.0692103762896712 0.384859138319171 -0.0768422004977966 0.939083381623419 0.98876226251486 -6.58583937023185
"ARFIP2" 0.0517214066858156 0.436516442761799 0.0760196992900762 0.939734129806537 0.98876226251486 -6.5859024060464
"TUBB6" 0.0768279029007704 0.781667074279942 0.0750696727116518 0.940485825484179 0.98876226251486 -6.58597437124732
"IGHG3" -0.0656783029742496 0.378716402118438 -0.0735965608804707 0.941651513355785 0.98876226251486 -6.58608417133212
"ANG1" -0.0361470550746324 0.327357710119103 -0.0722060078839956 0.942751990128743 0.98876226251486 -6.5861858217981
"Q08380" 0.0406541016034453 0.393787616540834 0.0707525891319077 0.943902339184054 0.98876226251486 -6.5862899958771
"P02675" 0.0265561095525227 0.361465457081215 0.0703226928881469 0.944242615902804 0.98876226251486 -6.58632040294228
"CFL2" 0.0455108151184106 0.374442757648552 0.0699296498444286 0.944553731326244 0.98876226251486 -6.58634804120397
"Q9BQe3" 0.0704733605727132 0.969807632327124 0.0696868953354664 0.944745889385488 0.98876226251486 -6.58636503401029
"eDIL3" 0.0399037409689325 0.874239341804051 0.0688465959509463 0.945411073763057 0.98876226251486 -6.58642339873815
"PSMe4" -0.0421269866619513 0.337757591140528 -0.0662959179221786 0.947430439592497 0.98876226251486 -6.58659622570117
"GPX3" -0.0303113199638942 0.481329126730382 -0.065001997387746 0.948454967687188 0.98876226251486 -6.58668140455296
"CATHL3" -0.0419267785814815 0.337409403174493 -0.0634076658486076 0.949717482531772 0.98876226251486 -6.586784051136
"Q32Le4" -0.0342603985505874 0.358614391703744 -0.0630376814484424 0.950010483516671 0.98876226251486 -6.58680750722669
"SPON1" -0.0414421300588712 0.468705315670895 -0.062577001786483 0.950375318368269 0.98876226251486 -6.58683652134096
"ARHGeF9" -0.0403185161657092 0.399278493642343 -0.060440128358433 0.952067752671805 0.98876226251486 -6.58696832146134
"TUBA1A" 0.0528096828052253 1.19948842838369 0.0593592105762721 0.952923940564685 0.98876226251486 -6.58703324772223
"LOX" 0.0307263402755611 0.69202037673911 0.0563511402826914 0.955306905601908 0.98876226251486 -6.58720776394474
"IGFBP4" -0.0296626004682903 0.316080397760248 -0.0558773120312038 0.955682306083509 0.98876226251486 -6.58723442648186
"P00738" -0.0398475236118405 0.333793307575117 -0.0486922332602653 0.961376032030681 0.98876226251486 -6.58761114605148
"P02749" 0.0325043084879263 0.451919943200276 0.0486872743369973 0.961379962404933 0.98876226251486 -6.5876113881767
"FKBP4" -0.0248861977269212 0.307773610383954 -0.0426727472348373 0.966147678151244 0.98876226251486 -6.5878869032642
"MYH14" -0.0170214035672497 0.505922711842503 -0.0410973145883237 0.967396737461817 0.98876226251486 -6.58795307608837
"AOCX" 0.034309024711928 0.648107272474439 0.0374608066706301 0.970280201161422 0.98876226251486 -6.58809631751371
"HNRNPR" 0.0174475994469483 0.274976810390274 0.0373737571991265 0.970349229594568 0.98876226251486 -6.58809958386422
"TIMP3" 0.0178207219966333 0.303581002833819 0.0367136858741687 0.970872659952126 0.98876226251486 -6.5881241044114
"eeF1A2" 0.0352827155749064 0.504483922437861 0.0337722325607319 0.9732053590984 0.98876226251486 -6.58822806296846
"P02790" -0.0270856276551676 0.311598705911339 -0.0331091746067539 0.973731226048211 0.98876226251486 -6.58825029883328
"HMGCR" -0.0200323722914907 0.299332174844075 -0.0318760376811691 0.974709250110948 0.98876226251486 -6.58829048009587
"GDF6" -0.0179722841235175 0.295749412812816 -0.0315264510536916 0.974986521045494 0.98876226251486 -6.58830159381315
"KRT25" -0.045016024276454 0.870916214072822 -0.0309063523381366 0.975478353439959 0.98876226251486 -6.58832100589839
"TCN2" -0.0177510398442271 0.440545433393437 -0.0288437655992722 0.977114365985695 0.98876226251486 -6.58838280046499
"P02751" 0.0280928676184169 0.622009498720353 0.0261411086235836 0.979258221969518 0.98876226251486 -6.58845731393317
"S100A12" -0.0126633305016107 0.286516449992109 -0.0255991860121408 0.979688115876039 0.98876226251486 -6.58847137336064
"KRT15" 0.0282020926806932 0.898171136215576 0.0245425013944478 0.980526375255846 0.98876226251486 -6.58849794058522
"P61284" 0.00927705700851403 0.272669072133968 0.0224242955221285 0.982206796810761 0.98876226251486 -6.58854782463483
"MAP4" 0.0136798970387135 0.337161908363979 0.0195718078437683 0.984469868516494 0.98876226251486 -6.58860789170133
"P01042" 0.0117138695705708 0.328975594078848 0.0187638655113076 0.985110888178372 0.98876226251486 -6.5886234222871
"TUBA1C" -0.0133941244115362 0.335330475246119 -0.0181117162471521 0.985628309226382 0.98876226251486 -6.58863548071057
"CALD1" 0.00737929599905204 0.613608729397705 0.0114173485058915 0.990940001278587 0.992512921915537 -6.58873460154959
"IGF2R" 0.00672914545710487 0.877479878395385 0.00710273557412382 0.994363695661628 0.994363695661628 -6.58877466901267
