"logFC" "AveExpr" "t" "P.Value" "adj.P.Val" "B"
"P63261" 4.32206352526146 2.73660694264868 15.2843693777687 1.7256115156304e-20 1.93268489750604e-18 35.5806452701714
"P60709" 4.32206352526146 2.73660694264868 15.2843693777687 1.7256115156304e-20 1.93268489750604e-18 35.5806452701714
"P13645" 4.95102337989942 3.28286207275526 14.1006914765291 4.62304570444046e-19 3.45187412598221e-17 32.5445225109819
"P02768" 5.66967696222927 3.53014814150613 13.6639213862016 1.62366682586586e-18 9.09253422484882e-17 31.3759464972926
"KRT1" 5.35375659897146 3.56366728071721 13.1129853382025 8.19276046588599e-18 3.67035668871692e-16 29.8638535378227
"KRT9" 4.65150962293635 3.05443713763583 12.192391420663 1.33486082787435e-16 4.98348042406426e-15 27.2409636138421
"TLN1" 4.94091592733804 3.01286371076434 11.7233182067077 5.77042326845873e-16 1.84653544590679e-14 25.8578277605177
"KRT2" 4.81470682504772 3.15887506003387 7.06310862125148 4.75727087469356e-09 1.25137982917367e-07 10.5943514387673
"P68366" 2.7488148242196 2.08258765709156 7.04775554264506 5.02786538507279e-09 1.25137982917367e-07 10.5409585993207
"FLNA" 3.73716401374508 2.12980106281586 6.76763647755739 1.38013599587023e-08 3.09150463074931e-07 9.5664157856848
"KRT14" 3.66854293646677 2.68973372823354 5.54683613132312 1.09497208771663e-06 2.22976134225932e-05 5.35120422195865
"TUBA1B" 2.55700856932136 1.94726573425111 5.42911507151224 1.65905980665897e-06 3.09691163909675e-05 4.95183185979747
"CKM" -2.54182932598759 1.43905061876519 -5.35393213466209 2.16125273914395e-06 3.72400471975574e-05 4.69783032771587
"APOA2" -2.79521709996489 2.05314683389666 -5.16725669839932 4.15261294194679e-06 6.64418070711486e-05 4.0711442084828
"APOD" -2.14138294251659 1.954804178567 -5.12679273011895 4.78062532561412e-06 6.83791091823237e-05 3.93611728189791
"UBA52" -2.80696953748161 1.42367798513513 -5.09579716912842 5.32420955143278e-06 6.83791091823237e-05 3.83289597114997
"THBS4" -3.29264280691868 2.59908547029237 -5.08891172126511 5.45299564627692e-06 6.83791091823237e-05 3.80999128520954
"P68032" 3.03053929997141 2.10659978605528 5.08671373621273 5.49474984500815e-06 6.83791091823237e-05 3.80268155936268
"TUBB1" 1.57502683729064 1.59234073883428 4.96689524806334 8.31703794600573e-06 9.8053499995015e-05 3.40568131855316
"KRT71" -3.17169230412556 2.0614298276594 -4.84470443125177 1.26571045356714e-05 0.00014175957079952 3.00398387781017
"P13647" 3.56956207559235 2.68452794778343 4.73912136514322 1.81484145950806e-05 0.000193583089014193 2.65967181677047
"P07996" 2.75927536836115 2.092374929761 4.6497188000048 2.45766807489317e-05 0.000245660377691046 2.3702930261674
"PGLYRP1" -3.95697668443259 1.67253892181117 -4.64202731961787 2.52240566379199e-05 0.000245660377691046 2.345494166285
"LBP" -3.21913256636591 1.88723308630652 -4.55780792891537 3.35006626133602e-05 0.000309058297982822 2.07499801807437
"P01024" 3.08959186885956 2.35144295118694 4.54637517370382 3.4811676047833e-05 0.000309058297982822 2.03842888606104
"APOC3" -2.69150771434863 1.35842095604172 -4.53742546591333 3.58728381587205e-05 0.000309058297982822 2.00982776296525
"KRT79" -3.40334592305025 2.44652612012048 -4.49927645335016 4.07619467034812e-05 0.000338173187465918 1.88816841853329
"P01023" 3.81827801919469 2.56133651287742 4.44130896638291 4.94605405052147e-05 0.000395684324041717 1.70411666987878
"UBC" -2.80696953748161 1.31940319373629 -4.28947951881769 8.17358424109117e-05 0.000622704084304012 1.22690383967196
"KRT73" -2.9192381835957 2.30143899068349 -4.283353842084 8.3397868433573e-05 0.000622704084304012 1.20780404758855
"KRT7" -3.00134338120892 3.03408196945055 -4.26828600069439 8.76272595216478e-05 0.000633177617188681 1.16087506652286
"F13A1" -1.83342158176169 1.67684231089571 -4.23045880959937 9.91852259669249e-05 0.000694296581768474 1.04339356003961
"POTee" 2.12045360304324 1.55755606480302 4.19293314518392 0.000112109527682655 0.000760985884876202 0.927325091241356
"RPS27A" -2.62728542084619 1.5498931349851 -4.13133729147408 0.000136947449559563 0.0008906911742016 0.737860999919775
"TAGLN2" -2.94119991280751 1.82556932981405 -4.12636519101484 0.000139170495969 0.0008906911742016 0.72262542473624
"KRT16" 3.02021062366414 2.5364333186317 4.05069037972893 0.000177648051779474 0.00110536565551673 0.491842094602617
"MST1" -2.01891434126789 1.6572762956501 -4.01979339528912 0.000196160582345553 0.0011875667687947 0.398221607310879
"P19823" 1.81344220837384 1.95199204990044 4.0029935946416 0.000206996277400463 0.00122018858257115 0.347467156514899
"P68371" 2.02845038123994 1.75239805099663 3.90760471473664 0.000280387323522277 0.00157585094445142 0.0613413427637335
"JUP" -3.2258140695785 2.00926215738103 -3.90646333306793 0.000281401954366324 0.00157585094445142 0.0579392599977293
"P11142" 1.61272357590996 1.58731738439312 3.78445135514352 0.000412908630114035 0.00225589105233034 -0.302690293552748
"eeF1A1P5" 1.70830315781265 2.0344425061276 3.73607172381305 0.000479983375538494 0.0025599113362053 -0.443967345178665
"P68104" 1.70830315781265 1.96523511745077 3.70889781632992 0.000522126372152181 0.00271991412469973 -0.522878744685038
"KRT75" -2.75028854682366 3.70013749810656 -3.6627105918545 0.000602025021122418 0.00303520168257078 -0.656261901426765
"H4" -2.25094129534369 1.67480620436773 -3.65856143561112 0.000609750338016451 0.00303520168257078 -0.668197906854074
"KRT10" -5.60167330460087 2.1811305592477 -3.61291792209419 0.00070125043936526 0.00341478474821344 -0.798991349679444
"KRT72" -3.35602391631898 1.8955809951859 -3.59698712491197 0.000736175503589334 0.00350858112348959 -0.844419170386353
"MYH9" 2.20955997395891 2.17147436226733 3.56425993988606 0.000813213823170362 0.00379499784146169 -0.937376764405357
"TUBB" 1.99415182544035 1.6982673327166 3.5422522792768 0.000869288141113416 0.0039738886450899 -0.999606870854038
"P07900" 1.96546630889579 1.58250706049443 3.51715654725972 0.000937735019982223 0.00420105288952036 -1.07029104583235
"P01008" 2.28387290290398 1.82429362274305 3.47565874852038 0.00106232874106714 0.00466591447056942 -1.18651493224831
"KRT6A" 3.13765005541996 2.67428440972459 3.45993838029282 0.00111352641607739 0.00479672917694875 -1.23032664503315
"H2A1" -1.82119198391334 1.27489937046138 -3.4363838386372 0.00119465680869353 0.00486551136631548 -1.29574630850848
"H2AJ" -1.82119198391334 1.27489937046138 -3.4363838386372 0.00119465680869353 0.00486551136631548 -1.29574630850848
"H2AC20" -1.82119198391334 1.27489937046138 -3.4363838386372 0.00119465680869353 0.00486551136631548 -1.29574630850848
"CFH" -2.07727075882305 4.73751401127154 -3.42420722886351 0.00123877263537031 0.00494451146088761 -1.32945847338259
"GFAP" -2.12815354924669 1.30769000984201 -3.41897487537242 0.00125820157710087 0.00494451146088761 -1.34392228579243
"KRT19" -3.20733244708524 2.90798190215825 -3.36337572102347 0.0014833594976647 0.0057288366806361 -1.49677197393487
"FBLN1" 1.6302748556342 1.54404194159371 3.33060287846702 0.0016334707447963 0.00620165164126054 -1.58613762630054
"KRT17" -4.3168250187603 3.29428938584638 -3.31285677252632 0.00172065329071162 0.00642377228532337 -1.63429839948743
"Q04695" 2.26523312350983 2.19354047619982 3.27606873851631 0.0019156168096388 0.00686541524065181 -1.73361666153845
"C4A" 1.96479950744023 1.92122048006565 3.27439710351747 0.00192495437408898 0.00686541524065181 -1.73811285929183
"KRT20" -1.92682584969232 1.38374151654103 -3.27333704327495 0.00193089803643332 0.00686541524065181 -1.74096334389219
"KRT78" -2.06966449694521 1.39208057576647 -3.23944388171162 0.00213034105266531 0.00745619368432857 -1.83178902350097
"APOB" 2.60107816348756 1.88182983813944 3.20372077501768 0.0023615245153054 0.00813817679120631 -1.92685647480539
"LTF" -2.9682942771371 2.33228884689584 -3.12722456185293 0.00293846783269591 0.00997298173521037 -2.12810177142765
"IGFBP3" -2.12390124928514 1.59150732086787 -3.09334224618339 0.00323426646978839 0.0108130699885463 -2.21620535552302
"APOe" -1.52901704014681 3.40336802544691 -2.94346889399696 0.00490972377565259 0.0161732077315615 -2.59805698059319
"HBA" -1.06470960373704 4.62559023340705 -2.93659348529822 0.00500327567538875 0.0162425181345954 -2.61525952664228
"KRT6C" 2.98374036201909 2.43459542956762 2.92619664938792 0.0051479004362027 0.0164255059561001 -2.64121931630479
"APOA1" -1.37013159684067 5.83793754773609 -2.92207538100237 0.005206298762871 0.0164255059561001 -2.65149181076151
"KRT80" -1.94825018615178 1.51598194213391 -2.87397509148315 0.00593500480561977 0.0184644593952615 -2.77062867069847
"P04272" -2.14114312715188 1.39724294874033 -2.81171944485929 0.00701887095240381 0.0214453812035862 -2.92273131991278
"HBBF" -1.05232679651952 5.20161125704235 -2.8082353254288 0.007084634861899 0.0214453812035862 -2.93117295144301
"CLeC3B" -1.70969455644849 2.59057900230815 -2.79403540667764 0.00735859951160828 0.0219776838746701 -2.96549949826924
"HBA1" 1.357419025766 1.88969620876951 2.68189242240538 0.00989112303499072 0.0290307267002342 -3.2321110096843
"KRT5" -1.94227104970695 4.75060084572523 -2.6784855163359 0.00997931230320549 0.0290307267002342 -3.24008440860834
"F2" 1.53490725158718 4.58599019856791 2.59533068530127 0.0123683190507826 0.0355192752227602 -3.43233853643591
"P06396" 1.85602580585652 2.12955510936767 2.53351964036388 0.0144704728152839 0.0410302014002987 -3.57226386479857
"IGFBP2" -2.67487141184787 2.56489382133601 -2.46342386373591 0.0172433079542379 0.0482812622718662 -3.72779826921152
"KRT28" -2.32879592197488 1.42872685909555 -2.45790842647146 0.017480665263125 0.0483415928264199 -3.7398925432025
"HBB" -1.61747406626725 3.60913296436354 -2.305155926877 0.0253416565301076 0.0684347941337879 -4.06632205421485
"PKM" 0.911494357253378 1.62531181936248 2.30489322383761 0.0253575353263589 0.0684347941337879 -4.06686905293097
"TUBA1A" 1.49945695669097 1.56754237636975 2.25175879906742 0.0287572741874536 0.0766860644998763 -4.17646969201113
"HSP90AB1" -1.43274235617921 1.74196872511885 -2.21899520504282 0.0310497908590484 0.0818253312050216 -4.24301605987709
"RBP4" -1.48380485775728 1.84808540045016 -2.08219776374952 0.0424566894302904 0.110584865492849 -4.51216352215623
"PZP" 1.87129253017272 1.86308205916944 2.05188135982998 0.0454310837938048 0.116123987786601 -4.56987689957691
"CPB2" 1.16066584585365 2.43628368427722 2.0500133297139 0.0456201380590219 0.116123987786601 -4.57340979498394
"P02771" 0.946114704769902 1.46420732564624 2.0153051073054 0.0492590064014006 0.123977723976559 -4.63855722311316
"KRT6B" 2.22753750692324 2.49674812989069 1.99244947205831 0.0517899722684665 0.12889948653485 -4.68094267428508
"FN1" 1.76921081403409 3.70447587721651 1.9872466794785 0.0523815317992604 0.128939155198179 -4.69053378696225
"TBA1B" 1.41685715267588 2.82043278934966 1.966457636688 0.0548036866947318 0.132935657861051 -4.72864418285506
"C7" 1.30326813010344 3.17167040737004 1.9631982582812 0.0551920365226685 0.132935657861051 -4.73458825525049
"VTN" 0.791380590976835 1.52379352816746 1.94933366814884 0.056870490524072 0.135521168908427 -4.7597786678778
"F10" -0.89362854077504 1.7889148002428 -1.91014481167484 0.0618530944334578 0.145843085822048 -4.83015186314144
"A1BG" -0.694275712195941 4.1781310077701 -1.83583869810236 0.0723257919994432 0.168760181332034 -4.96019270238838
"KRT3" 1.1802447075699 1.74723983828543 1.82855865625552 0.0734279975849507 0.169565685144628 -4.97269205829212
"TGFBI" -1.58117716191804 2.39847822889881 -1.81645158249476 0.0752923475640003 0.171420054056023 -4.99338312151968
"P02788" 0.799908378426209 1.45774634577412 1.81344440590724 0.0757615417479744 0.171420054056023 -4.99850378665086
"SeRPINA5" -0.926666180465415 4.45905450628944 -1.79689727461981 0.0783874793632712 0.175587953773728 -5.02654764036082
"KRT76" 1.4603640783963 1.71902759500493 1.76670532351493 0.0833754226437686 0.184911828437665 -5.07713508659203
"TPI1" -0.645877964069331 1.33011943252042 -1.74048047896359 0.0879203189991894 0.193079916233514 -5.12046271172682
"HSPA1B" 1.0283046413052 2.38372430703903 1.72202397843394 0.091240829023445 0.196518708665882 -5.15061240680139
"HSPA1A" 1.0283046413052 2.38372430703903 1.72202397843394 0.091240829023445 0.196518708665882 -5.15061240680139
"KRT13" 0.97210392054206 1.73143413968201 1.71048863192092 0.0933684170884607 0.199185956455383 -5.1693113963548
"P04406" 0.819711423240106 1.63629529099176 1.69691437113697 0.0959244102118991 0.202184269539925 -5.19117258736512
"P08238" 1.04534083526994 1.39869698286489 1.69348556958725 0.0965790930391605 0.202184269539925 -5.19667014034178
"ADIPOQ" -0.639237897594701 2.79383412952405 -1.66136490217522 0.102892580578698 0.213275611389566 -5.24768934530983
"BLVRB" -0.817112929875934 1.46374010893065 -1.65697355281201 0.103781435899387 0.213275611389566 -5.25459662514452
"ACTC1" 1.60758699349579 3.22253436347275 1.57894940603434 0.120647871423484 0.243945497637126 -5.37458451331064
"Q5XKe5" 1.03624843492414 1.57462061995481 1.57792289102037 0.120883706418397 0.243945497637126 -5.37612837259422
"APOA4" -1.04263984191347 2.23639630347994 -1.56672409676705 0.123480764473325 0.24696152894665 -5.39291218505741
"TUBA1D" 1.49945695669097 1.92357841852992 1.54178743392508 0.12942492429463 0.256559141964576 -5.42989616799167
"ORM1" -0.761182664992873 3.84967463978969 -1.5215618826414 0.134412387873934 0.264108551611941 -5.45949731404149
"F12" -0.843551957111136 1.5732420082278 -1.51544656080842 0.135950160365628 0.264807268886093 -5.46837740103746
"HABP2" -0.646528661644821 1.33364828925658 -1.47928455825151 0.145331399127058 0.279677855523313 -5.52022146301078
"C9" 0.989900855818574 2.53409171363602 1.47647278132983 0.14608173703673 0.279677855523313 -5.52420466204799
"LDHB" 0.904405409371529 1.70047910519436 1.43352237344756 0.157926647887866 0.299792958702389 -5.58418477730785
"MDH1B" -1.14760771343209 1.47730045651038 -1.41726780721529 0.162600134997485 0.305607032848609 -5.60645967013935
"TUBB4B" 1.14794612295199 2.13742188267733 1.41343361173356 0.163718053311755 0.305607032848609 -5.61167986079322
"KRT8" 0.994288837547027 1.57238229373487 1.40713160275511 0.165568452606536 0.30650688746995 -5.62023160993097
"P26038" 0.757115549083426 1.46456907161834 1.39926980826185 0.167899514021758 0.306577925748636 -5.63085053915751
"CFB" 0.904398998437064 4.69910009658115 1.39777989525219 0.168344128870903 0.306577925748636 -5.63285677483135
"CPN1" 0.951535096754917 2.26860933054171 1.38729996580819 0.171497277729015 0.309801533962091 -5.64691268061664
"K2C4" -1.33174569586785 1.3424470958909 -1.37551966931391 0.175095830646268 0.311929110632351 -5.66259587228733
"C4BPA" -0.755762336841333 1.32366387946617 -1.3743375244224 0.175460124730697 0.311929110632351 -5.66416283632194
"TUBB5" 1.15421232203804 2.17356382256763 1.36437746828607 0.178552614354901 0.314927445791322 -5.67731559662596
"TUBA4A" 0.972069555917904 2.95719026205517 1.34586173662952 0.184412316318873 0.322721553558028 -5.70153074062828
"GAPDH" -0.528084230544705 2.9599419780984 -1.29350822760632 0.201773587795264 0.350366540047591 -5.76833266036247
"VNN1" -0.813342777539986 2.69500811622411 -1.27831312217053 0.207035648364688 0.356738347951462 -5.78725806441352
"KNG2" -0.820722106290797 4.18911636434987 -1.26368780946841 0.212196648091953 0.3593194368909 -5.8052761230426
"F12AI" -0.761751556386819 4.20663262039804 -1.25495179735626 0.215324769271272 0.3593194368909 -5.81594601232268
"ACTB" -0.380765548622837 4.69839418045775 -1.25440627604638 0.21552123471504 0.3593194368909 -5.81660999259463
"ACTG1" -0.380765548622837 4.69839418045775 -1.25440627604638 0.21552123471504 0.3593194368909 -5.81660999259463
"FeRMT3" 0.878689688404953 1.87093697072839 1.25005779799516 0.217092065018608 0.3593194368909 -5.82189305158152
"RAP1B" -0.651560525679539 1.50258209146489 -1.24711963785075 0.218158229540904 0.3593194368909 -5.82545293996693
"FMOD" -0.687385997478009 1.25866081839479 -1.23774732933547 0.221585039953833 0.36229962736977 -5.83675590990477
"AFP" 0.391532150076442 5.82309093743856 1.21708175918964 0.229281076778143 0.371096293883816 -5.86139525170457
"PPIA" -0.658773102268033 1.46674230262402 -1.21157390991224 0.231364946780821 0.371096293883816 -5.86789630357619
"P26583" 0.678124956278416 1.35952732575011 1.21007305606063 0.231935183677385 0.371096293883816 -5.86966298373271
"P08727" 0.796363032887293 1.50896968556269 1.18485575519273 0.241670410223875 0.383930297093248 -5.89903779269306
"P05786" -1.13734118113888 1.70745143626579 -1.12919059282981 0.264200757345253 0.416767391868567 -5.96180798443884
"COMP" -0.72804319614024 2.05421860325544 -1.12302484988664 0.266785309680725 0.417901464115261 -5.96858452206355
"KNG1" -0.580332570200259 4.64400516719177 -1.10492219108572 0.274476912818672 0.426964086606823 -5.98827669205273
"A2M" 0.361138376515923 7.04890177435079 1.08397906568541 0.283568473115152 0.438064399846856 -6.01067864587374
"HRG" -0.63549505364899 1.89807251096587 -1.07847588110615 0.285991922983717 0.438782128413374 -6.01649738265687
"eZR" -0.614054930383914 1.43813744469939 -1.01591841590403 0.314554412790505 0.479321009966483 -6.08065129980005
"eNO1" -0.693758551069915 2.92915499641106 -1.00981961979571 0.317439036944821 0.480448272132703 -6.08670935667945
"AMBP" -0.397176687614272 3.20142321680015 -1.00092392766343 0.32167848600316 0.482870537887436 -6.0954828669767
"FGG" 0.732904735959917 1.96575190415694 0.994852720457285 0.32459362853195 0.482870537887436 -6.10142789587156
"eeF1A1" -0.672200905073725 2.98419675711455 -0.992959103879063 0.325506478665191 0.482870537887436 -6.10327504996194
"CFD" -0.424516350632545 1.76934998426834 -0.984789232042833 0.329464606984437 0.485526789240223 -6.11120569383667
"ITIH1" 0.735763674309625 3.81573558691508 0.95984474027652 0.341747637875439 0.500336411007178 -6.13502972132604
"SeRPINA3-7" -0.55050553246779 4.03724715903641 -0.935102773848974 0.354225410772251 0.515236961123274 -6.1580785082477
"PLG" 0.573492955736931 5.25419591521744 0.906489974654138 0.369020309103328 0.533293866059003 -6.18400855022714
"GPI" -0.465589625758607 1.26430635318619 -0.874284117001084 0.386139648932329 0.554456931800267 -6.21226200300556
"GSTA2" -0.641169967160383 1.60418294284528 -0.848573328605107 0.400159206589783 0.568459854327369 -6.23410614719362
"SeRPINA3-2" 0.620893971445365 4.82604857429141 0.847108704364722 0.400967218677341 0.568459854327369 -6.23533145355401
"CHIA" 0.61733167146903 2.39387368752129 0.84237612338472 0.403585008810347 0.568572591028414 -6.23927668117424
"AFM" 0.57191779037106 3.64994722284964 0.81830695540165 0.417061101473569 0.583885542062996 -6.25900893293336
"FGA" -0.414357215448199 3.07297260030194 -0.808946143731558 0.422375131293981 0.58765235658293 -6.26653274849003
"SeRPINA3-4" 0.743063576863506 4.46456017642123 0.804241109883391 0.425061494520507 0.587739350448109 -6.27028262201485
"CSN1S1" -0.402790684432906 1.26152104314573 -0.744537630275716 0.46003307655188 0.632192694157185 -6.31601196817732
"TF" 0.210421889596048 6.62833730330571 0.678055739384701 0.500859344126194 0.684100567586997 -6.36287255520465
"ACTG2" -0.710030192935268 1.43099442202656 -0.666447518619706 0.508185733345749 0.685744604032818 -6.37061420111996
"ACTA2" -0.710030192935268 1.43099442202656 -0.666447518619706 0.508185733345749 0.685744604032818 -6.37061420111996
"GSTA1" -0.365400672754307 1.36738597748422 -0.654682276812637 0.515669921345931 0.689484872107089 -6.37832658408357
"FGB" -0.422514549128707 2.88157124287961 -0.652423266734606 0.517113654080317 0.689484872107089 -6.37979197031135
"P68133" 0.551078593529617 1.43737644173672 0.629485380998419 0.531894482569328 0.704996237251654 -6.3943893721941
"SeRPINA1" 0.227962566040497 6.48107743762678 0.61028728203467 0.544432882562889 0.717370386435807 -6.40621158189491
"AHCY" -0.348543485404616 2.09427844707235 -0.590135695363719 0.55775490347525 0.730626306306761 -6.41823290984922
"HPX" 0.327867301054124 4.51211037932 0.577758929237895 0.566017315961659 0.737138830089603 -6.4254189449009
"AGT" 0.275690818492796 5.26136865827236 0.552154052701631 0.583300233142434 0.755255793201764 -6.43980814513038
"O95678" 0.445867336905893 1.65030993373948 0.517828166745433 0.606859695054313 0.781244664897506 -6.45808728300677
"HSPA1L" 0.321046800563677 1.53063619309499 0.496831123135114 0.621483567206318 0.793177490066965 -6.46869668325009
"COL1A1" 0.338902311853648 1.41794131755679 0.494365825580747 0.623210885052615 0.793177490066965 -6.46991383902398
"ACTA1" 0.551078593529617 2.36297496839623 0.48191446974772 0.631967469582395 0.79977804060145 -6.47596964899785
"F9" -0.295270399446764 1.40713168865363 -0.467314779327239 0.642302975408103 0.807848854380483 -6.48287538956955
"F5" -0.350430478263664 4.7740174212896 -0.462738118179391 0.645557789884404 0.807848854380483 -6.4849968337346
"DDBX" 0.220076552546769 1.28981023007758 0.449455474346571 0.65504358795372 0.815165353897963 -6.49103658133951
"LUM" -0.203057474312325 3.07535703145988 -0.438831899236899 0.662672008998093 0.817780898798527 -6.49574165346856
"SeRPINF1" -0.153789924815753 4.47146455055078 -0.432311411477119 0.667372127914729 0.817780898798527 -6.49857420838172
"APOH" -0.194782717339722 3.55010419307759 -0.431306370867733 0.668097787857725 0.817780898798527 -6.49900706360437
"DSP" 0.343329537860821 1.57262262338927 0.40854221423972 0.684618442821625 0.828860762665379 -6.50854332268248
"HSP90AA1" 0.308176128519305 2.08255886911779 0.400424663443478 0.69054793280655 0.828860762665379 -6.51181970331072
"ITIH3" 0.309718987262985 4.82083252917635 0.397377497770331 0.692778829071291 0.828860762665379 -6.51303272761557
"YWHAZ" 0.184607684656793 1.70627317267171 0.393526571423698 0.695602105144099 0.828860762665379 -6.51455254488384
"SeRPINA3-1" 0.58222407565672 4.09238033098127 0.392651462323717 0.696244292833698 0.828860762665379 -6.51489586709847
"SeRPINC1" 0.219770615149998 5.1272802214854 0.388421887572973 0.699351268498913 0.828860762665379 -6.51654450359488
"GSN" 0.151486632600566 4.75887842710271 0.367122523456298 0.715075401487896 0.843036262806783 -6.52457696193904
"C4" -0.158676060120944 4.71262774733524 -0.35771408705574 0.722061480349029 0.844649326508353 -6.52798167399126
"PGK1" -0.214321466909724 1.58291474149192 -0.352063527662723 0.726268761537248 0.844649326508353 -6.529984228243
"PFN1" -0.243137707027531 1.82158817742358 -0.350068988377375 0.727755892929072 0.844649326508353 -6.53068351625002
"SeRPINA3-6" 0.401720892153874 3.94095215810859 0.335058458291241 0.738981305497372 0.853256765110367 -6.53581937776748
"LDHA" -0.206278850938966 1.7039208865796 -0.300697441730486 0.764890841463088 0.878643838398625 -6.54673237345525
"ITIH4" 0.127735025628394 5.68496499135984 0.290673516509605 0.772502151019757 0.882859601165436 -6.54969452912761
"KLKB1" -0.143599123738018 2.41074025784797 -0.271075427629536 0.787447935325268 0.894707700273862 -6.55519678489241
"CLU" -0.153335417481339 3.04215266023609 -0.266619367613496 0.790857699349217 0.894707700273862 -6.55639443730694
"SeRPINA3-8" -0.18667106769031 2.68654625935087 -0.255691209634397 0.799237240730815 0.899643929264837 -6.55924779012286
"HSPA8" -0.161403002527737 2.17635520350126 -0.238004939201501 0.812848988894904 0.906487176382259 -6.5636133446223
"PROS1" 0.250680350351182 2.06220399064509 0.237277182083387 0.813410368093009 0.906487176382259 -6.56378629496091
"COL1A2" -0.122707942089569 1.47526700442031 -0.221045236093574 0.825956551840533 0.915912215902373 -6.56750643708252
"SeRPINA6" 0.1531636396471 1.95604734449887 0.215364071246661 0.830358723938524 0.916257902276992 -6.56874635524492
"P09429" -0.117393167693889 1.37638461910149 -0.208444066995097 0.835728242767735 0.917354575687569 -6.57021312238583
"TUBB3" -0.176568078201317 1.72331751717416 -0.201723829638596 0.840950316568758 0.917354575687569 -6.57159178155685
"SeRPINF2" -0.10784641323015 4.40365952530721 -0.198267961147859 0.843638582998389 0.917354575687569 -6.5722831940058
"GC" 0.0643556821167746 5.15266420639357 0.192996909428169 0.847742458265112 0.917363819571908 -6.57331479618963
"FeTUB" 0.0629052791916118 4.65955917386766 0.173063838195321 0.863299272840773 0.92970690921314 -6.5769649639592
"THBS1" -0.0740973481073612 3.81444994666643 -0.161193973124093 0.872589562883655 0.935215608066692 -6.57894997321021
"MYH10" 0.113200143000532 1.73562566525439 0.149127971447916 0.88205194836129 0.939639637264046 -6.58082343619247
"MSN" -0.123388709204521 1.53889918459733 -0.145237143317425 0.885106979744258 0.939639637264046 -6.58139652144218
"HMGB1" -0.117393167693889 1.57185030634935 -0.13328133856063 0.894505351168433 0.945137729536458 -6.58306278403006
"CAP1" 0.0856443917044616 1.51249978979974 0.111990390191056 0.911278981774671 0.952469178379636 -6.58567609375539
"SeRPINA7" 0.0651531637178184 3.56514370403678 0.10888596341419 0.913728332909237 0.952469178379636 -6.58601926044688
"HMGB2" 0.0893471591655173 1.61564898745718 0.108287858453715 0.914200327462597 0.952469178379636 -6.586084267872
"PROC" 0.054598936330168 1.70688739576248 0.0968455932886424 0.92323579635058 0.957429714733935 -6.58725899642495
"GPLD1" -0.0588480578029571 1.45084976958501 -0.0867736517186067 0.931197672936163 0.961236307547007 -6.58818462971178
"C3" 0.0268923939633972 6.80831847634258 0.0701462439981427 0.944356796055277 0.96710782639526 -6.58949058955858
"KRT77" 0.0513754355703947 1.39040619227983 0.0686767244247622 0.945520598127509 0.96710782639526 -6.58959270146816
"TTR" 0.0265111781453884 3.5072245420389 0.0496284079805387 0.960616039512478 0.976756458858368 -6.59072070572257
"SeRPINA3-5" 0.0368762175656725 4.18957050927843 0.0457710237525638 0.963674899141515 0.976756458858368 -6.59090491047279
"Q7RTS7" -5.33459526855795e-05 1.40459970723818 -8.40992130393371e-05 0.999933232859003 1 -6.59195361418805
"AHSG" -8.88178419700125e-16 6.45909865672305 -2.82827679642123e-15 0.999999999999998 1 -6.59195361772856
"ALB" 0 8.0225757952076 0 1 1 -6.59195361772856
