"logFC" "AveExpr" "t" "P.Value" "adj.P.Val" "B"
"ALB" -7.24708369283692 8.0225757952076 -28.95692652743 6.30187587741165e-33 1.41162019654021e-30 58.6414403956639
"P13645" 7.08622011120695 3.28286207275526 18.0511578868415 1.46793601000578e-23 1.64408833120648e-21 41.4301789650551
"KRT1" 8.13037843976181 3.56366728071721 17.8114266733246 2.62368773355903e-23 1.95902017439074e-21 40.9272523061041
"A2M" -6.10415668596276 7.04890177435079 -16.3876967933656 9.32288891535768e-22 5.2208177926003e-20 37.7994493949528
"TF" -5.61384358872421 6.62833730330571 -16.1800471149108 1.59792232700634e-21 7.1586920249884e-20 37.322367409593
"P63261" 5.06151400017211 2.73660694264868 16.0096491640617 2.49531936037139e-21 7.98502195318844e-20 36.9267664012169
"P60709" 5.06151400017211 2.73660694264868 16.0096491640617 2.49531936037139e-21 7.98502195318844e-20 36.9267664012169
"KRT9" 6.36036633106336 3.05443713763583 14.9115262153084 4.77443128957961e-20 1.33684076108229e-18 34.286249945841
"AHSG" -5.12714607804911 6.45909865672305 -14.603009857327 1.12211808305296e-19 2.79282722893181e-18 33.5152868610136
"P02768" 6.692665563912 3.53014814150613 14.4265058681738 1.83900711316468e-19 4.11937593348888e-18 33.0683319808578
"SeRPINA1" -5.59822984452909 6.48107743762678 -13.4049902177257 3.45777952320148e-18 7.04129648361029e-17 30.3957981778765
"C3" -5.67259881240137 6.80831847634258 -13.2343318356934 5.71712783887034e-18 1.06719719658913e-16 29.9348245992539
"AFP" -4.62274070502562 5.82309093743856 -12.8527734289167 1.78333710831854e-17 3.07282701741041e-16 28.888945509034
"TLN1" 5.82089805568969 3.01286371076434 12.3531602668793 8.13523146008429e-17 1.30163703361349e-15 27.4874169796831
"APOA1" -5.8833719194324 5.83793754773609 -11.2227795034925 2.83925063821024e-15 4.2399476197273e-14 24.1815970875702
"P68366" 4.81171844524615 2.08258765709156 11.0344463624542 5.21414161009014e-15 7.2997982541262e-14 23.612722750968
"GC" -4.10380183263657 5.15266420639357 -11.007655549484 5.68713691796289e-15 7.49363923308051e-14 23.5313837849354
"ACTB" -3.7017040895876 4.69839418045775 -10.9075512843698 7.8731858801357e-15 9.28207177447577e-14 23.226547952872
"ACTG1" -3.7017040895876 4.69839418045775 -10.9075512843698 7.8731858801357e-15 9.28207177447577e-14 23.226547952872
"TUBB1" 3.7373739974329 1.59234073883428 10.5416500708562 2.61294855478212e-14 2.92650238135597e-13 22.1001713068765
"HBBF" -4.01960911397506 5.20161125704235 -9.59426444004996 6.29453199083926e-13 6.71416745689521e-12 19.0980666122056
"FeTUB" -3.78253015890913 4.65955917386766 -9.30779115006764 1.6813672995502e-12 1.69417845370581e-11 18.1672392952212
"KRT2" 7.08622011120695 3.15887506003387 9.29791709501863 1.73955823371579e-12 1.69417845370581e-11 18.1349762327756
"ITIH4" -4.44949946797895 5.68496499135984 -9.05631704313558 4.01213442204365e-12 3.74465879390741e-11 17.3419535245969
"eeF1A1P5" 4.6184570360474 2.0344425061276 9.03425121432239 4.33164975070135e-12 3.88115817662841e-11 17.2691865985399
"P11142" 4.28420889897534 1.58731738439312 8.99204817351656 5.01602540426662e-12 4.3214988098297e-11 17.1298585896819
"P68104" 4.6184570360474 1.96523511745077 8.96854158002585 5.44348385701356e-12 4.51607549618902e-11 17.0521673518111
"HBA" -3.59902325396157 4.62559023340705 -8.87855533535585 7.44834873967198e-12 5.95867899173759e-11 16.7541863621727
"TUBA1B" 4.65632388191272 1.94726573425111 8.84270298464899 8.44137953979226e-12 6.52023798935678e-11 16.6352165686525
"PKM" 3.57777561793979 1.62531181936248 8.09198222779941 1.19097897576007e-10 8.60714604289592e-10 14.1144484230242
"P19823" 4.09851342438376 1.95199204990044 8.09193770536112 1.1911675327222e-10 8.60714604289592e-10 14.1142974106082
"HBA1" 4.55168470168691 1.88969620876951 8.0434910927112 1.4152100222256e-10 9.90647015557918e-10 13.9498812815772
"FLNA" 4.86178400498355 2.12980106281586 7.87472721180949 2.5827852671306e-10 1.75316333284017e-09 13.3757385093442
"GSN" -3.62801011018203 4.75887842710271 -7.86412123847447 2.68246479665205e-10 1.76727092485312e-09 13.3395873328608
"SeRPINF1" -3.11601149288337 4.47146455055078 -7.83452840012858 2.98151282251692e-10 1.90816820641083e-09 13.2386769426331
"VTN" 3.46789315033524 1.52379352816746 7.64031897842545 5.97340328808821e-10 3.71678426814378e-09 12.5750128764756
"P04406" 4.03827569295793 1.63629529099176 7.47721552068589 1.07229463524232e-09 6.37759758324436e-09 12.0159483567688
"C4" -3.70702734398751 4.71262774733524 -7.47472841631618 1.08191387572895e-09 6.37759758324436e-09 12.0074127898477
"KRT14" 5.4879711991659 2.68973372823354 7.42178802872146 1.308511330896e-09 7.4537814842022e-09 11.8256559365506
"A1BG" -3.13605017852252 4.1781310077701 -7.41703868403228 1.33103240789325e-09 7.4537814842022e-09 11.8093440228282
"P68371" 4.28495159199915 1.75239805099663 7.38307278174028 1.50384047890528e-09 8.21610407987274e-09 11.6926570998021
"KRT13" 4.54477678464281 1.73143413968201 7.15261828895377 3.44607050905741e-09 1.83790427149728e-08 10.899782776528
"P07996" 4.72486060540485 2.092374929761 7.12140423819374 3.85610660886195e-09 2.00876251252343e-08 10.7922614174704
"P13647" 5.9516994589803 2.68452794778343 7.06754981223638 4.68175048118766e-09 2.38343660860463e-08 10.6066955496831
"TUBB" 4.42750371293553 1.6982673327166 7.03436979909442 5.27633199753595e-09 2.62644081655123e-08 10.4923358562991
"P02788" 3.43578606688803 1.45774634577412 6.96682831185501 6.73054544482418e-09 3.27748299921873e-08 10.2594828382912
"AGT" -3.77449966363094 5.26136865827236 -6.76148900086772 1.41106585939443e-08 6.72507984051814e-08 9.55127245584022
"Q04695" 5.17041310397123 2.19354047619982 6.68821674984294 1.83766548736008e-08 8.57577227434706e-08 9.29854421548551
"P07900" 4.0813077314227 1.58250706049443 6.53236481127027 3.22247519000834e-08 1.47313151543239e-07 8.76117368723966
"CFH" -4.41735035795143 4.73751401127154 -6.51289042983871 3.45665227233193e-08 1.5485802180047e-07 8.69405716288341
"P26583" 4.07295608842023 1.35952732575011 6.50064701836811 3.61249798220895e-08 1.58666578042119e-07 8.65186597835017
"P68032" 4.30711726699857 2.10659978605528 6.46619901361345 4.08963732024644e-08 1.7616899225677e-07 8.53317738377357
"P02771" 3.38484052390311 1.46420732564624 6.44881945516229 4.35373042941655e-08 1.84006720035718e-07 8.47330938659548
"KRT16" 5.32732231178121 2.5364333186317 6.3906610554007 5.36756004584185e-08 2.22654342642328e-07 8.27303626570682
"SeRPINC1" -4.02719156885669 5.1272802214854 -6.36621575590784 5.86106598793484e-08 2.36469270772825e-07 8.18889096690074
"P01024" 4.83513897085133 2.35144295118694 6.36382330258069 5.91173176932063e-08 2.36469270772825e-07 8.18065686331577
"P09429" 3.94159466138228 1.37638461910149 6.25984631638534 8.59176410599078e-08 3.37641256095076e-07 7.8230239447896
"KNG1" -3.62340717550802 4.64400516719177 -6.17045066317115 1.1844437730597e-07 4.574403537334e-07 7.51595049720731
"MYH9" 4.26107049212955 2.17147436226733 6.1479069786018 1.28424684477729e-07 4.87578463101886e-07 7.43858153700007
"KRT3" 4.41654203278032 1.74723983828543 6.12018000961427 1.41854794038661e-07 5.29591231077666e-07 7.34346489903946
"P26038" 3.63483977066365 1.46456907161834 6.00854838554947 2.11617060957402e-07 7.77085600892753e-07 6.96101872375511
"KRT6A" 5.91462053689587 2.67428440972459 5.83358781675519 3.95399786162515e-07 1.42854116290973e-06 6.36351606045236
"SeRPINA5" -3.31054956545957 4.45905450628944 -5.74175985731179 5.48382915325438e-07 1.94980592115711e-06 6.05102205543698
"KRT5" -4.62527328954671 4.75060084572523 -5.70508156063358 6.24777366188494e-07 2.18672078165973e-06 5.9264447776675
"PLG" -4.01937053323676 5.25419591521744 -5.68248051685223 6.77015639011733e-07 2.33310004828659e-06 5.84975303485128
"Q5XKe5" 4.16592639297361 1.57462061995481 5.67385815863607 6.98066934232856e-07 2.36919686769939e-06 5.82050984128861
"HPX" -3.56746024093629 4.51211037932 -5.62280077054101 8.36708787573539e-07 2.79735475248467e-06 5.64751983002891
"P01023" 5.37831088315182 2.56133651287742 5.59544118196712 9.21900601599103e-07 3.03684904056175e-06 5.55494776030797
"Q7RTS7" 3.93622176203229 1.40459970723818 5.55028147111841 1.0817092265445e-06 3.51163574994155e-06 5.40234958701396
"P01008" 4.05279445314927 1.82429362274305 5.51651456458399 1.21886286256513e-06 3.90036116020841e-06 5.28841829912269
"P06396" 4.35193461530638 2.12955510936767 5.3133401605321 2.49212148061115e-06 7.86246776981545e-06 4.60625708162485
"KRT8" 4.17760217387019 1.57238229373487 5.28803385746432 2.72323219944625e-06 8.47227795383279e-06 4.52172795880948
"SeRPINF2" -3.19680349674918 4.40365952530721 -5.25663436435338 3.03960007888898e-06 9.28393465538747e-06 4.41699125661089
"THBS1" -2.70025332751421 3.81444994666643 -5.25406738226184 3.06701412722622e-06 9.28393465538747e-06 4.40843601294821
"KRT77" 4.33359198726711 1.39040619227983 5.18139938477878 3.95290628522329e-06 1.18060134385336e-05 4.16671475039032
"ORM1" -2.83122900293558 3.84967463978969 -5.0619834725791 5.98681429194712e-06 1.76453473867915e-05 3.77155701758469
"KRT6C" 5.64507962141656 2.43459542956762 4.95173671235299 8.76317206292607e-06 2.54928641830577e-05 3.40920634647493
"AMBP" -2.19263969581615 3.20142321680015 -4.94230550790016 9.05253912432078e-06 2.59970354339468e-05 3.37832520870483
"O95678" 4.64805882517231 1.65030993373948 4.82832639591812 1.33868577675101e-05 3.79576726572439e-05 3.00665412831537
"F5" -4.04072241254319 4.7740174212896 -4.77240634849633 1.62036600601892e-05 4.53702481685296e-05 2.82538880990942
"F12AI" -3.23188527431607 4.20663262039804 -4.76227668409324 1.67727839497669e-05 4.59320268592076e-05 2.79263283485116
"KRT6B" 5.9516994589803 2.49674812989069 4.76154921402929 1.68144026895313e-05 4.59320268592076e-05 2.79028138955384
"KRT76" 4.33359198726711 1.71902759500493 4.68917012049691 2.15036156402239e-05 5.80338542579537e-05 2.5569754700089
"SeRPINA3-7" -3.03494291548145 4.03724715903641 -4.61097935434052 2.80113465584868e-05 7.46969241559647e-05 2.30642956405959
"PZP" 4.58660405900178 1.86308205916944 4.49828333211478 4.08975504571344e-05 0.00010777707414586 1.94820392135366
"KRT75" -3.76427608563653 3.70013749810656 -4.48384721948227 4.29191803907646e-05 0.000111789493110829 1.90257273885808
"CFB" -3.18617410683244 4.69910009658115 -4.40446551761934 5.590492570987e-05 0.000143939119069091 1.65274047722607
"P68133" 4.30711726699857 1.43737644173672 4.40051795116221 5.66421570752158e-05 0.000144180036191458 1.64036547635316
"APOe" -2.51495706592132 3.40336802544691 -4.33034695405961 7.1444325689003e-05 0.000179814932071199 1.42118670614003
"KNG2" -3.10452378974625 4.18911636434987 -4.27546790121017 8.55859739091478e-05 0.000213013979507212 1.25084909181064
"ADIPOQ" -1.78424239229833 2.79383412952405 -4.14764295950584 0.000129896213161313 0.00031974452470477 0.857938134074451
"KRT7" -3.19222011228765 3.03408196945055 -4.06046386084972 0.000172152719138199 0.000419154446597355 0.593202446797315
"THBS4" -2.93083126935188 2.59908547029237 -4.05150246040598 0.000177185047740585 0.000426768287031086 0.56614423069881
"FBLN1" 2.20966400653794 1.54404194159371 4.03769265400316 0.000185220013445999 0.000441375351190465 0.524504215210611
"SeRPINA3-2" -3.25135638164322 4.82604857429141 -3.96763095476384 0.000231728740188875 0.000546391976866399 0.314343560354732
"APOH" -1.99274720943167 3.55010419307759 -3.94668673602162 0.000247698982061197 0.000572778071455536 0.251879024281013
"ITIH3" -3.4387888920658 4.82083252917635 -3.94626230367269 0.000248033361299942 0.000572778071455536 0.2506149303645
"KRT79" -3.28124771555638 2.44652612012048 -3.87990057559529 0.000306040595578065 0.000699521361321291 0.0538329965621491
"APOD" -1.77798210084244 1.954804178567 -3.80735873790312 0.000384386693225382 0.000869723427095814 -0.159264550549499
"DSP" 3.52710456483629 1.57262262338927 3.75395530825127 0.000454052257294508 0.0010170770563397 -0.314757684005243
"LUM" -1.89321988384335 3.07535703145988 -3.65952956403079 0.000607939326465879 0.00134830108047878 -0.586721467444814
"P08727" 2.624196852984 1.50896968556269 3.49217335440442 0.00101096354258926 0.00222015523078425 -1.05894956721528
"SeRPINA3-5" -3.04589073724178 4.18957050927843 -3.38145468190819 0.00140625165963862 0.00305825603649564 -1.3640985810612
"C4A" 2.26555020946974 1.92122048006565 3.37700568618286 0.00142486590213471 0.00306894194305937 -1.37623451748978
"KRT19" -3.56419247139523 2.90798190215825 -3.34300902472234 0.00157502673492636 0.00336005703450957 -1.46864269006601
"GAPDH" -1.50548055922684 2.9599419780984 -3.29826952259026 0.00179559907449599 0.00379447351591605 -1.58935839318784
"TTR" -1.95588512754774 3.5072245420389 -3.2748367366629 0.00192249446995662 0.00402466132028301 -1.652173849135
"F2" -2.14923601222033 4.58599019856791 -3.25042138090243 0.00206370594617397 0.00428027899947194 -1.71731918924786
"P08238" 2.23761809734694 1.39869698286489 3.2423100587286 0.00211274954694519 0.0043417972340892 -1.73889273537802
"KRT73" -2.4354746459212 2.30143899068349 -3.19626682893865 0.00241265772131841 0.00491304845068476 -1.86069254354852
"SeRPINA3-4" -3.28291765825624 4.46456017642123 -3.17808331706076 0.00254180713957863 0.00508803276772576 -1.90848170543551
"SeRPINA7" -2.12589804264687 3.56514370403678 -3.17777990597616 0.00254401638386288 0.00508803276772576 -1.90927760535289
"JUP" -2.84618067009715 2.00926215738103 -3.08284634221692 0.0033314244453765 0.00660388562623307 -2.15583088922755
"CLU" -1.94120193830714 3.04215266023609 -3.01901258775391 0.00398378441892033 0.00782778692840486 -2.3187850795278
"KRT71" -2.14289555752102 2.0614298276594 -2.92767076558358 0.00512716068683372 0.00998681733783263 -2.54788077957882
"KRT17" -4.12337257959732 3.29428938584638 -2.83032160874472 0.00667720496089513 0.0128939130279354 -2.78659277839023
"FGA" -1.60418636563234 3.07297260030194 -2.80120257902034 0.00721911955354505 0.0138212203418298 -2.85687535427292
"APOA2" -1.67563219639468 2.05314683389666 -2.77056397213599 0.00783299089934095 0.0148694064529862 -2.93025833137826
"HBB" -2.16601028944701 3.60913296436354 -2.76101324662129 0.00803398064257691 0.0151227870919095 -2.95301355456936
"AFM" -2.1114013799111 3.64994722284964 -2.70208141876502 0.00938303661980748 0.0175150016903073 -3.0921482593824
"KRT78" -1.87063518058281 1.39208057576647 -2.61881368841314 0.0116455711612976 0.0215587433068649 -3.28493773937456
"KRT72" -2.7195943894114 1.8955809951859 -2.60713167594814 0.0120001478921465 0.0220330584249247 -3.31162307197323
"KRT10" -4.31175307498873 2.1811305592477 -2.48736313820556 0.0162464749739688 0.0295870763753578 -3.57995664815301
"APOB" 2.20966400653794 1.88182983813944 2.43429097704343 0.0185307569547338 0.0334749157891965 -3.69574141061425
"SeRPINA3-6" -3.23191974737985 3.94095215810859 -2.41102508528946 0.019620474958368 0.0350841777429826 -3.74588339181946
"APOA4" -1.79213484788852 2.23639630347994 -2.40865103980093 0.0197348499804277 0.0350841777429826 -3.75097859149659
"ITIH1" -2.0574003173774 3.81573558691508 -2.40063671081948 0.0201254009271914 0.0354967701392982 -3.76814982878915
"VNN1" -1.67755507307775 2.69500811622411 -2.35822594299668 0.0223100779442226 0.0390426364023895 -3.85826401951834
"F13A1" -1.11635749715102 1.67684231089571 -2.30395195519906 0.025414502115156 0.0441306083239918 -3.97171714225739
"PGLYRP1" -2.15210554260349 1.67253892181117 -2.25814986090769 0.0283279958346181 0.0488113158996497 -4.06580718826249
"TGFBI" -2.17853688842473 2.39847822889881 -2.23847993023637 0.029667685893762 0.0507294781694862 -4.10574486664823
"CLeC3B" -1.48174892976821 2.59057900230815 -2.1658730235443 0.0351110318705914 0.0595823571137308 -4.2506908925501
"TPI1" 0.883294746924897 1.33011943252042 2.12896896297988 0.0382006880000861 0.0640841841960781 -4.32285314139289
"GFAP" -1.48051826097338 1.30769000984201 -2.12741252391609 0.0383360744744396 0.0640841841960781 -4.32587402459961
"LBP" -1.63953607430412 1.88723308630652 -2.07626665025807 0.0430248851181778 0.0713894390109024 -4.42411817184869
"KRT80" -1.55840880047492 1.51598194213391 -2.05619670537732 0.0449969473227691 0.0738943395094983 -4.46212312905932
"eeF1A1" -1.55479060479512 2.98419675711455 -2.05423048644693 0.04519430586072 0.0738943395094983 -4.46582973883928
"LTF" -2.15547963420462 2.33228884689584 -2.03114548162245 0.0475682503400052 0.0772122324359505 -4.5091249823049
"KLKB1" -1.19074391320101 2.41074025784797 -2.01048911183427 0.0497832437165734 0.0802262344785068 -4.54751510445785
"IGFBP2" -2.34200874947663 2.56489382133601 -1.92916663311151 0.0593899133251605 0.0950238613202567 -4.6954061126372
"SeRPINA3-1" -3.18158529693471 4.09238033098127 -1.91913543175643 0.0606782261465846 0.096396614587482 -4.71328651121418
"FGB" -1.32750676877142 2.88157124287961 -1.8334518533187 0.0726856150985988 0.114658998465395 -4.86273032346396
"K2C4" -1.97742314390002 1.3424470958909 -1.82679624190605 0.0736969465369628 0.115441370799159 -4.87409050822628
"MDH1B" -1.6433096583137 1.47730045651038 -1.81519323792651 0.075488382394359 0.117426372613447 -4.89380899904575
"C7" -1.32797521446766 3.17167040737004 -1.78922660669035 0.0796304204777205 0.123015270255237 -4.93753927996769
"UBA52" -1.0905795846905 1.42367798513513 -1.77082967351705 0.0826788044572672 0.126849672591972 -4.96818698695085
"YWHAZ" 0.883294746924897 1.70627317267171 1.6841273450359 0.0983846751396388 0.149919504974688 -5.10885604999992
"eNO1" -1.25016936993183 2.92915499641106 -1.62760607755272 0.109888469825601 0.166317684060369 -5.19717168452122
"POTee" 0.883294746924897 1.55755606480302 1.56221140718823 0.124539884579123 0.187227745944454 -5.29596987607498
"RPS27A" -1.0905795846905 1.5498931349851 -1.53386011412635 0.13136181357521 0.19616697493898 -5.33766440130933
"KRT20" -1.00314814654974 1.38374151654103 -1.52425746210522 0.133738965375716 0.198394226782519 -5.35162928738051
"KRT28" -1.59417665983875 1.42872685909555 -1.50492794413433 0.138627896437904 0.204293742119017 -5.37949770200678
"UBC" -1.0905795846905 1.31940319373629 -1.49062793587704 0.142335193087768 0.208386165043529 -5.39990614988308
"H4" -0.941321594177642 1.67480620436773 -1.36845083410934 0.177282865779919 0.257865986588973 -5.56697070684792
"TAGLN2" -1.08067633734417 1.82556932981405 -1.3560751339367 0.181162181499162 0.261808571972983 -5.58315765745192
"PGK1" 0.883294746924897 1.58291474149192 1.29779472408979 0.200307493827983 0.287621016778643 -5.65754763404548
"H2A1" -0.747438040446598 1.27489937046138 -1.26143863570795 0.212998763168976 0.300073729244344 -5.70240803121596
"H2AJ" -0.747438040446598 1.27489937046138 -1.26143863570795 0.212998763168976 0.300073729244344 -5.70240803121596
"H2AC20" -0.747438040446598 1.27489937046138 -1.26143863570795 0.212998763168976 0.300073729244344 -5.70240803121596
"LDHB" 0.883294746924897 1.70047910519436 1.25225266723027 0.216298140137255 0.302817396192157 -5.71355386561321
"TUBA1A" 0.883294746924897 1.56754237636975 1.18642012838981 0.241057985822612 0.335385023753199 -5.79118956875632
"GPLD1" -0.879428973686101 1.45084976958501 -1.15984913655342 0.251613532182089 0.347910069190049 -5.82140403798579
"P04272" -0.978034031208425 1.39724294874033 -1.14874926152964 0.256120041597377 0.351968646121549 -5.83383418154097
"APOC3" -0.756489624373406 1.35842095604172 -1.14067479325817 0.259434342314078 0.353981402623365 -5.84280517796647
"PFN1" 0.883294746924897 1.82158817742358 1.13750146332992 0.260745229610961 0.353981402623365 -5.84631442830205
"COMP" -0.806745164157588 2.05421860325544 -1.11304720397816 0.271005595547292 0.365694297605985 -5.87304599178403
"P05786" -1.20525800475735 1.70745143626579 -1.07029009185859 0.289623324977078 0.388476795178835 -5.91845623788587
"IGFBP3" -0.801753216301025 1.59150732086787 -1.04443004533858 0.301304962836657 0.401576645898505 -5.94509716380892
"MYH10" 0.883294746924897 1.73562566525439 1.04078919744603 0.302975237307354 0.401576645898505 -5.94879793222636
"HMGB2" 0.883294746924897 1.61564898745718 0.957523976759524 0.342905577383706 0.451828525493825 -6.0300476714932
"FN1" -0.935122776824957 3.70447587721651 -0.939476288678405 0.351998455841598 0.461097392447473 -6.0467993211267
"HSPA1B" -0.601877338934067 2.38372430703903 -0.901509658882152 0.371635405553263 0.481192663837751 -6.08103473592905
"HSPA1A" -0.601877338934067 2.38372430703903 -0.901509658882152 0.371635405553263 0.481192663837751 -6.08103473592905
"HMGB1" 0.883294746924897 1.57185030634935 0.896968445548593 0.374030230453606 0.481510181733377 -6.08503824677543
"CFD" 0.423185662271463 1.76934998426834 0.878061242293853 0.384106388554596 0.489652689653304 -6.10149632925606
"BLVRB" 0.483476038205354 1.46374010893065 0.876906808478341 0.384727113299025 0.489652689653304 -6.10249022340371
"TBA1B" -0.638349417228574 2.82043278934966 -0.792431968496521 0.43184911330905 0.546520911758346 -6.17176895121139
"MST1" -0.43736701620553 1.6572762956501 -0.778891313785745 0.439711061545766 0.553344257226133 -6.1822388896807
"DDBX" 0.423185662271463 1.28981023007758 0.773016633209283 0.443148167836443 0.554554131817672 -6.18672657540823
"CPB2" -0.476815025270655 2.43628368427722 -0.753259132655104 0.454823141576579 0.563648265629535 -6.20157599741278
"SeRPINA6" -0.598103912703957 1.95604734449887 -0.752210188513352 0.455447928923865 0.563648265629535 -6.20235386930363
"ACTG2" 0.883294746924897 1.43099442202656 0.741548873702748 0.461826346060753 0.565295636708245 -6.21019993564283
"ACTA2" 0.883294746924897 1.43099442202656 0.741548873702748 0.461826346060753 0.565295636708245 -6.21019993564283
"RAP1B" 0.423185662271463 1.50258209146489 0.724484822287541 0.472141543025275 0.574781008900335 -6.22253003424631
"HSPA8" -0.541591312455327 2.17635520350126 -0.714317094012152 0.478349592709695 0.57870275301536 -6.22974342636979
"GPI" 0.423185662271463 1.26430635318619 0.710763688628374 0.480529964557397 0.57870275301536 -6.23224081065873
"TUBB3" -0.671204881631731 1.72331751717416 -0.685875222798452 0.495956862334534 0.594087364507677 -6.24939058708823
"HABP2" -0.332264228353259 1.33364828925658 -0.679974337008107 0.499654020724901 0.595162579361315 -6.25336876816255
"TUBA4A" -0.545861457711738 2.95719026205517 -0.675974835126297 0.50216842633611 0.595162579361315 -6.25604592053022
"F12" -0.397507978282811 1.5732420082278 -0.638733408589199 0.525908760156711 0.620018748816333 -6.2802294001097
"CSN1S1" 0.360200737690707 1.26152104314573 0.595520651076259 0.554179010677031 0.649927216710236 -6.30660061159238
"GSTA1" 0.343807574394026 1.36738597748422 0.55096203662865 0.584110965046268 0.681462792553979 -6.33188619405228
"PPIA" 0.315143141318463 1.46674230262402 0.518402285133251 0.606462069081833 0.703873074996531 -6.34913501908737
"HSP90AB1" 0.360200737690707 1.74196872511885 0.498973929454177 0.619983946795181 0.715857753000621 -6.35893243020245
"C4BPA" 0.298374185318607 1.32366387946617 0.485304590121369 0.62957797674058 0.719520654785328 -6.36560366085991
"CKM" 0.257576964190881 1.43905061876519 0.485264464692206 0.629606235474062 0.719520654785328 -6.36562297370073
"COL1A2" 0.298374185318607 1.47526700442031 0.48074494522143 0.632792718717453 0.719520654785328 -6.367788149228
"SeRPINA3-8" -0.385572663227609 2.68654625935087 -0.472378382753726 0.638710089911704 0.722581111819302 -6.37174336492235
"F10" -0.241112987212264 1.7889148002428 -0.46097233208825 0.646815452255254 0.726538341108409 -6.3770246116795
"FeRMT3" 0.360200737690707 1.87093697072839 0.458336195130345 0.648694947418222 0.726538341108409 -6.37822699603724
"GSTA2" 0.343807574394026 1.60418294284528 0.406983347630298 0.685755583579457 0.764225127969146 -6.40028480127527
"COL1A1" 0.298374185318607 1.41794131755679 0.38929618662907 0.698708595361956 0.774805571094446 -6.40728005969931
"MSN" 0.360200737690707 1.53889918459733 0.379220554183199 0.706128295219409 0.77538391429544 -6.41112688365386
"TUBB4B" 0.343807574394026 2.13742188267733 0.378629408464557 0.706564518713242 0.77538391429544 -6.41134946598986
"RBP4" 0.298374185318607 1.84808540045016 0.3744996592387 0.709614742993595 0.77538391429544 -6.41289479782927
"TUBB5" 0.343807574394026 2.17356382256763 0.363504060254107 0.71775936123046 0.777869687020383 -6.4169271252631
"PROC" 0.228209804451204 1.70688739576248 0.362055354150077 0.718834933987586 0.777869687020383 -6.41744948800426
"CAP1" 0.298374185318607 1.51249978979974 0.348969979874097 0.728575767221679 0.783892264089684 -6.42207368139757
"ACTC1" -0.385572663227609 3.22253436347275 -0.338723212136987 0.736235269319276 0.783892264089684 -6.42557650910318
"eZR" 0.228209804451204 1.43813744469939 0.337699877091769 0.737001716907371 0.783892264089684 -6.42592062734696
"LDHA" 0.257576964190881 1.7039208865796 0.335835841402789 0.738398516620194 0.783892264089684 -6.4265447858727
"HSP90AA1" -0.272229038585076 2.08255886911779 -0.31637435087786 0.753034163559366 0.795658738855179 -6.43285589236916
"ACTA1" -0.385572663227609 2.36297496839623 -0.301583553294375 0.764219115974135 0.803097060273388 -6.43740146939558
"CPN1" 0.228209804451204 2.26860933054171 0.297594469706682 0.767244512939755 0.803097060273388 -6.43859029631007
"HSPA1L" 0.187880046068358 1.53063619309499 0.260055533325177 0.795887827518374 0.829204062158678 -6.4490047535562
"F9" 0.153823388401211 1.40713168865363 0.217749402454523 0.828509722217575 0.859195267484892 -6.45906547882623
"TUBA1D" 0.212410828728414 1.92357841852992 0.19534942854032 0.845910328117045 0.873197758056305 -6.46367236496332
"FGG" 0.153823388401212 1.96575190415694 0.186757749123088 0.852605565602019 0.876071773829597 -6.46530701524723
"CHIA" -0.143297231045695 2.39387368752129 -0.174892136063158 0.861869997977394 0.88154739519149 -6.46744386359412
"FMOD" 0.0935373619224715 1.25866081839479 0.150647326079749 0.880859457371999 0.896875083869672 -6.47137457951684
"C9" -0.104514843821861 2.53409171363602 -0.139430156516525 0.88966981650538 0.901746782340294 -6.47299525469684
"PROS1" -0.0716190180617824 2.06220399064509 -0.0606329974874117 0.951892970565941 0.960468582913382 -6.48084870921727
"HRG" 0.0325345009679083 1.89807251096587 0.049384129819658 0.960809731951949 0.965118295772361 -6.4814653434269
"AHCY" -0.00637428518086747 2.09427844707235 -0.00965320207941148 0.992336355215022 0.992336355215022 -6.48263411552939
