"logFC" "AveExpr" "t" "P.Value" "adj.P.Val" "B"
"TUBB1" -2.56314817638057 1.59234073883428 -6.59971416622768 2.52814175220169e-08 5.66303752493178e-06 8.97056763003281
"P68366" -2.51966347744723 2.08258765709156 -5.27475459220467 2.85284983516286e-06 0.00031951918153824 4.51466614200951
"P11142" -2.58926970813116 1.58731738439312 -4.96106198698721 8.48600832570708e-06 0.000633621954986128 3.48938579924517
"FBLN1" -2.51966347744723 1.54404194159371 -4.20299558824756 0.000108491659770532 0.00607553294714979 1.10394989974568
"TUBA1B" -1.39453876905242 1.94726573425111 -2.41758541054334 0.0193075110087812 0.864976493193399 -3.60898203064071
"P68032" 1.66167824323103 2.10659978605528 2.27729179486956 0.0270760933853591 0.885227418886548 -3.90127410880705
"KRT8" 1.9419005920985 1.57238229373487 2.24390009931492 0.0292930340957282 0.885227418886548 -3.96877732971568
"P26038" 1.46535530033577 1.46456907161834 2.21124369744288 0.0316152649602338 0.885227418886548 -4.03401089949575
"P68371" -1.23439153989671 1.75239805099663 -1.94157219210494 0.0578290618401057 0.999938122001223 -4.54220120903512
"MYH9" -1.31795625791669 2.17147436226733 -1.73587697392225 0.0887389954528571 0.999938122001223 -4.89167818617027
"TUBA1A" -1.39453876905242 1.56754237636975 -1.70990832965581 0.0934765229721196 0.999938122001223 -4.93335948197554
"P07900" -1.16176940740027 1.58250706049443 -1.6974633331234 0.0958199340158541 0.999938122001223 -4.95313719087757
"P68133" 1.66167824323103 1.43737644173672 1.54979198788344 0.12749241428522 0.999938122001223 -5.17793523012941
"P08238" -1.16176940740027 1.39869698286489 -1.536731136646 0.130657676932589 0.999938122001223 -5.19693002459753
"APOB" -1.47519857830444 1.88182983813944 -1.48356339796626 0.144195405452605 0.999938122001223 -5.27274429337598
"P02768" -0.485286153541768 3.53014814150613 -0.954925102700147 0.344205342037021 0.999938122001223 -5.89020053486916
"P63261" -0.265762505007624 2.73660694264868 -0.767369366456332 0.446467086304062 0.999938122001223 -6.04745191067837
"P60709" -0.265762505007624 2.73660694264868 -0.767369366456332 0.446467086304062 0.999938122001223 -6.04745191067837
"P01023" -0.560719420838375 2.56133651287742 -0.532529177665904 0.596716043561936 0.999938122001223 -6.19701215377919
"P19823" -0.274288973285699 1.95199204990044 -0.49436065007433 0.623214513537941 0.999938122001223 -6.21628262019307
"DSP" 0.450491803654199 1.57262262338927 0.437690412557196 0.663493838378962 0.999938122001223 -6.24227627173025
"KRT9" 0.202937776347587 3.05443713763583 0.434322412256778 0.665921106392673 0.999938122001223 -6.24372243012402
"ALB" 0.11767456963102 8.0225757952076 0.429221218399676 0.669604329818298 0.999938122001223 -6.24589168057266
"P02788" -0.228895351813444 1.45774634577412 -0.423696956515361 0.673602272829932 0.999938122001223 -6.24821214991554
"PKM" 0.189656754332093 1.62531181936248 0.391579106611061 0.697031533397097 0.999938122001223 -6.26111195283981
"P08727" 0.321960120546347 1.50896968556269 0.391120736697705 0.697368135726081 0.999938122001223 -6.26128874442698
"VTN" 0.161744222621159 1.52379352816746 0.325299905028295 0.746310140984806 0.999938122001223 -6.28453717458037
"ACTB" 0.11767456963102 4.69839418045775 0.316531955267239 0.752915263755441 0.999938122001223 -6.28731315871234
"ACTG1" 0.11767456963102 4.69839418045775 0.316531955267239 0.752915263755441 0.999938122001223 -6.28731315871234
"TF" 0.11767456963102 6.62833730330571 0.309607497621416 0.758144865567259 0.999938122001223 -6.28945210045304
"P01008" 0.248414512234429 1.82429362274305 0.308671499376335 0.758852647141665 0.999938122001223 -6.28973761194045
"AHSG" 0.11767456963102 6.45909865672305 0.30595579458731 0.760907380586661 0.999938122001223 -6.29056112121092
"KRT6A" 0.33757631756727 2.67428440972459 0.303941639250048 0.762432437499388 0.999938122001223 -6.29116721075788
"P09429" 0.208750589927612 1.37638461910149 0.302641721391136 0.76341720080626 0.999938122001223 -6.29155625808242
"AFP" 0.11767456963102 5.82309093743856 0.298668426118849 0.766429642150261 0.999938122001223 -6.29273511090756
"A2M" 0.11767456963102 7.04890177435079 0.288392686536219 0.774237201706132 0.999938122001223 -6.29571187360772
"GC" 0.11767456963102 5.15266420639357 0.288137939215573 0.774431062925557 0.999938122001223 -6.29578435180912
"P01024" -0.227611788697097 2.35144295118694 -0.273472260329666 0.785615615873878 0.999938122001223 -6.29984925296875
"SeRPINF1" 0.11767456963102 4.47146455055078 0.270088320327584 0.788202907683643 0.999938122001223 -6.30075713293021
"HBA" 0.11767456963102 4.62559023340705 0.265002303293053 0.792096096533064 0.999938122001223 -6.3021004648698
"FeTUB" 0.11767456963102 4.65955917386766 0.264335946607439 0.792606570281537 0.999938122001223 -6.30227457817296
"P06396" -0.232383852239211 2.12955510936767 -0.259000487975793 0.796697172813865 0.999938122001223 -6.30365292557421
"TPI1" 0.11767456963102 1.33011943252042 0.258914085785585 0.796763463565314 0.999938122001223 -6.30367501586928
"SeRPINA1" 0.11767456963102 6.48107743762678 0.257221799295525 0.798062148299104 0.999938122001223 -6.30410619792307
"HBBF" 0.11767456963102 5.20161125704235 0.256401084513036 0.798692184118991 0.999938122001223 -6.30431429459702
"A1BG" 0.11767456963102 4.1781310077701 0.254061897120602 0.800488641283335 0.999938122001223 -6.30490376906774
"C3" 0.11767456963102 6.80831847634258 0.25061781875467 0.803135613760805 0.999938122001223 -6.30576186867808
"ADIPOQ" 0.11767456963102 2.79383412952405 0.249712053461198 0.803832134456793 0.999938122001223 -6.30598560202861
"KRT16" -0.225547904227342 2.5364333186317 -0.246993192805688 0.805923861658971 0.999938122001223 -6.30665233567316
"AMBP" 0.11767456963102 3.20142321680015 0.24213318291658 0.809666416497798 0.999938122001223 -6.30782599366199
"GAPDH" 0.11767456963102 2.9599419780984 0.235343921439664 0.81490213071088 0.999938122001223 -6.30942659622985
"GSN" 0.11767456963102 4.75887842710271 0.23284864082394 0.816828586764943 0.999938122001223 -6.31000345835485
"KRT77" -0.212422317216667 1.39040619227983 -0.231850783923869 0.817599292007967 0.999938122001223 -6.31023242689355
"APOD" 0.11767456963102 1.954804178567 0.230032081891604 0.81900445244275 0.999938122001223 -6.31064722297101
"CFD" 0.11767456963102 1.76934998426834 0.222887574522867 0.824530178682093 0.999938122001223 -6.31224513513755
"F13A1" 0.11767456963102 1.67684231089571 0.221698176352245 0.825450965207336 0.999938122001223 -6.3125062665213
"HABP2" 0.11767456963102 1.33364828925658 0.219837071625589 0.826892257267367 0.999938122001223 -6.31291207254537
"ITIH4" 0.11767456963102 5.68496499135984 0.218641427566033 0.827818515182934 0.999938122001223 -6.31317097640513
"KRT3" 0.172372819045388 1.74723983828543 0.21805195722965 0.828275265039122 0.999938122001223 -6.31329810123147
"C4" 0.11767456963102 4.71262774733524 0.216601581824127 0.829399339769433 0.999938122001223 -6.31360943011757
"APOH" 0.11767456963102 3.55010419307759 0.212751407582764 0.832385054207385 0.999938122001223 -6.31442582608085
"THBS1" 0.11767456963102 3.81444994666643 0.209017728583947 0.835282811210825 0.999938122001223 -6.31520356202074
"P04406" 0.123601313139781 1.63629529099176 0.208918257825204 0.835360043468579 0.999938122001223 -6.3152240940945
"LUM" 0.11767456963102 3.07535703145988 0.207642475836591 0.836350745902198 0.999938122001223 -6.31548656729911
"F10" 0.11767456963102 1.7889148002428 0.205374373413964 0.838112689541494 0.999938122001223 -6.31594923285597
"APOA1" 0.11767456963102 5.83793754773609 0.204911400981175 0.838472446303942 0.999938122001223 -6.31604305024963
"YWHAZ" 0.11767456963102 1.70627317267171 0.204814771595425 0.838547537400101 0.999938122001223 -6.31606260470496
"CKM" 0.11767456963102 1.43905061876519 0.202378077025669 0.840441601677284 0.999938122001223 -6.31655266401687
"DDBX" 0.11767456963102 1.28981023007758 0.196222990086368 0.84523022065459 0.999938122001223 -6.3177644765884
"BLVRB" 0.11767456963102 1.46374010893065 0.19483657339142 0.846309664361243 0.999938122001223 -6.31803227801206
"KRT13" -0.135160108833333 1.73143413968201 -0.19418263980264 0.846818910746573 0.999938122001223 -6.31815793436387
"AGT" 0.11767456963102 5.26136865827236 0.192430961787236 0.848183342384104 0.999938122001223 -6.31849244915214
"ORM1" 0.11767456963102 3.84967463978969 0.192060351755403 0.848472081267695 0.999938122001223 -6.31856283596166
"MST1" 0.11767456963102 1.6572762956501 0.191303461509434 0.849061832566376 0.999938122001223 -6.31870616478477
"POTee" 0.117674569631019 1.55755606480302 0.189987991994871 0.850087022763256 0.999938122001223 -6.31895392462194
"FGA" 0.11767456963102 3.07297260030194 0.187577909858882 0.851965958210353 0.999938122001223 -6.31940341869106
"SeRPINA5" 0.11767456963102 4.45905450628944 0.186310326006763 0.852954533396687 0.999938122001223 -6.31963753088729
"APOe" 0.11767456963102 3.40336802544691 0.184962682067572 0.854005807575068 0.999938122001223 -6.31988469102795
"RAP1B" 0.117674569631019 1.50258209146489 0.183903647080985 0.85483213034375 0.999938122001223 -6.32007766253913
"KNG1" 0.11767456963102 4.64400516719177 0.182932866537894 0.855589735829985 0.999938122001223 -6.32025358076406
"KLKB1" 0.11767456963102 2.41074025784797 0.181374133601076 0.856806471027014 0.999938122001223 -6.32053409865917
"H2A1" 0.117674569631019 1.27489937046138 0.181293789502383 0.856869196554267 0.999938122001223 -6.32054849284613
"H2AJ" 0.117674569631019 1.27489937046138 0.181293789502383 0.856869196554267 0.999938122001223 -6.32054849284613
"H2AC20" 0.117674569631019 1.27489937046138 0.181293789502383 0.856869196554267 0.999938122001223 -6.32054849284613
"GPI" 0.11767456963102 1.26430635318619 0.180420666562444 0.857550913267332 0.999938122001223 -6.32070450801199
"TTR" 0.11767456963102 3.5072245420389 0.179861538876677 0.857987526374579 0.999938122001223 -6.32080402143706
"APOA2" 0.11767456963102 2.05314683389666 0.177615753078195 0.859741671108176 0.999938122001223 -6.3212006181797
"CSN1S1" 0.11767456963102 1.26152104314573 0.177600516294346 0.859753574744753 0.999938122001223 -6.32120329193784
"PPIA" 0.11767456963102 1.46674230262402 0.17670589708545 0.860452547552403 0.999938122001223 -6.32135987855357
"SeRPINF2" 0.11767456963102 4.40365952530721 0.176637871941927 0.860505700730778 0.999938122001223 -6.32137175279387
"P07996" -0.127903107841967 2.092374929761 -0.175981539498841 0.86101857620864 0.999938122001223 -6.3214860854149
"C4BPA" 0.11767456963102 1.32366387946617 0.174721016782851 0.862003751071354 0.999938122001223 -6.32170447538517
"UBA52" 0.11767456963102 1.42367798513513 0.174426080854709 0.862234293355802 0.999938122001223 -6.32175534771567
"FLNA" 0.11767456963102 2.12980106281586 0.173993030912826 0.862572816991575 0.999938122001223 -6.32182988723805
"COL1A2" 0.11767456963102 1.47526700442031 0.17307943784603 0.863287075831246 0.999938122001223 -6.32198653410144
"FMOD" 0.11767456963102 1.25866081839479 0.173008844692391 0.863342271268629 0.999938122001223 -6.32199860389242
"F12" 0.11767456963102 1.5732420082278 0.172609930704289 0.863654187395679 0.999938122001223 -6.32206671651261
"GSTA1" 0.11767456963102 1.36738597748422 0.172146513217574 0.864016567149647 0.999938122001223 -6.32214564560977
"TUBB" 0.11767456963102 1.6982673327166 0.170670419961342 0.86517102761931 0.999938122001223 -6.3223956406326
"PROC" 0.11767456963102 1.70688739576248 0.170424752155132 0.86536319457928 0.999938122001223 -6.32243703886108
"O95678" 0.179306888717253 1.65030993373948 0.170032271568418 0.865670218857724 0.999938122001223 -6.3225030533685
"SeRPINC1" 0.11767456963102 5.1272802214854 0.169813048967201 0.86584171837303 0.999938122001223 -6.32253986003277
"CPB2" 0.11767456963102 2.43628368427722 0.169701807935822 0.865928745571209 0.999938122001223 -6.32255851885087
"HPX" 0.11767456963102 4.51211037932 0.169311146144566 0.866234385278916 0.999938122001223 -6.32262394906355
"CLU" 0.11767456963102 3.04215266023609 0.167065280091076 0.867991868327475 0.999938122001223 -6.32299717728292
"PZP" -0.184807015595212 1.86308205916944 -0.165456329795384 0.869251352343661 0.999938122001223 -6.3232614993001
"KRT14" 0.133494385753882 2.68973372823354 0.16480451339525 0.869761690778716 0.999938122001223 -6.32336785396898
"KRT20" 0.11767456963102 1.38374151654103 0.163224463711464 0.870999019257511 0.999938122001223 -6.32362392498393
"SeRPINA3-7" 0.11767456963102 4.03724715903641 0.163205445948143 0.871013913954248 0.999938122001223 -6.32362699209283
"HRG" 0.11767456963102 1.89807251096587 0.163055424557384 0.871131412237076 0.999938122001223 -6.32365117442813
"AHCY" 0.11767456963102 2.09427844707235 0.162679153467779 0.871426124475791 0.999938122001223 -6.32371172880528
"F2" 0.11767456963102 4.58599019856791 0.162460412934117 0.871597460238516 0.999938122001223 -6.32374686710819
"APOC3" 0.11767456963102 1.35842095604172 0.161976072542009 0.871976857957664 0.999938122001223 -6.3238245030973
"HSPA1B" 0.11767456963102 2.38372430703903 0.160899386298544 0.872820365744867 0.999938122001223 -6.32399625801076
"HSPA1A" 0.11767456963102 2.38372430703903 0.160899386298544 0.872820365744867 0.999938122001223 -6.32399625801076
"SeRPINA7" 0.11767456963102 3.56514370403678 0.160573316743978 0.873075847695563 0.999938122001223 -6.32404804746613
"eZR" 0.11767456963102 1.43813744469939 0.158960272777314 0.87433989964913 0.999938122001223 -6.32430270263004
"CFH" 0.11767456963102 4.73751401127154 0.158381306504835 0.874793683760955 0.999938122001223 -6.32439347906702
"F12AI" 0.11767456963102 4.20663262039804 0.15828898118106 0.87486605073629 0.999938122001223 -6.32440792421506
"PGK1" 0.11767456963102 1.58291474149192 0.157831016030757 0.875225031585618 0.999938122001223 -6.32447945269881
"CLeC3B" 0.11767456963102 2.59057900230815 0.157018334142895 0.875862125994951 0.999938122001223 -6.32460587386482
"H4" 0.11767456963102 1.67480620436773 0.156164808372566 0.876531328817802 0.999938122001223 -6.32473794677996
"GFAP" 0.11767456963102 1.30769000984201 0.154358282895219 0.877948025878815 0.999938122001223 -6.32501511309126
"LDHB" 0.11767456963102 1.70047910519436 0.152292428939252 0.879568584596066 0.999938122001223 -6.32532811816881
"F9" 0.11767456963102 1.40713168865363 0.152064064256832 0.879747757260893 0.999938122001223 -6.3253624599204
"PLG" 0.11767456963102 5.25419591521744 0.151869969837297 0.879900046804694 0.999938122001223 -6.32539160759347
"RPS27A" 0.117674569631019 1.5498931349851 0.151084665164348 0.880516255900885 0.999938122001223 -6.32550915921283
"VNN1" 0.11767456963102 2.69500811622411 0.151008231583656 0.880576235422384 0.999938122001223 -6.32552056798005
"KRT78" 0.11767456963102 1.39208057576647 0.150386031902363 0.881064518758995 0.999938122001223 -6.32561322529431
"HSP90AB1" 0.11767456963102 1.74196872511885 0.148807648111489 0.882303394765912 0.999938122001223 -6.32584656192277
"HSPA1L" 0.11767456963102 1.53063619309499 0.148688519273199 0.882396911265273 0.999938122001223 -6.32586407322492
"THBS4" 0.11767456963102 2.59908547029237 0.14849686536245 0.882547363709942 0.999938122001223 -6.32589221592133
"CFB" 0.11767456963102 4.69910009658115 0.148496325049105 0.88254778787372 0.999938122001223 -6.32589229521034
"FGB" 0.11767456963102 2.88157124287961 0.14836271126413 0.8826526801621 0.999938122001223 -6.32591189369738
"COMP" 0.11767456963102 2.05421860325544 0.148207167706787 0.882774790889391 0.999938122001223 -6.32593468664314
"KNG2" 0.11767456963102 4.18911636434987 0.147938310187127 0.882985866425056 0.999938122001223 -6.3259740279919
"UBC" 0.11767456963102 1.31940319373629 0.146826311279945 0.883858968887647 0.999938122001223 -6.32613598639662
"KRT71" 0.11767456963102 2.0614298276594 0.146761866759149 0.88390957292681 0.999938122001223 -6.32614533506781
"C7" 0.11767456963102 3.17167040737004 0.144732936612439 0.885503006617334 0.999938122001223 -6.32643756585157
"APOA4" 0.11767456963102 2.23639630347994 0.144376063318664 0.885783328944606 0.999938122001223 -6.32648854667157
"C9" 0.11767456963102 2.53409171363602 0.143308098838962 0.886622297953259 0.999938122001223 -6.32664035854937
"P13645" -0.0613503824540018 3.28286207275526 -0.142664880859667 0.887127658845388 0.999938122001223 -6.32673124902205
"TLN1" -0.0733511671707303 3.01286371076434 -0.142103406286356 0.887568834569244 0.999938122001223 -6.3268102547247
"eeF1A1" 0.11767456963102 2.98419675711455 0.141928384094637 0.88770636468962 0.999938122001223 -6.32683481864782
"KRT80" 0.11767456963102 1.51598194213391 0.141734397703932 0.887858800696044 0.999938122001223 -6.32686200880689
"HSPA8" 0.11767456963102 2.17635520350126 0.141680913867711 0.887900829460024 0.999938122001223 -6.32686949884974
"GPLD1" 0.11767456963102 1.45084976958501 0.141674839510107 0.887905602843133 0.999938122001223 -6.32687034934306
"KRT73" 0.11767456963102 2.30143899068349 0.140978021232392 0.888453207939931 0.999938122001223 -6.32696767163427
"COL1A1" 0.11767456963102 1.41794131755679 0.140155743304442 0.889099477917278 0.999938122001223 -6.32708189973618
"CPN1" 0.11767456963102 2.26860933054171 0.140082070769422 0.889157384616886 0.999938122001223 -6.32709210148897
"LDHA" 0.11767456963102 1.7039208865796 0.140059321719557 0.889175265520108 0.999938122001223 -6.32709525056475
"IGFBP3" 0.11767456963102 1.59150732086787 0.139936382119289 0.889271897861643 0.999938122001223 -6.32711225984406
"eNO1" 0.11767456963102 2.92915499641106 0.139853211703777 0.889337271997914 0.999938122001223 -6.3271237584035
"PFN1" 0.11767456963102 1.82158817742358 0.138336986860345 0.890529200090121 0.999938122001223 -6.32733218370025
"AFM" 0.11767456963102 3.64994722284964 0.137473701273984 0.891207956479605 0.999938122001223 -6.32744983955069
"HBB" 0.11767456963102 3.60913296436354 0.136930429545372 0.891635144820083 0.999938122001223 -6.3275235039118
"FeRMT3" 0.11767456963102 1.87093697072839 0.136688366296657 0.891825495735285 0.999938122001223 -6.32755623236075
"KRT7" 0.11767456963102 3.03408196945055 0.13663904426258 0.89186428181743 0.999938122001223 -6.32756289390874
"LBP" 0.11767456963102 1.88723308630652 0.136036091964874 0.892338455662205 0.999938122001223 -6.32764413584842
"SeRPINA6" 0.11767456963102 1.95604734449887 0.135099755689219 0.893074887937018 0.999938122001223 -6.32776958636393
"RBP4" 0.11767456963102 1.84808540045016 0.134828646954798 0.893288133817351 0.999938122001223 -6.32780574792886
"TAGLN2" 0.11767456963102 1.82556932981405 0.134796962480182 0.893313056379898 0.999938122001223 -6.32780996939333
"TBA1B" 0.11767456963102 2.82043278934966 0.133350766705236 0.894450728790968 0.999938122001223 -6.32800159717469
"TUBA4A" 0.11767456963102 2.95719026205517 0.133027090803113 0.894705384200501 0.999938122001223 -6.32804420289059
"KRT5" 0.11767456963102 4.75060084572523 0.132500175813496 0.895119963995527 0.999938122001223 -6.3281133398169
"SeRPINA3-8" 0.11767456963102 2.68654625935087 0.131606026026455 0.895823553751044 0.999938122001223 -6.3282300344674
"CHIA" 0.11767456963102 2.39387368752129 0.131106577126476 0.896216597541166 0.999938122001223 -6.32829487337385
"SeRPINA3-2" 0.11767456963102 4.82604857429141 0.131086718029578 0.896232226299144 0.999938122001223 -6.32829744640711
"FGG" 0.11767456963102 1.96575190415694 0.130421218350052 0.896755986724948 0.999938122001223 -6.32838344628771
"KRT75" 0.11767456963102 3.70013749810656 0.12795619974145 0.898696403487253 0.999938122001223 -6.32869818017482
"GSTA2" 0.11767456963102 1.60418294284528 0.127160783455925 0.899322674147197 0.999938122001223 -6.32879845833401
"KRT79" 0.11767456963102 2.44652612012048 0.127020428636712 0.899433189167654 0.999938122001223 -6.32881608801062
"F5" 0.11767456963102 4.7740174212896 0.126873346083154 0.899549003744386 0.999938122001223 -6.3288345418659
"MYH10" 0.11767456963102 1.73562566525439 0.126575346206584 0.899783659194406 0.999938122001223 -6.32887186520928
"P04272" 0.11767456963102 1.39724294874033 0.126172083378244 0.900101216713929 0.999938122001223 -6.32892223267901
"CAP1" 0.11767456963102 1.51249978979974 0.125637364557061 0.900522317328064 0.999938122001223 -6.32898877129205
"ITIH1" 0.11767456963102 3.81573558691508 0.125342870467644 0.900754249005274 0.999938122001223 -6.32902529654978
"HSP90AA1" 0.11767456963102 2.08255886911779 0.124841452613972 0.901149165575117 0.999938122001223 -6.32908728888013
"ITIH3" 0.11767456963102 4.82083252917635 0.123274267140826 0.902383642505595 0.999938122001223 -6.32927944536832
"HBA1" -0.075139770710325 1.88969620876951 -0.121213685771069 0.904007138566185 0.999938122001223 -6.32952840652836
"SeRPINA3-5" 0.11767456963102 4.18957050927843 0.119256276899416 0.90554972992004 0.999938122001223 -6.32976101799023
"MDH1B" 0.11767456963102 1.47730045651038 0.118657570750302 0.90602163082629 0.999938122001223 -6.32983141024926
"TUBB4B" 0.11767456963102 2.13742188267733 0.118301676223724 0.906302163531333 0.999938122001223 -6.32987308638533
"HMGB2" 0.11767456963102 1.61564898745718 0.116449064956525 0.907762672068824 0.999938122001223 -6.33008801095796
"JUP" 0.11767456963102 2.00926215738103 0.116354024548344 0.907837606007985 0.999938122001223 -6.3300989453307
"TUBB5" 0.11767456963102 2.17356382256763 0.113575804416723 0.910028444606846 0.999938122001223 -6.33041463601538
"MSN" 0.11767456963102 1.53889918459733 0.113093922252144 0.910408517696204 0.999938122001223 -6.33046861659139
"PGLYRP1" 0.11767456963102 1.67253892181117 0.112714863620216 0.910707506018178 0.999938122001223 -6.33051091765024
"TGFBI" 0.11767456963102 2.39847822889881 0.110377431174315 0.912551477971726 0.999938122001223 -6.33076862711272
"TUBB3" 0.11767456963102 1.72331751717416 0.109769580242095 0.913031084063512 0.999938122001223 -6.33083476031264
"HMGB1" 0.11767456963102 1.57185030634935 0.109084617528981 0.91357157193254 0.999938122001223 -6.33090884573073
"FN1" 0.11767456963102 3.70447587721651 0.107921800901566 0.914489217183772 0.999938122001223 -6.33103355436845
"SeRPINA3-4" 0.11767456963102 4.46456017642123 0.103991366290094 0.91759181043357 0.999938122001223 -6.33144519296865
"KRT72" 0.11767456963102 1.8955809951859 0.102979511014649 0.91839075663917 0.999938122001223 -6.3315486952389
"KRT28" 0.11767456963102 1.42872685909555 0.10140777540983 0.919631944269079 0.999938122001223 -6.33170746141205
"LTF" 0.11767456963102 2.33228884689584 0.101225307056469 0.919776051267166 0.999938122001223 -6.33172573501201
"KRT19" 0.11767456963102 2.90798190215825 0.10075541498864 0.920147167748184 0.999938122001223 -6.33177264170691
"K2C4" 0.11767456963102 1.3424470958909 0.0992390257953055 0.921344919934002 0.999938122001223 -6.33192252636574
"TUBA1D" 0.11767456963102 1.92357841852992 0.0987932988470333 0.921697021905547 0.999938122001223 -6.33196615135242
"P05786" 0.11767456963102 1.70745143626579 0.0953923342427061 0.924384129116881 0.999938122001223 -6.33229255340755
"ACTC1" 0.11767456963102 3.22253436347275 0.0943692969445331 0.925192607808405 0.999938122001223 -6.33238850172659
"KRT76" 0.0929861308896447 1.71902759500493 0.0918492308132931 0.927184485650063 0.999938122001223 -6.3326204415332
"PROS1" 0.11767456963102 2.06220399064509 0.0909437110651437 0.927900330281272 0.999938122001223 -6.33270225045167
"ACTG2" 0.11767456963102 1.43099442202656 0.0901833009492739 0.928501507203102 0.999938122001223 -6.33277032358906
"ACTA2" 0.11767456963102 1.43099442202656 0.0901833009492739 0.928501507203102 0.999938122001223 -6.33277032358906
"IGFBP2" 0.11767456963102 2.56489382133601 0.0884857271528314 0.92984375282645 0.999938122001223 -6.33292023150564
"P13647" -0.0780167809085714 2.68452794778343 -0.0845717445034883 0.932939256143108 0.999938122001223 -6.33325501209209
"ACTA1" 0.11767456963102 2.36297496839623 0.0840220772437479 0.933374063568268 0.999938122001223 -6.33330081530923
"SeRPINA3-6" 0.11767456963102 3.94095215810859 0.0801370140677697 0.936447870569225 0.999938122001223 -6.33361604037866
"KRT17" 0.11767456963102 3.29428938584638 0.0737352579988253 0.941514956665154 0.999938122001223 -6.33410292321944
"SeRPINA3-1" 0.11767456963102 4.09238033098127 0.0647968730414837 0.94859385776419 0.999938122001223 -6.33471496982247
"Q04695" 0.0536680556921567 2.19354047619982 0.0633738854195278 0.949721217039659 0.999938122001223 -6.33480512098905
"KRT10" 0.11767456963102 2.1811305592477 0.0619694023646907 0.950834017795805 0.999938122001223 -6.33489213725905
"P02771" -0.0284837297873946 1.46420732564624 -0.0495391146451182 0.960686841487631 1 -6.33557727688091
"KRT6C" 0.0559922603219229 2.43459542956762 0.0448357924029575 0.964416611167275 1 -6.3357966883459
"KRT6B" 0.0613861673051952 2.49674812989069 0.0448319036705527 0.964419695304643 1 -6.33579686070892
"C4A" 0.026747931402979 1.92122048006565 0.036396337043313 0.971111117937149 1 -6.33613556789019
"P26583" 0.020156501524963 1.35952732575011 0.029367798355617 0.976688051909953 1 -6.33636405535718
"Q7RTS7" -0.0200652618171997 1.40459970723818 -0.0258279333982396 0.979497290464293 1 -6.33646063895053
"Q5XKe5" 0.0154748097951254 1.57462061995481 0.0192398454491799 0.984726270352206 1 -6.3366074094978
"eeF1A1P5" 0 2.0344425061276 0 1 1 -6.33679039619234
"KRT1" 0 3.56366728071721 0 1 1 -6.33679039619234
"KRT2" -8.88178419700125e-16 3.15887506003387 -1.06385055637872e-15 0.999999999999999 1 -6.33679039619234
"P68104" 0 1.96523511745077 0 1 1 -6.33679039619234
