"logFC" "AveExpr" "t" "P.Value" "adj.P.Val" "B"
"P13645" 5.82921673722521 3.13597377247352 17.7666508139887 1.67572030801131e-22 6.51855199816399e-20 39.7301533786044
"KRT1" 6.56456730128812 3.40895010581031 16.9820819572807 1.05962915847716e-21 2.06097871323809e-19 38.0771149114087
"P63261" 4.03858766958521 2.61637983050475 14.940983299508 1.73889344327331e-19 1.69107387358329e-17 33.4328995851937
"P60709" 4.03858766958521 2.61637983050475 14.940983299508 1.73889344327331e-19 1.69107387358329e-17 33.4328995851937
"KRT9" 5.34399312320228 2.91951637462526 14.829044034027 2.33120476714223e-19 1.81367730883665e-17 33.1630308803958
"P02768" 5.52588584003285 3.38571285078241 13.7131157460329 4.69756013793699e-18 3.04558482276248e-16 30.3816268820816
"TLN1" 4.59583751026333 2.87545084798534 11.0483515911149 1.14547464981558e-14 6.36556626826087e-13 23.0386323935444
"KRT14" 4.78956151608834 2.59721950884683 8.54120866817483 3.97639083122619e-11 1.72792318125062e-09 15.2304829738097
"eeF1A1P5" 3.49322515782202 1.9684402153512 8.53962823327312 3.99776571497573e-11 1.72792318125062e-09 15.2253186291287
"KRT2" 5.71351936709335 3.01917522849957 8.47602327403673 4.96140583556395e-11 1.92998687003438e-09 15.0172657358234
"KRT16" 4.66921107316035 2.4557089568436 7.65982557882942 8.17379261833891e-10 2.89055029866712e-08 12.3145051575663
"P13647" 5.00922193105171 2.60010411438863 7.55881416172582 1.16008054488792e-09 3.76059443301167e-08 11.9763967209837
"P68104" 3.49322515782202 1.89863603467514 7.27418008225791 3.12110392213017e-09 9.33930327468182e-08 11.0204555419597
"APOA2" -3.89133035418358 2.08057150987048 -7.23677200705575 3.55569237767704e-09 9.87974524940263e-08 10.8945175167247
"Q04695" 3.87250278524986 2.13005613425584 6.20753440537616 1.29923522540437e-07 3.36935001788199e-06 7.4186063748625
"P19823" 2.61492368539229 1.84784059236717 5.98811397694128 2.79426937993401e-07 6.79356742996456e-06 6.67960490675785
"PKM" 2.47740796208864 1.51734925952507 5.91921817723674 3.55218774749575e-07 8.12824137515205e-06 6.44811665471194
"KRT6A" 4.67329649992293 2.57447632704768 5.85134719814171 4.49839277918137e-07 9.72152661723085e-06 6.22038753762676
"KRT13" 2.91647687822867 1.66250528245446 5.80177026111522 5.34433782755848e-07 1.09418284995802e-05 6.05425883694416
"KRT3" 3.1318555619435 1.68289539879105 5.53096022118668 1.36532084181105e-06 2.65554903732249e-05 5.1506871622451
"HBA1" 2.7718274531421 1.82643888532008 5.14246625440338 5.17455241817769e-06 9.58524233652915e-05 3.86967723365679
"APOD" -2.68456238325407 2.03025949694095 -5.06153848197902 6.81275544594358e-06 0.000120461903112366 3.60570334847633
"KRT6C" 4.65166109342719 2.32059859033938 4.95027622279318 9.92709273952835e-06 0.000167897351116371 3.2446939109329
"KRT6B" 4.6706535098127 2.38420675803211 4.84547159591725 1.41253817517359e-05 0.00022894889589272 2.90682796719544
"RNASe4" -2.76441974195343 0.913827514006548 -4.80652689716771 1.6095355077571e-05 0.000250443725007005 2.78185716284215
"MDH1B" -4.32412640874069 1.38426449232822 -4.77001468438144 1.81863855189056e-05 0.000254460290370839 2.66498937043856
"CALD1" -2.41972225429041 0.74005781239672 -4.76867160902256 1.8268190017547e-05 0.000254460290370839 2.66069606308842
"P07996" 3.02625583714028 2.00970292703318 4.76789089965567 1.83159077901889e-05 0.000254460290370839 2.65820061253727
"GAPDH" 2.31626466239661 3.11524845379032 4.73995897662323 2.01060998016175e-05 0.00026969906285618 2.56900897065237
"P02788" 2.00682096329789 1.35017089856469 4.66170800910728 2.60869985867477e-05 0.000336142944241077 2.32009212373963
"APOC3" -2.84890170275528 1.26793116509266 -4.65372156577869 2.67877410577722e-05 0.000336142944241077 2.2947682768075
"CATHL4" -2.51414409741665 1.03048592688038 -4.62417017107191 2.95448389287442e-05 0.000359154448227547 2.20119921638473
"KRT71" -3.18063276236864 2.1048396744389 -4.55522083196545 3.71046955174719e-05 0.000437385653221108 1.98372483010685
"F12AI" -2.71873774912993 4.17877512795676 -4.49699506401257 4.49392371942594e-05 0.000514157743193144 1.80102327215937
"KRT79" -3.57768338478283 2.46167221409469 -4.4715082545201 4.88579574897771e-05 0.000543021298957809 1.72133320438723
"P08727" 3.23775663076621 1.416951926209 4.44584753239503 5.3140410899692e-05 0.000574211662221672 1.64127741550265
"VTN" 1.62266392261587 1.40921416454494 4.33869341611451 7.53422379448109e-05 0.00079211163677112 1.30897626279714
"KRT8" 3.04773349149026 1.48481870418941 4.21767740437518 0.000111355785534708 0.00113993159402635 0.937766717921859
"THBS4" -2.95883820060757 2.68668185264539 -4.20462400469287 0.000116121196474186 0.00115823449816559 0.89799738155649
"P09429" 2.36373880896589 1.26815882585194 4.18616860641712 0.000123198729886677 0.00119810764814793 0.841862777661963
"APOH" -1.95102330944649 3.65061751575342 -4.16487524085527 0.000131886465120102 0.00125131304711512 0.77723257161988
"SeRPINA3-7" -1.65572979484131 4.07790237558185 -4.13159907035133 0.000146667961819093 0.00135842469399112 0.67652868806208
"SeRPINA3-2" -2.26407751149709 4.76093658631639 -4.06851663024886 0.000179228920359346 0.00162139651208803 0.486637855453308
"SYNCRIP" 1.93834580314013 1.12831937205131 4.04428200454072 0.000193518125065542 0.00171087615114763 0.414048426477232
"APOA4" -2.76441974195343 2.32307816207925 -4.0263743464771 0.000204780213523675 0.00175612489962293 0.360541508299245
"Q5XKe5" 2.50891703194203 1.49693522987368 4.02194067984659 0.000207665155225333 0.00175612489962293 0.347311405207798
"eHD3" 1.30608475331499 1.05773225180497 3.94225090013151 0.00026675331197303 0.0022078093267555 0.110716081930851
"Q7RTS7" 2.42891389763756 1.27703309365531 3.87469467938844 0.000329308834609442 0.00263549242488804 -0.0880265028976597
"LYSM" -1.60797685504727 1.09459348779693 -3.87209713989217 0.000331977194908776 0.00263549242488804 -0.0956337776239247
"HBA" -1.4002023325398 4.58751823349648 -3.84184016484693 0.000364637738856823 0.00283688160830608 -0.184054917306635
"C4A" 2.18931511669252 1.81106546131638 3.79226338421915 0.000424956433915061 0.00324133436848938 -0.328164517335853
"O95678" 3.36943770387679 1.53894183147187 3.77060517334917 0.000454226259530154 0.00339796182610057 -0.3908149792277
"Q14CN4" 2.18344845145463 1.17514041604347 3.75238307804714 0.00048034710887523 0.00352556651608423 -0.443379752028598
"TAGLN2" -2.96988822790357 1.83077279292619 -3.7326829961512 0.000510211409493605 0.00367541182024097 -0.500056376740806
"CPB2" 2.63649615455085 2.51229027992346 3.68003263542011 0.00059904728247027 0.00423689805238064 -0.650745258032218
"H2BC18" 1.44792769351132 0.923136078527918 3.62871411177871 0.000699815321625586 0.00485539927676959 -0.796500802016006
"HMGB1" 2.36373880896589 1.48550073254135 3.62324809002878 0.000711459534128192 0.00485539927676959 -0.811959075691071
"HBBF" -1.16337197981171 5.11778033064974 -3.61133822340313 0.000737477599033304 0.00494618596593026 -0.845596222146712
"P26583" 2.01414210809719 1.24120552866906 3.5994962078505 0.00076425000351398 0.00503886866723624 -0.878980633863963
"LBP" -2.5186295050989 1.87657596517871 -3.58033100667498 0.000809561547663865 0.00524865736735406 -0.932880233915067
"AHSG" -1.09624044873464 6.33992813471078 -3.42793994134416 0.00127328136218991 0.00811977786707993 -1.35557744715415
"P68366" 1.47403895179914 1.95366699123422 3.41051711346321 0.00134014278335766 0.00840831520526015 -1.40321923365206
"APOA1" -1.41660381517226 5.73016030923517 -3.39180681362696 0.00141566143184435 0.00873750170466942 -1.45422056419546
"ORM1" -1.60189221791454 3.90623180911046 -3.38656535677216 0.00143753241413584 0.00873750170466942 -1.46847787505481
"Q86Y46" 2.42891389763756 1.1857206287167 3.34795513455194 0.00160882875757429 0.00962822133379077 -1.57309239489694
"DSP" 2.71606313305728 1.47603450015398 3.32637230197796 0.00171285463390657 0.0100954614028736 -1.63125408520485
"KRT7" -2.14354256539937 3.17526847580436 -3.3108884468403 0.00179138297003957 0.0104007160499312 -1.67283857096209
"IGFBP2" -3.30172867222223 2.49221021613105 -3.3039784233197 0.00182751924207277 0.0104544850759751 -1.69135817754149
"P61224" 1.03233828397359 1.06500774225224 3.27829437363293 0.0019679853655154 0.011094874017181 -1.75998492823677
"HBB" 2.42126311726879 3.6927480636675 3.26535755551303 0.0020425519868378 0.0113507531839987 -1.79442588663314
"P62979" 1.19875370804288 0.826696115854738 3.24270974316286 0.00217957189478695 0.0119415981277764 -1.85451536675757
"P62826" 0.994639382036968 0.922613212676283 3.19743257919454 0.0024799735547065 0.0133987460108449 -1.97385608505321
"P04406" 1.66315285086175 1.55420244363732 3.18606156212111 0.00256133949662371 0.0136487817011866 -2.00366047558453
"A1BG" -1.1127941213952 4.21514638674972 -3.14957072968769 0.00283979151520021 0.01478628315423 -2.09884706425167
"PLG" 1.92286898635672 5.15979702787067 3.14819525437617 0.00285082580094409 0.01478628315423 -2.10242122288991
"TUBB1" 1.14072648390757 1.42581639624191 3.13407459759077 0.00296646364217617 0.0151836099579807 -2.13905531442164
"KRT77" 2.46738623296831 1.25641552382787 3.1130118906889 0.00314718535526096 0.015723781128619 -2.19350120957201
"P35900" 1.09226345761294 1.05611255282155 3.11237133578738 0.00315284043195959 0.015723781128619 -2.19515326790163
"LIMS1" 0.890844568772957 0.815161218650176 3.08033070717834 0.00344821676394443 0.0169791939389163 -2.27750572811902
"Q02413" 1.91113126859061 1.12524440089699 3.03560947690012 0.00390415135032166 0.0189839359409391 -2.39151094985574
"KRT76" 2.49643651074386 1.62000062950684 3.00703920460366 0.00422438269358731 0.0202874675037712 -2.46376243823323
"Q8N1N4" 1.94065154182531 1.04438723187023 2.99299592876307 0.00439064931310605 0.0208288119853445 -2.49910860380928
"HMGB2" 2.01414210809719 1.53454097001781 2.94872727947837 0.00495569009862241 0.0232260656429412 -2.6097979067301
"RBP4" -2.39898766720671 1.86564983922821 -2.93275322476194 0.00517573917070118 0.0239686016357471 -2.64946377768044
"CRYZ" -2.14192407973673 0.885192587043593 -2.92571265246528 0.0052755901179912 0.0241435830105715 -2.66689972255754
"KRT20" -1.82891517465137 1.26862606673491 -2.91896045752289 0.0053730353230248 0.0243036132634494 -2.68359449960132
"DSG1" -1.69245881584912 1.10922966829358 -2.8885841410273 0.00583251041892199 0.026078696011042 -2.75837102733515
"P01024" 1.91431189964503 2.31548225916967 2.84369357915778 0.00657879926086227 0.0290812830963116 -2.86788182135641
"RAP1A" -1.78990259230847 0.740491933861778 -2.83485047609355 0.00673588660919258 0.0291328777610757 -2.88931324234818
"CHI3L1" -1.52451392193384 0.89653022475856 -2.83259355369689 0.00677653174274875 0.0291328777610757 -2.89477543022017
"H4C1" 1.24771876238177 1.01386474095244 2.83026283232031 0.00681874455561337 0.0291328777610757 -2.90041301761731
"UBB" 0.998544776913326 0.754972106198902 2.8222935170895 0.00696492964467876 0.0291328777610757 -2.91966466271833
"P0CG48" 0.998544776913326 0.754972106198902 2.8222935170895 0.00696492964467876 0.0291328777610757 -2.91966466271833
"PPIA" 1.69292495951857 1.38578062735525 2.81405900313662 0.00711902647559425 0.0294606521170869 -2.93951676874143
"BPT2" -1.52451392193384 0.757961507238932 -2.76448245691758 0.00811549229733316 0.0332308053017116 -3.05816796555058
"P01023" 2.45374406439462 2.44612252397125 2.72245682674564 0.00905947307667013 0.0367097398627571 -3.15756518171166
"SeRPINA1" -0.880687713546418 6.35969402538638 -2.69080277500336 0.00983618622211413 0.0394461488701278 -3.23170524871571
"PeBP1" -1.26327936738425 0.80566044467276 -2.67637166531343 0.010210226626392 0.040528348547617 -3.26529642198733
"H2B1" 1.44792769351132 0.994790927341528 2.66296905115912 0.0105692675057222 0.0411818053942895 -3.2963753479503
"P68032" 1.84196914536488 2.03404680916652 2.66233332555248 0.0105865823635706 0.0411818053942895 -3.29784667572429
"IGF2" -1.26327936738425 0.832300800560946 -2.65031631828607 0.0109188174590012 0.0420536632826877 -3.32561043482993
"H2BC12" 1.44792769351132 1.06456876744601 2.64187015513845 0.0111580220998603 0.0425536333024085 -3.34506896875107
"TTR" -1.17598818788653 3.64932677107665 -2.63193700205403 0.011445480915339 0.0432261366608435 -3.36789472049856
"GARIN1B" -1.26327936738425 1.00494114708315 -2.60986260324151 0.0121087372516003 0.0452913345276203 -3.41839263337583
"P05786" -2.94328443101273 1.65283958906743 -2.60312874497282 0.0123179552834063 0.0456350914785242 -3.43373439253407
"SeRPINA5" -1.04389254323353 4.45273357818194 -2.58738917282132 0.0128199257975315 0.0464545317273617 -3.46947885663411
"CKM" -1.43909846070923 1.35290143801116 -2.58563926108733 0.0128768733175485 0.0464545317273617 -3.4734429155884
"KRT35" -2.36514381598763 1.15178337413476 -2.58501017401291 0.0128974021248202 0.0464545317273617 -3.47486749180193
