"logFC" "AveExpr" "t" "P.Value" "adj.P.Val" "B"
"P63261" 4.80829568197244 2.61637983050475 17.7885615866364 1.59298681493075e-22 3.09835935504031e-20 39.7753222786812
"P60709" 4.80829568197244 2.61637983050475 17.7885615866364 1.59298681493075e-22 3.09835935504031e-20 39.7753222786812
"P13645" 5.40700664337608 3.13597377247352 16.4798125223781 3.56588800819332e-21 4.62376811729068e-19 36.9814784621909
"P02768" 6.10254675780534 3.38571285078241 15.1441655614921 1.02517488906763e-19 9.96982579618267e-18 33.9185811131752
"KRT1" 5.79806332397319 3.40895010581031 14.9991891380099 1.49391025749914e-19 1.16226218033433e-17 33.5725800483805
"KRT9" 5.12882780009692 2.91951637462526 14.2319818789371 1.14124837138826e-18 7.39909360783388e-17 31.6956900268814
"TLN1" 5.39950888819631 2.87545084798534 12.9803702769997 3.66564759269462e-17 2.03705273365458e-15 28.4627407343682
"P68366" 3.62605518393484 1.95366699123422 8.38968552634076 6.65541266504122e-11 3.23619440837629e-09 14.7342002677518
"KRT2" 5.28530952114875 3.01917522849957 7.84077267152682 4.37258190215561e-10 1.88992706659837e-08 12.9184310784503
"KRT14" 4.34923286614137 2.59721950884683 7.75597209293936 5.86061899088065e-10 2.27978078745257e-08 12.6356944713041
"FLNA" 4.37294573268204 1.94622889739667 7.36781279977386 2.25277708719215e-09 7.96663897197953e-08 11.3353935957327
"TUBA1B" 3.43722982523482 1.83936878995559 6.38260118283034 7.04451241822332e-08 2.11884633376558e-06 8.00960388120645
"TUBB1" 2.32257350773956 1.42581639624191 6.38112530420888 7.08097746502636e-08 2.11884633376558e-06 8.00461805344603
"P13647" 4.21138796647575 2.60010411438863 6.35489891238161 7.76132338551764e-08 2.15653914069026e-06 7.9160280599038
"KRT16" 3.76959080274959 2.4557089568436 6.18400145125112 1.4105722985544e-07 3.65808416091774e-06 7.3392411516296
"eeF1A1P5" 2.49947024292787 1.9684402153512 6.1102693615206 1.82481402389686e-07 4.43657909559924e-06 7.09073027976637
"P19823" 2.640965371253 1.84784059236717 6.04774882745595 2.26968576921072e-07 5.19357508366454e-06 6.88021033490445
"P01024" 3.93894592381685 2.31548225916967 5.85126970912355 4.49960507659289e-07 9.72414652663685e-06 6.22012772914124
"P07996" 3.62634414770125 2.00970292703318 5.71333495623521 7.26441149704179e-07 1.47846506760622e-05 5.75842279590147
"P68032" 3.93755902481689 2.03404680916652 5.69124333025857 7.84261426123836e-07 1.47846506760622e-05 5.68462971057667
"CKM" -3.16477780025357 1.35290143801116 -5.686180589006 7.98143095622894e-07 1.47846506760622e-05 5.66772495061223
"POTee" 2.9743698829134 1.39968024410531 5.61989018558439 1.00408049668258e-06 1.77539687822511e-05 5.44660719664234
"P68104" 2.49947024292787 1.89863603467514 5.20481670544198 4.18370911368635e-06 7.07592541401734e-05 4.07379813332271
"P68371" 2.86943686582078 1.62509992330438 5.10106778296609 5.95703829290495e-06 9.65536623308344e-05 3.7345015931864
"FBLN1" 2.51776787947763 1.37059447289955 5.00917421422743 8.13542426201668e-06 0.00012658720151698 3.43551283518462
"Q04695" 3.10154566965148 2.13005613425584 4.9717075808287 9.23415528261397e-06 0.000138157169420647 3.31405149439199
"P11142" 2.3483880911544 1.4286386572736 4.93135134877419 1.05814123952661e-05 0.000152450719324389 3.18352191919812
"P01023" 4.399755191009 2.44612252397125 4.88157820922828 1.25119128344603e-05 0.000173826217593037 3.02297610225175
"COL6A1" 1.59433200586952 1.0531367631725 4.87030877411859 1.29949870563493e-05 0.000174312067755859 2.98669553676093
"C4A" 2.78600069576552 1.81106546131638 4.82582354015897 1.5087647679967e-05 0.000195636498250239 2.8437383733538
"KRT6A" 3.80238616144094 2.57447632704768 4.76089664166764 1.8748903851919e-05 0.00023526850317408 2.635850293503
"LYSM" -1.96438076348917 1.09459348779693 -4.73033744987704 2.07616991366272e-05 0.000252384405129625 2.53832646422018
"P07900" 2.79025621208894 1.43066996680378 4.71203484008349 2.20672762167608e-05 0.000260126377221817 2.48001888565958
"MYH9" 2.98685613275171 2.01663136304521 4.63162653898995 2.88239983927951e-05 0.00032978045219992 2.22478838238827
"TUBB" 2.82365969633994 1.55550919138058 4.59539163575145 3.24964619641117e-05 0.000361174962972556 2.11028327392343
"P01008" 3.15050698382073 1.71175059502475 4.57890344110558 3.43157897840775e-05 0.000370801172944615 2.05828760171052
"GARIN1B" -2.19292084498618 1.00494114708315 -4.53044849220386 4.02593261762132e-05 0.000423266969798566 1.90588542332459
"VTN" 1.66965523230661 1.40921416454494 4.46433920334638 5.00191844202803e-05 0.000512038493144448 1.69894923812376
"P02771" 1.93057755385014 1.3284525812195 4.34625013929081 7.3516978624741e-05 0.000733284735513442 1.33230248827002
"P63104" 1.47179929853266 1.02876247999891 4.29985737478876 8.54426161247988e-05 0.000830929441813668 1.18936357065347
"APOB" 3.48654913058474 1.74147644688934 4.24410682108707 0.000102282867370752 0.000970439887981038 1.01845300043909
"P02788" 1.81131628172913 1.35017089856469 4.20756398901027 0.000115030881909277 0.00106540507292164 0.906949802818642
"PKM" 1.73071441092387 1.51734925952507 4.1351591492058 0.000145012722222046 0.00131185927777618 0.687285114969799
"TRAP1" -2.38888003173957 0.747289114942391 -4.11061361301004 0.000156804405446505 0.0013862934936066 0.613209091580818
"KRT6C" 3.69775225252286 2.32059859033938 3.9351308459055 0.000272761615071678 0.00235787262806406 0.0896893901879245
"APOA2" -2.09170590817181 2.08057150987048 -3.88998038857761 0.000314020899331904 0.00265552456174154 -0.0432080175508096
"HBA1" 2.02686206665146 1.82643888532008 3.7603602519594 0.00046873888970041 0.00387956229986084 -0.420384734467179
"H4" -2.03005767378393 1.62809441033654 -3.64666747348352 0.000662841503672136 0.00537177801934294 -0.745637084836391
"KRT13" 1.81004817705309 1.66250528245446 3.60074299344027 0.000761388009531851 0.00604448848383449 -0.875468638791733
"APOD" -1.90366892910004 2.03025949694095 -3.5892231827774 0.000788227160022212 0.00613240730497281 -0.907892209199084
"KRT3" 2.01705110111338 1.68289539879105 3.56217877347952 0.000854841574575346 0.0065202622060747 -0.983781706863043
"GDI2" -1.55898362667573 0.954614465279186 -3.54931425718608 0.000888388207192004 0.00652896283524458 -1.01976703674518
"HP" -3.02978931317906 0.825622886483792 -3.54887702666765 0.000889550206344377 0.00652896283524458 -1.0209887838626
"P04406" 1.76589539039222 1.55420244363732 3.38288295218343 0.00145308973829985 0.0104676279296045 -1.47848649657041
"P06396" 2.51296526668374 2.02434651694114 3.32037485081632 0.00174287584557909 0.0123268855260048 -1.64737533706297
"eHD3" 1.08382242342687 1.05773225180497 3.27138029403734 0.00200751068854221 0.0139450296043378 -1.77840241548466
"HRG" -2.20604093758272 1.92868671409551 -3.20344907818997 0.00243791538629167 0.016398720834002 -1.95805904745878
"CLeC3B" -1.97378540306773 2.73554187031115 -3.20242108782403 0.00244505349195917 0.016398720834002 -1.96075949380455
"HSPA2" -2.43720149150458 0.839082397910449 -3.11442904429518 0.00313470803680528 0.0206678207850382 -2.18984543521234
"CFD" -1.58278391335904 1.78210932271283 -3.08993771868487 0.0033570288651971 0.0217647371426945 -2.25287186294697
"GSTA1" -1.82625133917355 1.25008334825289 -3.07311916037659 0.00351819046047909 0.0224356735922355 -2.29596412054879
"P08238" 1.93107938564021 1.23310560991947 3.05742578140978 0.00367509637340656 0.0230582659557282 -2.33603367126851
"FTL" -1.43213231118413 0.818609137257954 -3.02150425231537 0.00405929632321079 0.025043634691029 -2.42723876258793
"Q5XKe5" 1.88146405151187 1.49693522987368 3.01609686972679 0.00412028951214873 0.025043634691029 -2.44090591938064
"LRP1" 1.37712269982153 0.778836242934973 2.98757647027157 0.00445643503374289 0.0266700496634767 -2.51271930521978
"APOC3" -1.8178087948948 1.26793116509266 -2.96941659415014 0.00468365304153105 0.0273554344578584 -2.55820544816962
"ANXA5" -1.29528489020714 0.90890180110496 -2.96723979059566 0.0047116043924846 0.0273554344578584 -2.56364521917467
"MST1" -1.72143874747785 1.62360500018283 -2.93359794862151 0.0051638782178156 0.0295404209813275 -2.64736989518309
"PPIA" -1.73433797144647 1.38578062735525 -2.88289764740579 0.00592248714362196 0.0333890941865064 -2.77230920671436
"ADIPOQ" -1.28742232468145 2.9311360628011 -2.86902378573931 0.0061474558469446 0.0341622903494493 -2.80623543965993
"TUBA1A" 2.18725036781782 1.4003424540644 2.85187915453769 0.0064364283803344 0.0352643752105646 -2.84800227211306
"KRT6B" 2.73822384033383 2.38420675803211 2.84071293529395 0.0066313631122717 0.0358277812593568 -2.87511069530609
"KRT79" -2.24261372141032 2.46167221409469 -2.80289357343313 0.00733301842273726 0.0389437841483115 -2.96636939716251
"C1S" -1.31347801183176 0.797910518051992 -2.79903577415944 0.0074083291181878 0.0389437841483115 -2.97562976414059
