"logFC" "AveExpr" "t" "P.Value" "adj.P.Val" "B"
"P63261" 4.94040572673438 2.61637983050475 18.2773101626177 5.21092724934799e-23 1.01352534999818e-20 40.7691741018717
"P60709" 4.94040572673438 2.61637983050475 18.2773101626177 5.21092724934799e-23 1.01352534999818e-20 40.7691741018717
"P13645" 5.15418563431831 3.13597377247352 15.7092488619663 2.41700636155068e-20 3.13405158214405e-18 35.2415503637227
"KRT1" 5.85688115071522 3.40895010581031 15.1513467911254 1.00629432982453e-19 9.78621235754351e-18 33.9356493031516
"P02768" 5.97472916219082 3.38571285078241 14.8269716248488 2.3439227829351e-19 1.82357192512351e-17 33.1580191809074
"KRT9" 5.05059709211798 2.91951637462526 14.014899523723 2.05469343706805e-18 1.33212624503245e-16 31.1503670962921
"TLN1" 5.34746169813934 2.87545084798534 12.8552493052955 5.24120858213088e-17 2.91261448349845e-15 28.1275696805552
"P68366" 3.8307946674632 1.95366699123422 8.86339587946461 1.33991316914865e-11 6.51532778498532e-10 16.2777262829987
"KRT2" 5.06321701644225 3.01917522849957 7.51129776859337 1.36807998176464e-09 5.91314569896051e-08 11.8171269324343
"FLNA" 4.4067565304834 1.94622889739667 7.42477934910688 1.84784073149394e-09 7.18810044551141e-08 11.5267872652853
"P19823" 3.16586138215639 1.84784059236717 7.24974839512585 3.39845768192413e-09 1.20181821660772e-07 10.9382108285323
"KRT14" 3.90981346978021 2.59721950884683 6.97235698651322 8.94871246176578e-09 2.90087428968907e-07 10.0028114354168
"TUBA1B" 3.5874798853242 1.83936878995559 6.6616009180841 2.65351796762134e-08 7.94014222619e-07 8.95265948101786
"TUBB1" 2.39854868024644 1.42581639624191 6.58986233412837 3.41085141191787e-08 9.4772942802575e-07 8.71011653317098
"P07996" 3.94167411378938 2.00970292703318 6.21013990486145 1.28746041435634e-07 3.33881400789744e-06 7.42739478743064
"P68032" 4.15039843696088 2.03404680916652 5.99887576881914 2.69139659779284e-07 6.54345797838385e-06 6.71579115537196
"eeF1A1P5" 2.39773111122208 1.9684402153512 5.86155525856678 4.34149794391897e-07 9.93436882461459e-06 6.25461750400107
"FBLN1" 2.89656541573359 1.37059447289955 5.76280319904867 6.11875761237395e-07 1.28035010356669e-05 5.923822332166
"P13647" 3.81484358749088 2.60010411438863 5.75652149790873 6.25363803798642e-07 1.28035010356669e-05 5.90280724877995
"CKM" -3.17556762720251 1.35290143801116 -5.70556675398443 7.4627329505795e-07 1.40047650139706e-05 5.73246937216973
"LOX" -2.59111165078654 0.816160085207953 -5.70181571872944 7.56041298954709e-07 1.40047650139706e-05 5.71993922098957
"CHI3L1" -3.04802896870884 0.89653022475856 -5.66333116675909 8.63893061413435e-07 1.52752000404466e-05 5.59145990409057
"POTee" 2.91907581026513 1.39968024410531 5.51541541330334 1.44055805836216e-06 2.43642210740383e-05 5.0990505288642
"P68371" 3.03553114217149 1.62509992330438 5.39633762218777 2.17082260699634e-06 3.51854164217323e-05 4.70445933270508
"P06396" 4.05210581113456 2.02434651694114 5.35403748174093 2.51029613983669e-06 3.90602079358589e-05 4.56472324038671
"ANXA5" -2.31846710405299 0.90890180110496 -5.31114652563649 2.90812416640531e-06 4.28661473933166e-05 4.42328459948906
"KRT71" -3.70379737684775 2.1048396744389 -5.30448380209461 2.97528529465179e-06 4.28661473933166e-05 4.4013365720054
"P01024" 3.53219672737245 2.31548225916967 5.24704733633726 3.62164850399704e-06 4.96051498726067e-05 4.21239957994416
"KRT16" 3.19472689230714 2.4557089568436 5.24093907592515 3.6980702989861e-06 4.96051498726067e-05 4.19233530615757
"P11142" 2.47426335770729 1.4286386572736 5.19567527710231 4.31628700881797e-06 5.59678548810064e-05 4.04383229122214
"MYH9" 3.31053322071483 2.01663136304521 5.13354270905064 5.33414336457216e-06 6.6934895768341e-05 3.84051545123885
"P07900" 2.99830210805762 1.43066996680378 5.06337157607696 6.77051801314629e-06 8.23041095973096e-05 3.61167006232499
"F12" -3.00434465466672 1.484624969185 -5.04833615309164 7.12473262244465e-06 8.39854845494233e-05 3.56274746456044
"IGFBP3" -3.53742072020305 1.51430664029472 -5.02396913385746 7.73798122196825e-06 8.85316086866367e-05 3.48354772736428
"P68104" 2.39773111122208 1.89863603467514 4.99295839914779 8.5941749957213e-06 9.55181163810167e-05 3.38291121421317
"P02771" 2.17376498758707 1.3284525812195 4.893730563294 1.20107896920499e-05 0.000129783255283539 3.06212817917777
"C4A" 2.79134925251854 1.81106546131638 4.83508814340327 1.46261372124004e-05 0.000153772091233074 2.8734766974789
"KRT6A" 3.76960169311458 2.57447632704768 4.71984782165651 2.15003776850964e-05 0.000220095971565855 2.5048996974509
"KRT79" -3.75147922432469 2.46167221409469 -4.68872410274695 2.38472984095926e-05 0.000237861514905937 2.40586886015472
"COL6A1" 1.48844961148113 1.0531367631725 4.54686299713111 3.81409742893646e-05 0.000370920974964071 1.95744516386816
"LYSM" -1.80209775637408 1.09459348779693 -4.33955099935629 7.51328930955988e-05 0.000710764313603668 1.31162262092428
"VTN" 1.62054351770433 1.40921416454494 4.3330238583577 7.67406199777739e-05 0.000710764313603668 1.2914864144357
"GARIN1B" -2.07227139252612 1.00494114708315 -4.28119365419517 9.07548887757977e-05 0.000821015156599659 1.1320415908004
"PKM" 1.77484093961155 1.51734925952507 4.2405897261247 0.000103447377488794 0.00091456886007138 1.00770304155667
"NACA" -2.40070076857234 0.91529785373374 -4.22355750092618 0.000109271824002497 0.000944594211932696 0.955699044243764
"COL10A1" -2.00379022980392 0.950811369126076 -4.20892450854964 0.000114529700654088 0.000968522903357393 0.911093594610499
"DSG1" -2.45442011620286 1.10922966829358 -4.18905261190948 0.00012206571091636 0.00101028854354179 0.850627665556162
"CSN1S1" -2.27964351076034 1.13340790595161 -4.13140821910277 0.000146757213470142 0.00118934491749761 0.675952168756208
"APOB" 3.33408676928169 1.74147644688934 4.05851742500223 0.000184996127361608 0.00146864272538093 0.456662805247945
"CAPNS1" -1.87043895920778 0.858051979934831 -4.02951240682447 0.000202761821526406 0.00157748697147544 0.369909696074422
"UBA52" -2.2440704846178 1.32474527356399 -3.97388036067911 0.000241575023954957 0.00184260165330349 0.204347907252624
"B4GAT1" -1.41989202190422 0.751939136810005 -3.95980305618047 0.000252483432325886 0.00188877029182249 0.162630120524351
"KRT6B" 3.76960169311458 2.38420675803211 3.9106942729821 0.00029439394424784 0.00214378131899456 0.0176671982686081
"CALD1" -1.98260764058686 0.74005781239672 -3.90722726574679 0.000297594321916983 0.00214378131899456 0.00746690144221418
"KRT17" -5.08886751282417 3.23306572574161 -3.89507415923285 0.000309080385217052 0.0021860412699897 -0.0282531326470172
"KRT73" -2.6012002402705 2.38587391724535 -3.87737156147975 0.000326580637562092 0.00226856907163667 -0.0801841676559656
"SeRPINA5" -1.55396191978617 4.45273357818194 -3.8516457199483 0.000353727733219108 0.00238875173717419 -0.155438411264909
"P63104" 1.31762290219351 1.02876247999891 3.84943148079751 0.000356163498087669 0.00238875173717419 -0.161903693124877
"Q04695" 2.37434820277521 2.13005613425584 3.8060264837535 0.000407309779411627 0.00267533926492907 -0.288255029347942
"P02788" 1.63663996146175 1.35017089856469 3.80180282940305 0.000412648729809111 0.00267533926492907 -0.300510538152942
"HABP2" -1.79981313085351 1.22761421618688 -3.79271266895189 0.000424368918833257 0.00270622146600225 -0.326862893223029
"F10" -2.13018901358342 1.80970480432474 -3.68807084297734 0.000584583485847357 0.00366778993539713 -0.62781402555271
"LTF" -3.79131847088356 2.30720693197382 -3.65657890112531 0.000643240018068043 0.00397175185759474 -0.717497916331041
"APOH" -1.70436321560056 3.65061751575342 -3.63832667898421 0.000679779610615009 0.0040837902442238 -0.769284611959161
"IGFBP2" -3.63458662224722 2.49221021613105 -3.63706317803178 0.000682381403276471 0.0040837902442238 -0.772864245581296
"JUP" -3.41482003115102 1.99121040639514 -3.60711614676119 0.000746918104763895 0.00440229004171447 -0.857505893878058
"eDIL3" 1.82609456970378 1.05310899536172 3.59797137442105 0.000767764265897945 0.00445761640946718 -0.883274921836184
"IGF2" -1.70685093743907 0.832300800560946 -3.58091409483196 0.000808145812539706 0.00462306942761685 -0.931242756321874
"P04406" 1.84562554232718 1.55420244363732 3.53562006969517 0.00092548052352716 0.0052175641108995 -1.05799182894002
"HBB" 2.60939860318672 3.6927480636675 3.51908034425943 0.000972255682654874 0.00540296372218209 -1.10404683604841
"RGN" -1.59440381811792 1.09112540622662 -3.46664675646968 0.00113593076878239 0.00622362069093449 -1.24922409811673
"AMY2B" 1.63277153424509 0.923538375654455 3.45616047050929 0.0011716772741545 0.00633031193952919 -1.27810611535792
"POSTN" 2.06641099608374 1.03572541643493 3.43370202937215 0.0012518768583773 0.00667096024532562 -1.3397897125044
"P08238" 2.14999527290557 1.23310560991947 3.40402938696968 0.00136588356232133 0.00718011764517564 -1.42092270217766
"MST1" -1.99293763483518 1.62360500018283 -3.39627405613414 0.00139727120754978 0.00724717999649153 -1.44205878565669
"LRP1" 1.54701105139824 0.778836242934973 3.35613799482531 0.0015709801467438 0.00804093785635972 -1.55098141412979
"P01023" 3.01713894642939 2.44612252397125 3.34754982849989 0.00161072577247409 0.00807144754116236 -1.57418672539429
"KRT222" -1.70685093743907 0.969104467853743 -3.3416586243217 0.00163854022021961 0.00807144754116236 -1.59008395308473
"HBA1" 1.80110537727233 1.82643888532008 3.34152243594673 0.0016391885751975 0.00807144754116236 -1.59045125188884
"KRT75" -2.21027396244882 3.76148145514914 -3.323224558213 0.00172854945405073 0.00840507172032167 -1.6397174925398
"HRG" -2.27185170316897 1.92868671409551 -3.299014592302 0.00185390321792695 0.00880893558471338 -1.70464708851255
"KRT13" 1.6580921536286 1.66250528245446 3.29845568772468 0.00185689644716323 0.00880893558471338 -1.70614258817327
"KRT20" -2.02883680311605 1.26862606673491 -3.23803667066834 0.00220890591646344 0.0103525831506539 -1.86688144490952
"CDH1" -1.57614248343347 0.741230459058091 -3.22745095153878 0.00227674161245211 0.0105434819909985 -1.89485237661184
"TUBB" 1.9393091698317 1.55550919138058 3.15614702073779 0.00278758927719924 0.0127573203391824 -2.0817447492645
"VCL" 2.31635545996846 1.09331505663949 3.14950295002278 0.00284033431082003 0.0128475586849883 -2.0990232125863
"KNG1" -1.36504488908145 4.61740896634327 -3.10813604767915 0.00319047244168243 0.0142654457449939 -2.20607094650688
"CSN1S2" -1.77291588906406 0.933327611109683 -3.08803749947813 0.0033748836671437 0.0149185198468057 -2.25774831163524
"CSN2" -1.76388506636016 0.834847588435451 -3.07835388807757 0.00346726670055023 0.0151114040336864 -2.28256834771518
"APOA2" -1.65367644641074 2.08057150987048 -3.07536968770761 0.00349621173015881 0.0151114040336864 -2.29020681462127
"KLKB1" -1.86169885618323 2.46678569176775 -3.06419187780312 0.00360665884817239 0.0154174757355941 -2.31877455477444
"F13A1" -1.60966493562391 1.65008116970273 -3.02483927913685 0.00402210119182057 0.0170064930828065 -2.41880133008071
"CFD" -1.54439376014665 1.78210932271283 -3.01499180760007 0.0041328593289972 0.0172869062255904 -2.44369694816866
"OGN" -1.38451579946018 0.995878796308399 -3.01075451635354 0.00418139103174295 0.0173038416100852 -2.45439262503874
"KRT78" -2.39349700561014 1.30137014592659 -2.99885381545153 0.00432056367649633 0.0176915712648113 -2.48437813924177
"KRT19" -2.78119313676527 2.98511971955223 -2.97698950121658 0.00458761503452174 0.018589398421135 -2.53925992145016
"KRT7" -1.91861430177254 3.17526847580436 -2.96346712597132 0.0047604168083687 0.0190907436954167 -2.57306659378031
"ACTG2" -3.13037557848287 1.27257902236426 -2.94277820925456 0.00503660047958873 0.0197902786521214 -2.62458749315667
"ACTA2" -3.13037557848287 1.27257902236426 -2.94277820925456 0.00503660047958873 0.0197902786521214 -2.62458749315667
"TUBA1A" 2.21999889230037 1.4003424540644 2.89457880871894 0.00573903545705615 0.0223248479279484 -2.74365689699386
"Q13509" 1.89339445006617 1.07733684802175 2.86607053903534 0.00619635754733516 0.0238651790684493 -2.8134424210928
"CCN2" -1.45667759282718 0.848101510689783 -2.85558078558906 0.00637299008238211 0.0243048347259475 -2.83899934573479
"SeRPINA3-1" 3.33775549289539 3.96706252848331 2.79801849593132 0.00742830702777343 0.0280544799398433 -2.97807016110493
"OMD" -1.20611596680454 0.719840954152191 -2.78836439073303 0.00762039719882768 0.0284480486049095 -3.00119852214534
"CFH" -1.53998614564852 4.72189086334204 -2.78547481198691 0.00767877918641517 0.0284480486049095 -3.00811005201311
"LASP1" -1.56884627420626 0.732436238002766 -2.76159457084477 0.00817733421720607 0.0300092736838977 -3.0650331998698
"CL43" -1.50943625631335 1.01997150344783 -2.70654062567777 0.00944266795868212 0.0343289517376387 -3.19492265702098
"MYH11" 1.15161740923654 0.813994716585664 2.65462738884281 0.0107985443754594 0.038894757056053 -3.31566086110694
"RPS27A" -1.74064536629794 1.46532108751238 -2.64468330520248 0.0110778222359994 0.0395346133009521 -3.33859302130871
"P04272" -2.36271728674586 1.30785720245291 -2.62531176612086 0.0116409649828042 0.0411666852573713 -3.38308380479494
"KRT5" -1.64357818753675 4.73730482687423 -2.61611711338614 0.011917328656952 0.0417643319599489 -3.4041166406169
"KRT3" 1.47743815401127 1.68289539879105 2.60920451070509 0.0121290396836441 0.0421267539012283 -3.41989326367065
"H2AZ2" -1.56884627420626 0.75206805292264 -2.60516322781171 0.0122543990028708 0.0421854974523604 -3.42910233025756
"P0CG53" -1.74064536629794 1.11835979345701 -2.58787689383734 0.0128040948831908 0.0436911658733442 -3.46837367026604
"KRT35" -2.32009041146213 1.15178337413476 -2.53576855568717 0.0146000768607174 0.0493863469462527 -3.58556896095918
"CRYZ" -1.85179270239478 0.885192587043593 -2.52941427307975 0.014834101193432 0.049745391071078 -3.59973742122069
"IGF2R" 1.89075979474122 1.02689686977619 2.52439720660032 0.0150212808810706 0.0499425492541577 -3.61090524107976
