"logFC" "AveExpr" "t" "P.Value" "adj.P.Val" "B"
"P13645" 5.85603757364561 3.28286207275526 17.8469643725784 1.19497518099339e-22 2.67674440542518e-20 40.2313830392737
"KRT1" 6.5966391085227 3.56366728071721 17.4071355745625 3.33944992866178e-22 3.7401839201012e-20 39.3022194018705
"KRT9" 5.35807369134507 3.05443713763583 14.3089709482021 8.29057864755007e-19 5.89239386836701e-17 32.1055499719324
"P63261" 3.94043354668343 2.73660694264868 14.1385791606424 1.31526648847478e-18 5.89239386836701e-17 31.6743619171545
"P60709" 3.94043354668343 2.73660694264868 14.1385791606424 1.31526648847478e-18 5.89239386836701e-17 31.6743619171545
"P02768" 5.53809090716004 3.53014814150613 13.6202143816641 5.47203331918433e-18 2.04289243916215e-16 30.3385284290232
"TLN1" 4.5820515335865 3.01286371076434 10.8539413163123 1.95394051606566e-14 6.25260965141011e-13 22.57624698145
"KRT2" 5.72540372984005 3.15887506003387 8.47117617318001 4.83307995596856e-11 1.3532623876712e-09 15.0514847942753
"KRT14" 4.64935715529074 2.68973372823354 7.9120486053124 3.29691178049864e-10 8.20564709812994e-09 13.1926248291843
"eeF1A1P5" 3.39104086008025 2.0344425061276 7.80579433904788 4.76197037799652e-10 1.06668136467122e-08 12.8364344936241
"P68104" 3.39104086008025 1.96523511745077 7.4454251045103 1.66619849250097e-09 3.39298602109289e-08 11.6227062357102
"P13647" 4.92852867913124 2.68452794778343 7.21710726764535 3.69765888129246e-09 6.90229657841258e-08 10.8500156838591
"KRT16" 4.52882094543965 2.5364333186317 6.97857388683352 8.52255635302369e-09 1.46850201775177e-07 10.0405902931237
"Q04695" 3.77834251977915 2.19354047619982 6.13005338325316 1.67033245337851e-07 2.67253192540562e-06 7.15794977887876
"KRT6A" 4.57403512032762 2.67428440972459 5.62334792152821 9.77038096391722e-07 1.4590435572783e-05 5.45007919033327
"PKM" 2.19553036457644 1.62531181936248 5.52104502707942 1.3924039028563e-06 1.94936546399882e-05 5.10806170560073
"APOA4" -2.93421425260445 2.23639630347994 -5.26690311373417 3.3409423611811e-06 4.22046999864813e-05 4.2640670416668
"HBA1" 2.44550843079595 1.88969620876951 5.2625263764065 3.39144910605654e-06 4.22046999864813e-05 4.24961152070654
"KRT13" 2.69278999813445 1.73143413968201 5.17898534569828 4.51389080759304e-06 5.09269870471735e-05 3.97426398807091
"P19823" 2.39177017240076 1.95199204990044 5.17649802262324 4.5524113030469e-06 5.09269870471735e-05 3.96608300725963
"P07996" 2.92225700561114 2.092374929761 5.16255663459044 4.77440503567252e-06 5.09269870471735e-05 3.92024766702069
"KRT3" 2.9292859973805 1.74723983828543 4.97296784872321 9.09596661431035e-06 9.26134782547963e-05 3.3003024088042
"KRT6C" 4.55260700595399 2.43459542956762 4.87698013361488 1.25776033461127e-05 0.00012249491954475 2.98902232531147
"KRT79" -3.69812814562509 2.44652612012048 -4.83816922792586 1.43319145330723e-05 0.000133764535642008 2.8636997078619
"P08727" 3.12953555668647 1.50896968556269 4.82598476174774 1.49307568005457e-05 0.00013377958093289 2.82442161276153
"KRT6B" 4.52571940223514 2.49674812989069 4.75352999029438 1.90345070101142e-05 0.000159888698064588 2.59152849698664
"F10" -2.18879815724962 1.7889148002428 -4.74981733337456 1.92722984274281e-05 0.000159888698064588 2.57962653461252
"P02788" 1.9766451578074 1.45774634577412 4.68123743619611 2.42278174385825e-05 0.00019382253950866 2.36034974985644
"KRT71" -3.00270273570613 2.0614298276594 -4.5849691095305 3.33499195442311e-05 0.000257599378548543 2.05445637336114
"P09429" 2.32513589763947 1.37638461910149 4.46085372160811 5.01981340718319e-05 0.000374812734403011 1.66359694765432
"TUBB1" 1.36559867432024 1.59234073883428 4.27243166031696 9.27181204427176e-05 0.000669963192876411 1.07848756951402
"LUM" -1.89915401693723 3.07535703145988 -4.21441057005596 0.000111789762475936 0.000759180381550199 0.900475858890375
"KRT8" 2.8773964405738 1.57238229373487 4.2142610219171 0.000111843538353378 0.000759180381550199 0.900018417180529
"VTN" 1.70015169562536 1.52379352816746 4.18797766078618 0.000121696151281249 0.000801762879029402 0.819734171255567
"C9" -2.22202116739358 2.53409171363602 -4.11869445897461 0.000151885682715108 0.00097206836937669 0.60919078321889
"SeRPINF1" -1.42177032182419 4.47146455055078 -4.09832576825097 0.000162066985194577 0.00100841679676625 0.547599018321672
"P68366" 1.5363079341219 2.08258765709156 4.00677441041315 0.000216606821338789 0.00129777252162044 0.272538445637643
"TPI1" -1.44291805804355 1.33011943252042 -4.00161793383064 0.000220157838489182 0.00129777252162044 0.257134425632492
"APOC3" -1.93809830638256 1.35842095604172 -3.91748838396101 0.00028670358145438 0.00164670774989183 0.00718645326467371
"O95678" 3.28278231416484 1.65030993373948 3.86365715217942 0.000339076250221203 0.00189882700123874 -0.151353301675365
"Q5XKe5" 2.26167933765243 1.57462061995481 3.78633573117575 0.000430735584287897 0.00235328709464607 -0.37710238795964
"Q7RTS7" 2.13247318324113 1.40459970723818 3.76873193966543 0.000454718564818336 0.00242516567903112 -0.428165578488996
"AGT" -1.56358674323844 5.26136865827236 -3.66378611204708 0.000626653385888369 0.00326442694044173 -0.729931418620222
"P26583" 1.83301238975167 1.35952732575011 3.64034169449141 0.000672826308916647 0.00332884528636424 -0.796709620196933
"H2A1" -1.94304123147616 1.27489937046138 -3.6232275460237 0.000708573920322512 0.00332884528636424 -0.845307097659551
"H2AJ" -1.94304123147616 1.27489937046138 -3.6232275460237 0.000708573920322512 0.00332884528636424 -0.845307097659551
"H2AC20" -1.94304123147616 1.27489937046138 -3.6232275460237 0.000708573920322512 0.00332884528636424 -0.845307097659551
"FN1" -3.20339893747068 3.70447587721651 -3.62101603670864 0.000713323989935194 0.00332884528636424 -0.85157763081153
"C4A" 2.18618127664778 1.92122048006565 3.58697525635428 0.000790403331903682 0.00361327237441683 -0.947826764251859
"GSN" -1.3338131970937 4.75887842710271 -3.56847326814823 0.00083558017389898 0.00374339917906743 -0.999925672078071
"RBP4" -2.45512652721011 1.84808540045016 -3.50765464258386 0.00100213936334592 0.00440155328214678 -1.17009728600672
"SeRPINA7" -1.66391946680065 3.56514370403678 -3.38508722735874 0.00143896436906742 0.00619861574367503 -1.50783214767179
"SeRPINA1" -1.07549224105061 6.48107743762678 -3.35162510567158 0.00158662743306736 0.00670574613220922 -1.59878733850117
"MDH1B" -2.70804232238832 1.47730045651038 -3.33878608148135 0.00164701670804915 0.00683206930746315 -1.63353997108367
"KRT77" 2.38901298666613 1.39040619227983 3.30025500095155 0.00184161949994878 0.00750041396342776 -1.73734438959964
"KRT76" 2.51383578149523 1.71902759500493 3.2839154199897 0.0019305594947798 0.0077222379791192 -1.78113921424833
"CKM" -1.41028927368517 1.43905061876519 -3.2135348235395 0.00236225581957505 0.00928325094008439 -1.96822282689699
"SeRPINA3-2" -1.7183672268801 4.82604857429141 -3.20051481268656 0.00245151751615986 0.00946792971758293 -2.0025514125064
"P04406" 1.51674199567379 1.63629529099176 3.13120550085917 0.002982753223683 0.0113243512221185 -2.18378579806231
"YWHAZ" -1.42554725967026 1.70627317267171 -3.07726348397364 0.0034693040394726 0.012952068414031 -2.32304900471554
"KRT73" -1.86531430366405 2.30143899068349 -3.02349651780439 0.00402770089776643 0.0147697029253807 -2.4602663130066
"FGB" -1.99394841848649 2.88157124287961 -3.01811149058452 0.0040880427739893 0.0147697029253807 -2.47392033859016
"P68032" 1.78506495170487 2.10659978605528 2.9974124282768 0.00432795407917026 0.0153882811703831 -2.52625157748834
"APOH" -1.31041531130354 3.55010419307759 -2.9806988713748 0.00453121521536965 0.0158592532537938 -2.56832928851549
"CSN1S1" -1.34572298571693 1.26152104314573 -2.94009547065877 0.00506276433692676 0.0174470647918707 -2.66988480543386
"DSP" 2.38316025579478 1.57262262338927 2.88865221827808 0.0058197957538468 0.0197520340736619 -2.79717730018192
"HSPA1L" -1.7573621705978 1.53063619309499 -2.87472840237557 0.00604210626308498 0.0202004746706125 -2.8313629407452
"AMBP" -1.14475847831603 3.20142321680015 -2.86823233151314 0.0061485016372975 0.0202538877463918 -2.84727266758887
"P01023" 2.50406816267204 2.56133651287742 2.85682072249933 0.00633963079533312 0.0205808304080379 -2.87516029716883
"APOA1" -1.15071107076969 5.83793754773609 -2.80365846374304 0.0073048982624326 0.0233756744397843 -3.00404623429466
"ACTB" -0.815884086064512 4.69839418045775 -2.76068494986336 0.00818275916712573 0.0254574729643912 -3.10697308881672
"ACTG1" -0.815884086064512 4.69839418045775 -2.76068494986336 0.00818275916712573 0.0254574729643912 -3.10697308881672
"P01024" 1.83164438324879 2.35144295118694 2.64445041093827 0.0110677934980169 0.03396144854186 -3.37959433520777
"KRT78" -1.68253116647521 1.39208057576647 -2.6266962702457 0.0115828150625232 0.0350614942433134 -3.42047814803197
"A1BG" -0.959534539242739 4.1781310077701 -2.5801978351361 0.0130373196154862 0.0389381279182521 -3.5265829642601
"CFD" -1.04957893863067 1.76934998426834 -2.57161918203913 0.0133232214016398 0.0392684420258857 -3.54600385852631
"SeRPINA5" -1.07485615653003 4.45905450628944 -2.55976782886447 0.0137276014757039 0.0399348406565933 -3.5727538215002
"KNG1" -1.14484047047016 4.64400516719177 -2.55180665546777 0.0140054913761271 0.0402208983109292 -3.59067097510673
"APOD" -1.05078819491131 1.954804178567 -2.50802253799173 0.0156274172037336 0.0443106513118523 -3.68845520640524
"FGA" -1.30272423605466 3.07297260030194 -2.50000659257192 0.0159422023518321 0.04463816658513 -3.70621820173166
"ADIPOQ" -0.892247430366004 2.79383412952405 -2.37286716272871 0.0217649478964862 0.0601894855409002 -3.98208292210054
"APOe" -1.22565461403469 3.40336802544691 -2.3463823611781 0.0231955042405165 0.0633633286570206 -4.03813582304496
"SeRPINF2" -1.01236886252679 4.40365952530721 -2.26648186412985 0.0280349662757445 0.0744781682048923 -4.20421635262238
"COMP" -1.35567223452878 2.05421860325544 -2.25932403479369 0.0285095578740703 0.0744781682048923 -4.21887053311921
"THBS1" -1.0435599646681 3.81444994666643 -2.25649745953233 0.0286989286706647 0.0744781682048923 -4.22464712964972
"FGG" -1.65015496910273 1.96575190415694 -2.25377434200436 0.0288824243313218 0.0744781682048923 -4.23020680560622
"PROC" -1.20241453830726 1.70688739576248 -2.25311827449178 0.0289267885438644 0.0744781682048923 -4.23154546602398
"CAP1" -1.40736053263723 1.51249978979974 -2.16865306055205 0.0351687612325516 0.0888260294421482 -4.40125728242812
"TUBA1B" 1.01875030372109 1.94726573425111 2.16711723339407 0.0352924849122821 0.0888260294421482 -4.40429437038527
"HBBF" -0.688454978161054 5.20161125704235 -2.13784967307633 0.0377245607259869 0.093892240029123 -4.46183431733164
"ORM1" -0.977377746724335 3.84967463978969 -2.06234920481419 0.0446891177498489 0.110003982153474 -4.60728754182641
"C4" -0.904735304575398 4.71262774733524 -2.05468177290105 0.0454554451843882 0.110674127405467 -4.6218163182382
"LBP" -1.26518837277523 1.88723308630652 -2.04010249757023 0.0469441449476108 0.113069768475966 -4.64931763246962
"KRT20" -1.09507468430427 1.38374151654103 -2.02140350817096 0.0489153283923103 0.116564186807208 -4.68435038074272
"CHIA" -0.975828968562808 2.39387368752129 -1.97215807623909 0.054452917966294 0.12839424867842 -4.77531419132514
"TUBB" 1.0528450692967 1.6982673327166 1.96412352056039 0.0554058186183659 0.129280243442854 -4.78997555469347
"SeRPINA3-7" -0.715913798875415 4.03724715903641 -1.93555352945111 0.0589112248409913 0.13604241612765 -4.8416984981758
"ITIH4" -0.777033977930173 5.68496499135984 -1.91621765676415 0.0613900272187745 0.138550751492122 -4.87633811193782
"HSPA8" -1.25946301169184 2.17635520350126 -1.91465603941288 0.06159405624177 0.138550751492122 -4.87912275656937
"KRT7" -1.32754224734202 3.03408196945055 -1.91268035336125 0.0618530140589831 0.138550751492122 -4.88264298299744
"GFAP" -1.16881116348908 1.30769000984201 -1.90647310307253 0.0626726703093822 0.138996813359422 -4.89368270081188
"SeRPINA6" -1.29101690639501 1.95604734449887 -1.89888119183493 0.0636877516171877 0.139863297669118 -4.90714334868665
"eZR" -1.0471598132557 1.43813744469939 -1.88035960080263 0.0662231385686645 0.144019252809523 -4.93978949244618
"P68371" 0.932830936033216 1.75239805099663 1.86398727638751 0.0685352739626186 0.147614436227178 -4.96841848052035
"SeRPINA3-4" -1.48276240388599 4.46456017642123 -1.83640827549877 0.0725847832229148 0.154847537542218 -5.01615571180324
"C7" -1.15686193896489 3.17167040737004 -1.82209909252343 0.07476431071735 0.157992505666853 -5.04068145368255
"GAPDH" -0.705692365316941 2.9599419780984 -1.80016604006797 0.0782119942151373 0.163733520599914 -5.07795133108678
"KRT28" -1.63250128308705 1.42872685909555 -1.73392633964349 0.0894438270879829 0.18551312284915 -5.18811718690081
"H4" -0.908047454333661 1.67480620436773 -1.72793251514268 0.0905232425340372 0.186029415849765 -5.1979071511307
"CLU" -0.941505054628551 3.04215266023609 -1.63896284102908 0.107854951535279 0.21933526196847 -5.33969840586465
"TTR" -0.765772597245517 3.5072245420389 -1.63339268234432 0.109024702188557 0.21933526196847 -5.34835419455868
"GSTA1" -0.806876344558018 1.36738597748422 -1.62699322536229 0.110381366645855 0.21933526196847 -5.35826624519388
"FLNA" 0.868557312302343 2.12980106281586 1.62574864156541 0.11064680626088 0.21933526196847 -5.36018993597334
"P06396" 1.1175391418984 2.12955510936767 1.5676532883627 0.123626871131799 0.242915957311605 -5.44851745523582
"APOA2" -0.812348510160257 2.05314683389666 -1.55021660475464 0.127753720649019 0.247482322055359 -5.47446441246119
"HABP2" -0.618755487413715 1.33364828925658 -1.54852255246307 0.128160488207239 0.247482322055359 -5.47697133635494
"MYH9" 0.979476469787488 2.17147436226733 1.54111508298837 0.129951352058923 0.248795750950417 -5.48790414563794
"COL1A2" -0.700673146441845 1.47526700442031 -1.50992634250825 0.137712524181525 0.261420384886963 -5.53341608784036
"HRG" -0.891174035340456 1.89807251096587 -1.49923588957763 0.140456137585693 0.264388023690716 -5.54882201826183
"TBA1B" -1.03547337314277 2.82043278934966 -1.47338237750619 0.147270563607206 0.274905052066784 -5.58566807093752
"BLVRB" -0.705978530941199 1.46374010893065 -1.45645938469925 0.151870573470729 0.279243490928936 -5.60947031039477
"POTee" 0.706713052447381 1.55755606480302 1.45566962725032 0.152087972738081 0.279243490928936 -5.61057498033222
"SeRPINA3-8" -0.912000342969842 2.68654625935087 -1.42796018318112 0.159871466900191 0.291148037281648 -5.6489866373598
"P07900" 0.766449538675558 1.58250706049443 1.42282014375053 0.161348894119018 0.291468970021452 -5.65603760718219
"AHSG" -0.434606634984537 6.45909865672305 -1.39116396454789 0.170683600780505 0.304354107141425 -5.69894809366918
"KRT5" -0.927843794650634 4.75060084572523 -1.38885196862493 0.171381393653494 0.304354107141425 -5.70204726548061
"SeRPINA3-6" -1.47265279360725 3.94095215810859 -1.38497023501796 0.172557908959647 0.304354107141425 -5.70723995998992
"IGFBP2" -1.21396713769646 2.56489382133601 -1.37190412444459 0.176563946469757 0.308986906322074 -5.7246204360595
"AFP" -0.414409384065069 5.82309093743856 -1.34387661652872 0.185397895348827 0.321931229132848 -5.76138937827829
"P02771" 0.567417676118364 1.46420732564624 1.32131228451756 0.19275188381828 0.332126322886882 -5.7904808005547
"MST1" -0.613556717350641 1.6572762956501 -1.31512809926986 0.194805515299413 0.333102560511973 -5.79837410585633
"FBLN1" 0.607831769646812 1.54404194159371 1.3077956833646 0.197261859030035 0.334747397141878 -5.8076884277141
"PFN1" -0.826706162789376 1.82158817742358 -1.25435139145457 0.215876193556059 0.363580957568099 -5.87411288809103
"FMOD" -0.558045353098114 1.25866081839479 -1.24396770495704 0.219639617468584 0.365029956165157 -5.88671830338225
"F2" -0.733998109239442 4.58599019856791 -1.24299199560603 0.219995732510251 0.365029956165157 -5.88789774129124
"C4BPA" -0.643710984179144 1.32366387946617 -1.23779098787088 0.221901214656926 0.365484353552584 -5.89417010784643
"ITIH3" -0.923177624847451 4.82083252917635 -1.22087349609185 0.228183580000906 0.371466366044104 -5.91440201539677
"HBA" -0.434511251037071 4.62559023340705 -1.21909962033972 0.228849814795028 0.371466366044104 -5.9165083023964
"HPX" -0.581632649943984 4.51211037932 -1.19047980394825 0.239797008332869 0.386435466665918 -5.95009360147611
"P08238" 0.710554958552992 1.39869698286489 1.17517936989915 0.245803494309059 0.393285590894494 -5.96774070484903
"TUBA1D" -1.14755852589529 1.92357841852992 -1.16739775799783 0.248899757164351 0.395415217055423 -5.97663328378959
"PZP" 1.06323332008877 1.86308205916944 1.1572076409374 0.252996770099983 0.399093496495747 -5.98819394933514
"TAGLN2" -0.723308426170907 1.82556932981405 -1.12409411541999 0.266644321634575 0.417680615707307 -6.02509962258781
"CLeC3B" -0.630782184731538 2.59057900230815 -1.10877934902825 0.27312999499416 0.424868881102027 -6.04182508363937
"UBA52" -0.543080178008259 1.42367798513513 -1.10042922685115 0.276712740069049 0.427473474313565 -6.05085268929703
"LDHA" -0.693575659825612 1.7039208865796 -1.0712828116987 0.289476901160732 0.443780942241406 -6.0818556036401
"SeRPINA3-1" -1.18615909274428 4.09238033098127 -1.06388793647526 0.292779457615123 0.443780942241406 -6.08959556482358
"GPI" -0.452831778781685 1.26430635318619 -1.06138174774157 0.293904623693267 0.443780942241406 -6.0922071209879
"C3" -0.405635150823559 6.80831847634258 -1.05851889549904 0.295193573187364 0.443780942241406 -6.09518315528083
"F9" -0.526165030661304 1.40713168865363 -1.05216111920208 0.298070009520816 0.444184177305968 -6.1017648839928
"KRT80" -0.715171153068087 1.51598194213391 -1.04917485593008 0.299427726666077 0.444184177305968 -6.10484328876999
"TUBA4A" -0.735983336802917 2.95719026205517 -1.03790914107054 0.304588019461839 0.448866554996394 -6.11638145216249
"P01008" 0.675389739167726 1.82429362274305 1.02779210107953 0.309273797981229 0.452793011423498 -6.12664178876705
"ACTC1" -1.02975416801034 3.22253436347275 -1.01900634210586 0.313382670375841 0.454682265385129 -6.1354740614401
"APOB" 0.834577167862014 1.88182983813944 1.0163677305028 0.314623888994174 0.454682265385129 -6.13811248452008
"VNN1" -0.505501545780974 2.69500811622411 -0.99159296182854 0.326440623388131 0.468735254095778 -6.16256600267881
"AHCY" -0.55656592805698 2.09427844707235 -0.980476082248857 0.331838546505852 0.473451174632552 -6.17335072847922
"P26038" 0.500705356373181 1.46456907161834 0.958876412633629 0.342495767883232 0.483092127694287 -6.19397125952723
"PPIA" 0.465043808579197 1.46674230262402 0.958047618996679 0.34290914421157 0.483092127694287 -6.19475369087231
"P04272" 0.706174656184508 1.39724294874033 0.941513504544882 0.3512245579372 0.489478920056203 -6.21022689382328
"P05786" -0.923235622353024 1.70745143626579 -0.940353283275943 0.351812973790396 0.489478920056203 -6.21130293659061
"CFH" -0.491735839366481 4.73751401127154 -0.902082589191612 0.371582717389805 0.511780724893518 -6.24607990617148
"ITIH1" -0.675605244864081 3.81573558691508 -0.894919612286427 0.375360523698476 0.511780724893518 -6.25243405651636
"P11142" 0.384213363612449 1.58731738439312 0.893583033301565 0.376068146898284 0.511780724893518 -6.25361429444172
"CFB" -0.574560402074166 4.69910009658115 -0.891860538126599 0.376981337533172 0.511780724893518 -6.25513279366838
"TUBB3" -0.70518244666513 1.72331751717416 -0.838420810710869 0.406010487600454 0.540399137273656 -6.30083426317019
"UBC" 0.52121011808204 1.31940319373629 0.838245492505284 0.406107937459441 0.540399137273656 -6.30097969149371
"PLG" -0.491943218429771 5.25419591521744 -0.833553303723807 0.408721421698807 0.540399137273656 -6.30486094714216
"KRT75" -0.57886241607907 3.70013749810656 -0.831173038771287 0.410051137826597 0.540399137273656 -6.30682175577233
"eNO1" -0.546020345626976 2.92915499641106 -0.831042131123098 0.410124345252328 0.540399137273656 -6.30692943663863
"FeTUB" -0.296860934380612 4.65955917386766 -0.808487183266462 0.42285710192628 0.552043492445798 -6.32523648838907
"MYH10" -0.616516537693865 1.73562566525439 -0.806346957349547 0.424077598476781 0.552043492445798 -6.32694820151402
"KRT72" -0.710906272233306 1.8955809951859 -0.802363255655358 0.426355018719299 0.552043492445798 -6.33012254174664
"TUBB4B" -0.576271083751116 2.13742188267733 -0.767776929668603 0.446434862984053 0.574720743151884 -6.35703859012647
"CPB2" 0.429255784111819 2.43628368427722 0.754536421284573 0.454266698540175 0.581461374131424 -6.36703675292646
"eeF1A1" -0.427777906368771 2.98419675711455 -0.727493486530089 0.470508649808488 0.591006947833041 -6.38692974099939
"TF" 0.228632638757058 6.62833730330571 0.725146328887544 0.471933796833285 0.591006947833041 -6.38862286993079
"ACTG2" -0.658315401639978 1.43099442202656 -0.724580253587925 0.472277873491582 0.591006947833041 -6.38903040938081
"ACTA2" -0.658315401639978 1.43099442202656 -0.724580253587925 0.472277873491582 0.591006947833041 -6.38903040938081
"HBB" -0.455981656769596 3.60913296436354 -0.712268601916288 0.479796426365882 0.593858817435191 -6.39781703623268
"A2M" -0.235540682905031 7.04890177435079 -0.707440882163557 0.482762938645493 0.593858817435191 -6.40122229093021
"HSPA1B" -0.425385086264386 2.38372430703903 -0.699853566079496 0.487445864057296 0.593858817435191 -6.40652822879216
"HSPA1A" -0.425385086264386 2.38372430703903 -0.699853566079496 0.487445864057296 0.593858817435191 -6.40652822879216
"F12AI" -0.392396389836154 4.20663262039804 -0.699261098596863 0.48781260003605 0.593858817435191 -6.40694019345668
"TUBB5" -0.501904556921211 2.17356382256763 -0.661409483690852 0.511558181522576 0.617432785650447 -6.43255088587227
"FeRMT3" -0.384489779387711 1.87093697072839 -0.658971481625594 0.513108701742894 0.617432785650447 -6.43415254503733
"SeRPINA3-5" -0.515166080388549 4.18957050927843 -0.655303648931049 0.515446120163543 0.617432785650447 -6.43655121090507
"P68133" 0.54646885693761 1.43737644173672 0.633417882050386 0.52951107885132 0.630906817354764 -6.45059057790077
"TGFBI" -0.419255770523794 2.39847822889881 -0.613994626437418 0.542160137649477 0.642560163140121 -6.46265763469598
"MSN" -0.487959064587632 1.53889918459733 -0.600917639236701 0.550763079377111 0.64932068305512 -6.47057366630614
"ACTA1" -0.658315401639978 2.36297496839623 -0.582273682493787 0.563147062525616 0.660444722543131 -6.48156938633539
"GSTA2" -0.334172872143223 1.60418294284528 -0.544197690193323 0.588861147767804 0.687004672395771 -6.50296392476622
"SeRPINC1" -0.28190924453415 5.1272802214854 -0.525152187161311 0.60192990659445 0.690168173450791 -6.51312961869179
"HMGB2" -0.31897133257923 1.61564898745718 -0.523723800507512 0.602915464679301 0.690168173450791 -6.51387760919081
"F12" -0.2923327679542 1.5732420082278 -0.523182457233337 0.603289176408496 0.690168173450791 -6.51416056347489
"K2C4" 0.497528738474089 1.3424470958909 0.520824350697098 0.604918327923732 0.690168173450791 -6.51538974644272
"LDHB" -0.321611964836075 1.70047910519436 -0.517200309331649 0.607426039612462 0.690168173450791 -6.51726810919908
"F13A1" -0.220841741662235 1.67684231089571 -0.513402141296 0.610059367603824 0.690168173450791 -6.51922280692373
"KRT10" -0.712200818656962 2.1811305592477 -0.478841000353117 0.634257457528589 0.713938042645246 -6.53635439987318
"PGK1" -0.254636098871029 1.58291474149192 -0.422325664182882 0.674700483325034 0.755664541324038 -6.56182028217411
"KRT19" -0.329183370986407 2.90798190215825 -0.378823719873252 0.706513538290769 0.780204615817073 -6.57926275639396
"KLKB1" -0.187581155551792 2.41074025784797 -0.378737737722207 0.706576967330138 0.780204615817073 -6.57929536816942
"JUP" 0.318570946793589 2.00926215738103 0.378082462335561 0.707060433084223 0.780204615817073 -6.57954366286794
"LTF" -0.342093697563411 2.33228884689584 -0.359145922964037 0.721083876905432 0.791778374641258 -6.58653436480438
"PGLYRP1" -0.225009767583871 1.67253892181117 -0.326483623814008 0.745498400269708 0.814593373953242 -6.59775257435771
"PROS1" -0.255824431669853 2.06220399064509 -0.295953613567521 0.768560670833266 0.835716457605104 -6.60727620333727
"RAP1B" 0.14398330658029 1.50258209146489 0.286160894739867 0.776004211043015 0.839734025476499 -6.61013383780679
"IGFBP3" 0.146164157409051 1.59150732086787 0.245753923156092 0.806935735206385 0.869007714837645 -6.62091138701963
"F5" -0.173647935854422 4.7740174212896 -0.224812699014174 0.823093155410009 0.882166826850919 -6.62585438964018
"KNG2" -0.136785437382347 4.18911636434987 -0.219066081941758 0.827540907869136 0.882710301727079 -6.62713407176473
"HMGB1" -0.121696580711149 1.57185030634935 -0.204013218849336 0.839218214075175 0.890923601672224 -6.63032934437961
"DDBX" -0.0867604984508654 1.28981023007758 -0.184036927304347 0.854771029872128 0.900264145299107 -6.63421921861518
"THBS4" 0.119906820895241 2.59908547029237 0.182391555866569 0.85605474530674 0.900264145299107 -6.63452178798724
"COL1A1" 0.0862100068782874 1.41794131755679 0.146581179191713 0.884085429860331 0.925397833124832 -6.64043465774858
"TUBA1A" -0.0939692447358367 1.56754237636975 -0.139838924435007 0.889380882119022 0.926610779510051 -6.64140405571409
"AFM" -0.0745435582516842 3.64994722284964 -0.126988357963304 0.899487797880064 0.932802160764511 -6.64312541270379
"HSP90AA1" -0.0876758386539134 2.08255886911779 -0.118253792789931 0.906367217108299 0.935604869273083 -6.64420083943356
"GC" -0.0349051729080108 5.15266420639357 -0.106332389176473 0.915768226649875 0.939315846152774 -6.64554508099992
"HSP90AB1" -0.0643310924047933 1.74196872511885 -0.103062517417539 0.918348974586864 0.939315846152774 -6.64588886005238
"CPN1" 0.0543521052016884 2.26860933054171 0.0850394931441506 0.932588839722578 0.949545000444806 -6.64759110747974
"RPS27A" -0.0423626864636908 1.5498931349851 -0.0749889310427061 0.940539703953757 0.953307211247247 -6.64839873735392
"GPLD1" 0.0150494336852438 1.45084976958501 0.0240913820021772 0.98088104362999 0.989717809788818 -6.65093118315502
"KRT17" 0.0116531650376008 3.29428938584638 0.00967781755715755 0.992319033469929 0.996768894606566 -6.65117562405532
"ALB" 1.77635683940025e-15 8.0225757952076 7.9213935233238e-15 0.999999999999994 0.999999999999994 -6.65122266101934
