"logFC" "AveExpr" "t" "P.Value" "adj.P.Val" "B"
"P26038" -1.99252643458284 1.46456907161834 -3.81579021544656 0.000393307276831201 0.0781358234222487 -0.0415024182783705
"P68366" -1.39121799393889 2.08258765709156 -3.6283719777876 0.000697641280555792 0.0781358234222487 -0.566989855218352
"MYH9" -2.18444041792803 2.17147436226733 -3.43701373110955 0.00123541012166622 0.092243955751078 -1.08846154686831
"TUBA1A" -2.06679713998277 1.56754237636975 -3.07567321513566 0.00348472098074 0.19514437492144 -2.02654979185448
"PKM" -1.11022409781824 1.62531181936248 -2.79185263529054 0.00753695777857775 0.337655708480283 -2.71524008882785
"TUBB" -1.44340462901765 1.6982673327166 -2.69272760467322 0.00977167674447264 0.364809265126979 -2.94477385565209
"TUBA1B" -1.19901060790006 1.94726573425111 -2.55057254158512 0.0140490246742521 0.43323483364664 -3.26336786155904
"eZR" -1.39892561203205 1.43813744469939 -2.5120169549047 0.0154726726302371 0.43323483364664 -3.34755861549878
"SeRPINA3-8" 1.5119530440825 2.68654625935087 2.3673332608173 0.0220571391792252 0.489763490499045 -3.65474272060606
"GPI" -1.00481275926811 1.26430635318619 -2.35515697563086 0.0227124786120211 0.489763490499045 -3.67995115260844
"TUBB1" -0.745134172407889 1.59234073883428 -2.33123749257022 0.0240508856941495 0.489763490499045 -3.72917500505252
"P68371" -1.09010137093156 1.75239805099663 -2.17824581807892 0.0344045945822468 0.607688743819176 -4.03454691654419
"PGK1" -1.30682250078792 1.58291474149192 -2.16742513359792 0.0352676503109343 0.607688743819176 -4.05551341116519
"KRT6C" 1.9718245256948 2.43459542956762 2.11231697052072 0.0399651995944465 0.639443193511144 -4.1609708816216
"P06396" -1.47717788319633 2.12955510936767 -2.07214466077279 0.0437264808865884 0.647531547234476 -4.23644016262013
"SeRPINA3-7" 0.757071372288788 4.03724715903641 2.04682766134944 0.0462522533738911 0.647531547234476 -4.28338582178384
"APOA4" 1.09578960288181 2.23639630347994 1.96693805378831 0.0550703947939991 0.6927424694264 -4.42836369560277
"TUBA4A" -1.39121799393889 2.95719026205517 -1.96194370296954 0.0556668055789072 0.6927424694264 -4.43726602765923
"TUBB5" -1.44340462901765 2.17356382256763 -1.90211763824534 0.0632533192876329 0.726475196939881 -4.54241329953384
"C4A" 1.1520425131215 1.92122048006565 1.89021287162949 0.0648638568696322 0.726475196939881 -4.56300596657348
"P02788" 0.785768932120101 1.45774634577412 1.86091617239014 0.068976523678093 0.735749585899659 -4.61321176097017
"SeRPINA7" 0.894208295553924 3.56514370403678 1.81918244258421 0.0752152687306535 0.765828190712108 -4.68356605022734
"FN1" 1.57830943279909 3.70447587721651 1.78406869659716 0.0808265072321728 0.787179896522031 -4.74169108350891
"P04406" -0.82737424102229 1.63629529099176 -1.70805501670527 0.0941805887918326 0.819420803761947 -4.86413164364586
"TBA1B" -1.19901060790006 2.82043278934966 -1.70608066411318 0.0945504418801574 0.819420803761947 -4.86724958955253
"APOB" 1.39847731360006 1.88182983813944 1.70309860863382 0.0951113432937974 0.819420803761947 -4.87195290971455
"P02768" 0.670903413192331 3.53014814150613 1.64999969669252 0.105567465016253 0.844707293836561 -4.95448390968996
"F10" -0.760301480238159 1.7889148002428 -1.64989774752158 0.10558841172957 0.844707293836561 -4.95464014235845
"TPI1" -0.578890946735915 1.33011943252042 -1.60542754405026 0.115054831076147 0.866295683608129 -5.02196969438137
"MYH10" -1.20593485331124 1.73562566525439 -1.57725193125662 0.12140132975923 0.866295683608129 -5.06377844642275
"TTR" 0.737645400541933 3.5072245420389 1.57339738160393 0.122291130082616 0.866295683608129 -5.06944651584567
"KLKB1" 0.774957734831071 2.41074025784797 1.56468670030774 0.124321314644419 0.866295683608129 -5.08220963696837
"FBLN1" 0.717863354592768 1.54404194159371 1.5445368986349 0.129121602224712 0.866295683608129 -5.1114896057209
"P26583" 0.765656396483696 1.35952732575011 1.52058486857869 0.13501971937767 0.866295683608129 -5.14584975372233
"P68133" 1.31068922443179 1.43737644173672 1.51923386305733 0.13535870056377 0.866295683608129 -5.14777338410464
"TUBB4B" -1.09010137093156 2.13742188267733 -1.45236279799671 0.153000911026936 0.90904826605213 -5.24104887325089
"Q5XKe5" 0.866322200715197 1.57462061995481 1.45033234759244 0.15356359908318 0.90904826605213 -5.24382132899945
"AMBP" 0.57791822197161 3.20142321680015 1.4479942805647 0.154213545133843 0.90904826605213 -5.24700943585287
"HPX" 0.687831777198996 4.51211037932 1.40784709962224 0.165713337625006 0.95178942635901 -5.30101916338793
"KRT14" 0.815423205740367 2.68973372823354 1.38764732891638 0.171745843123019 0.961776721488909 -5.32766747386401
"ADIPOQ" 0.505023205160693 2.79383412952405 1.34307249217881 0.185656237683325 0.962629901758807 -5.38521773450286
"C9" 0.722311490780829 2.53409171363602 1.33886228375687 0.187013343903745 0.962629901758807 -5.3905638916464
"ORM1" 0.625276733426201 3.84967463978969 1.31938646883685 0.193389637160378 0.962629901758807 -5.41509236840056
"KNG1" 0.589233115141782 4.64400516719177 1.31337860918151 0.195389477493779 0.962629901758807 -5.42259168184388
"P08238" -0.79163015071176 1.39869698286489 -1.30926877718388 0.196766506752499 0.962629901758807 -5.4277035042958
"PPIA" -0.622709029690955 1.46674230262402 -1.28285742593981 0.205791263669377 0.962629901758807 -5.46019897359819
"GAPDH" -0.500403371432123 2.9599419780984 -1.27648986989261 0.208012796283768 0.962629901758807 -5.46794123529067
"P01008" 0.834035679981517 1.82429362274305 1.26921573454733 0.210572522216403 0.962629901758807 -5.47674190329481
"HSP90AB1" -0.790074065364005 1.74196872511885 -1.26574909703627 0.211800655056808 0.962629901758807 -5.48091955432854
"HMGB2" 0.765656396483696 1.61564898745718 1.25714268616827 0.214872745928305 0.962629901758807 -5.49124509864525
"KRT71" 0.803358069500605 2.0614298276594 1.22668550860934 0.226010686044613 0.973839146245749 -5.52725751041928
"LUM" 0.548174317193169 3.07535703145988 1.21645301855919 0.229846484143318 0.973839146245749 -5.53917087959163
"ACTG2" -1.08259116244668 1.43099442202656 -1.19156285431501 0.239375917000725 0.973839146245749 -5.56775892501908
"ACTA2" -1.08259116244668 1.43099442202656 -1.19156285431501 0.239375917000725 0.973839146245749 -5.56775892501908
"FLNA" -0.634679334178467 2.12980106281586 -1.18798040239295 0.240770834939832 0.973839146245749 -5.57182792404528
"KNG2" 0.730484843398617 4.18911636434987 1.16989392747905 0.247903492936415 0.973839146245749 -5.59219481731966
"P11142" -0.501291139761701 1.58731738439312 -1.16587630639338 0.249508409992504 0.973839146245749 -5.59667906850167
"ACTA1" 1.31068922443179 2.36297496839623 1.15929209526863 0.252154778938631 0.973839146245749 -5.60399657745428
"VNN1" 0.580287659902483 2.69500811622411 1.1382935704109 0.260729347329103 0.977364046988821 -5.62707254115908
"LDHA" -0.720709124491771 1.7039208865796 -1.11319260756149 0.271249698681096 0.977364046988821 -5.65413357553648
"P63261" -0.309375850675786 2.73660694264868 -1.11006438843571 0.272581549071179 0.977364046988821 -5.65746604222659
"P60709" -0.309375850675786 2.73660694264868 -1.11006438843571 0.272581549071179 0.977364046988821 -5.65746604222659
"DDBX" -0.520780356537475 1.28981023007758 -1.10468264162748 0.274883638215606 0.977364046988821 -5.66317838064038
"RAP1B" -0.539405813107503 1.50258209146489 -1.07204684885226 0.289137163028116 0.989876773542602 -5.6972545112313
"KRT79" 0.814691568466716 2.44652612012048 1.06584075012903 0.2919048032584 0.989876773542602 -5.70362461828438
"Q04695" 0.656920533117387 2.19354047619982 1.06580012677096 0.291922979761839 0.989876773542602 -5.70366619930108
"ACTB" -0.309375850675783 4.69839418045775 -1.04682671153887 0.300498306254004 0.989876773542602 -5.72292194353321
"ACTG1" -0.309375850675783 4.69839418045775 -1.04682671153887 0.300498306254004 0.989876773542602 -5.72292194353321
"SeRPINA3-5" 0.813602153023884 4.18957050927843 1.03492151356819 0.305966673000436 0.993283112349243 -5.73483596870886
"A1BG" 0.378069551011159 4.1781310077701 1.01663274968687 0.314499071927521 0.996784598802698 -5.75288488058747
"SeRPINA5" 0.425600509172064 4.45905450628944 1.0135667779436 0.315945118370498 0.996784598802698 -5.75588055222278
"GC" 0.328028695591764 5.15266420639357 0.99928096653861 0.322742253903067 1 -5.76972469700217
"KRT3" 0.576581513932093 1.74723983828543 0.978846494851148 0.332634786014136 1 -5.78920027733695
"C4" 0.422563581004544 4.71262774733524 0.959654921600861 0.342107771576431 1 -5.80713982425273
"MSN" -0.752017749861977 1.53889918459733 -0.926103773260265 0.359092225098647 1 -5.83768181581156
"KRT10" -1.36462712094521 2.1811305592477 -0.917493210601227 0.363537882854599 1 -5.84535138734629
"KRT76" 0.695674442945649 1.71902759500493 0.908784912403114 0.368069982634541 1 -5.85303777628902
"APOe" 0.47310373552348 3.40336802544691 0.905705610151883 0.369681209571454 1 -5.85573880790355
"C4BPA" -0.470798455268811 1.32366387946617 -0.905297718009872 0.369894975575635 1 -5.85609593007813
"FGB" -0.586385882610835 2.88157124287961 -0.887574600133168 0.379259669638961 1 -5.87146309780173
"SeRPINA3-6" 0.910895034715812 3.94095215810859 0.856659842553151 0.395951284483889 1 -5.89756524301826
"FeTUB" 0.312888767907086 4.65955917386766 0.852138255135249 0.398430445849954 1 -5.90130786451774
"FeRMT3" -0.495027886193194 1.87093697072839 -0.8484211469293 0.400475725134932 1 -5.90437023028155
"KRT9" 0.316560212917056 3.05443713763583 0.845387941808937 0.402149512713731 1 -5.90685954605792
"AFM" 0.495927312160277 3.64994722284964 0.844834839085045 0.402455192789116 1 -5.90731253954862
"AHCY" -0.477882941065332 2.09427844707235 -0.841863955749243 0.404099552329482 1 -5.90974078853208
"RPS27A" -0.472196978653658 1.5498931349851 -0.835866410436055 0.40743176415442 1 -5.91461760538973
"VTN" 0.339195477311605 1.52379352816746 0.835539020003856 0.407614146308022 1 -5.91488284493493
"TUBA1D" -0.81915531869715 1.92357841852992 -0.833317047383699 0.408853285894751 1 -5.91668034129558
"SeRPINA3-2" 0.444920169442242 4.82604857429141 0.828678276964293 0.411447661278862 1 -5.92041797425163
"KRT16" 0.534645916002899 2.5364333186317 0.823849313777145 0.414159092020445 1 -5.92428734342036
"PZP" -0.751593149844191 1.86308205916944 -0.818023024149848 0.417444997110552 1 -5.92892663114742
"P19823" 0.369874426245474 1.95199204990044 0.800517649301042 0.427412613671081 1 -5.94267314932766
"HBBF" -0.257388394468472 5.20161125704235 -0.799264603239371 0.428131549471835 1 -5.94364604878785
"CLU" 0.458346896371382 3.04215266023609 0.797885818839365 0.428923466410205 1 -5.94471486241137
"P08727" 0.507953618691435 1.50896968556269 0.783303585812262 0.43735256438408 1 -5.95590888883501
"KRT17" -0.939510512653503 3.29428938584638 -0.780252515531533 0.439128572164114 1 -5.95822561526683
"TLN1" -0.328148953538145 3.01286371076434 -0.777317640058159 0.440840970702494 1 -5.96044580580796
"HSPA8" -0.501291139761701 2.17635520350126 -0.76207089794531 0.44980024842754 1 -5.97184856630647
"CLeC3B" 0.428226495547223 2.59057900230815 0.752730033381616 0.455341350619837 1 -5.97872564711407
"TUBB3" -0.621443762266682 1.72331751717416 -0.738860397667082 0.463641690224931 1 -5.98878430211748
"SeRPINA3-4" 0.593084828415567 4.46456017642123 0.734538375211502 0.466245893185676 1 -5.99188143486833
"COL1A2" 0.339918134746575 1.47526700442031 0.732511797485762 0.467469873220107 1 -5.99332755597729
"ITIH1" 0.551880879166436 3.81573558691508 0.731031954186917 0.468364805267125 1 -5.99438107418668
"YWHAZ" -0.330829967817164 1.70627317267171 -0.714147477371896 0.478644683988088 1 -6.00625392424712
"F12AI" 0.395476624460005 4.20663262039804 0.704750160939942 0.484420771889955 1 -6.01274442342652
"P01024" 0.483227724277663 2.35144295118694 0.697663676273373 0.488802165851929 1 -6.01758324687447
"COL1A1" 0.392623660340411 1.41794131755679 0.667570287896111 0.507651309410589 1 -6.03759804533793
"CFH" 0.344138464940998 4.73751401127154 0.63131724930677 0.530871577020961 1 -6.06055977243405
"CPB2" 0.355784066878087 2.43628368427722 0.625389444961637 0.534720632624688 1 -6.06419451408774
"POTee" 0.299700683328204 1.55755606480302 0.617315868832795 0.539986258404713 1 -6.06909075004565
"Q7RTS7" -0.338934266633857 1.40459970723818 -0.599000449876071 0.552030141783904 1 -6.07996612173934
"BLVRB" -0.289012359922376 1.46374010893065 -0.596243009460697 0.553855109087319 1 -6.08157552151911
"LDHB" -0.367883449271365 1.70047910519436 -0.591611801066308 0.556927043406521 1 -6.08426210687047
"HSPA1B" -0.359191168487794 2.38372430703903 -0.590949773011565 0.557366873211776 1 -6.08464446716284
"HSPA1A" -0.359191168487794 2.38372430703903 -0.590949773011565 0.557366873211776 1 -6.08464446716284
"H4" -0.306781674877484 1.67480620436773 -0.583777894581212 0.562142790742797 1 -6.08875962242126
"P07900" -0.31098251465837 1.58250706049443 -0.577301131884985 0.566473276536058 1 -6.09243338574607
"HBA" -0.202866056260161 4.62559023340705 -0.569177280395619 0.571928278912343 1 -6.096984301315
"AFP" 0.174615546478199 5.82309093743856 0.566255878408366 0.573896222349852 1 -6.09860530305844
"P04272" 0.408769336614269 1.39724294874033 0.544995274604744 0.588316816412118 1 -6.11015433868756
"F2" -0.309835015247971 4.58599019856791 -0.524691329669443 0.602247807090034 1 -6.1207764100799
"KRT13" 0.259110459319194 1.73143413968201 0.49834159836487 0.620552181363951 1 -6.13396712165175
"ITIH3" 0.369365234173332 4.82083252917635 0.488473954136939 0.627470710777539 1 -6.13873390572133
"APOA2" -0.250034278831478 2.05314683389666 -0.477144090195896 0.635456306122452 1 -6.14409068724878
"PLG" -0.281441804460456 5.25419591521744 -0.476877690605858 0.635644604231245 1 -6.14421514406658
"P13647" 0.323125304585313 2.68452794778343 0.473169608195087 0.638268092349046 1 -6.14594034360838
"CFD" -0.190935539496711 1.76934998426834 -0.467819501545384 0.642061565733909 1 -6.14840599841115
"P02771" 0.198639417330854 1.46420732564624 0.462559968353749 0.645800237741286 1 -6.15080284124245
"KRT8" 0.300863678025517 1.57238229373487 0.440647681819163 0.661474999721678 1 -6.16049955184574
"GSTA1" -0.217977256775162 1.36738597748422 -0.439531438055121 0.662277686852576 1 -6.16098103114342
"KRT7" 0.300169072087112 3.03408196945055 0.432473985680835 0.667361917090005 1 -6.16399715004985
"SeRPINF2" 0.193080385417506 4.40365952530721 0.432266546380865 0.667511597745261 1 -6.16408507014977
"HSP90AA1" -0.31098251465837 2.08255886911779 -0.419441232776404 0.676792184695244 1 -6.16943961461028
"HRG" 0.247026122954696 1.89807251096587 0.415575874644295 0.679599260774616 1 -6.17102201391027
"HSPA1L" 0.251316984253478 1.53063619309499 0.411109380138238 0.68284860613738 1 -6.17283239814206
"KRT77" 0.293174971875307 1.39040619227983 0.405000798440836 0.687302386657586 1 -6.17527692080707
"SeRPINC1" 0.200336799760024 5.1272802214854 0.373195667054932 0.710669771221639 1 -6.18741730117841
"GPLD1" 0.231624397349159 1.45084976958501 0.370788160821897 0.71245040235528 1 -6.18829612656927
"CAP1" 0.231196878875178 1.51249978979974 0.356259684235423 0.723229948686328 1 -6.19347951002847
"O95678" 0.302647575798494 1.65030993373948 0.356199820432231 0.723274484459512 1 -6.19350044175523
"DSP" 0.292474702143984 1.57262262338927 0.354511491656562 0.724530917128913 1 -6.19408933518955
"PGLYRP1" -0.238383039872582 1.67253892181117 -0.345887912107593 0.73096035709649 1 -6.19705385355548
"KRT19" 0.294404483020367 2.90798190215825 0.338800228793277 0.73625935244971 1 -6.19943600620057
"F13A1" 0.145701111419798 1.67684231089571 0.338718858260677 0.736320263660981 1 -6.19946306973127
"KRT1" 0.126887787503738 3.56366728071721 0.33483003746259 0.739233289901715 1 -6.20074893512553
"KRT20" 0.181249914222379 1.38374151654103 0.334570068796334 0.739428164772522 1 -6.2008343686819
"AHSG" -0.104022374544761 6.45909865672305 -0.332972778886646 0.740625886322549 1 -6.20135783709657
"SeRPINA1" 0.104022374544762 6.48107743762678 0.324171564208793 0.747237010801548 1 -6.20419747835087
"KRT28" 0.291754803628401 1.42872685909555 0.309881127794386 0.758012209798654 1 -6.2086468775726
"CHIA" 0.152324505648261 2.39387368752129 0.307849032669917 0.759548444050779 1 -6.20926336231181
"SeRPINA3-1" 0.339813080409779 4.09238033098127 0.304784610357829 0.761866953386656 1 -6.21018538969028
"PROS1" 0.261208405662455 2.06220399064509 0.302182129538663 0.763837697274559 1 -6.21096121366814
"KRT80" 0.199631362861219 1.51598194213391 0.292864449957904 0.770906434603363 1 -6.21368456277884
"APOC3" 0.143859902543781 1.35842095604172 0.290784783866264 0.772486854179655 1 -6.21428080427027
"P13645" 0.0934475408752009 3.28286207275526 0.284792389347073 0.777046136174181 1 -6.21597515283935
"GSN" 0.104612441529229 4.75887842710271 0.279879297885331 0.780790165509272 1 -6.21733810059067
"MST1" -0.126869472499529 1.6572762956501 -0.271938361206666 0.786852637082396 1 -6.21949102930578
"CSN1S1" 0.120120297727299 1.26152104314573 0.262435246355004 0.794125278909093 1 -6.22198630318723
"RBP4" 0.17959411947492 1.84808540045016 0.256587243050488 0.798609942686233 1 -6.22347785916195
"KRT72" 0.224743374247717 1.8955809951859 0.253656258907206 0.800860221781309 1 -6.22421280991349
"F5" -0.194192966043332 4.7740174212896 -0.25141125122483 0.802584993940263 1 -6.22477005601389
"GFAP" -0.152598515035653 1.30769000984201 -0.248906729822657 0.804510314192497 1 -6.22538588761278
"eNO1" -0.161314842660312 2.92915499641106 -0.24552094386204 0.807115040083588 1 -6.22620863646115
"KRT73" 0.146368709278739 2.30143899068349 0.237249712796655 0.813487430294665 1 -6.2281712868665
"GSTA2" 0.145493875763584 1.60418294284528 0.236935543630491 0.813729729416166 1 -6.22824451251214
"C7" -0.150368949115778 3.17167040737004 -0.236836494052793 0.81380612400513 1 -6.22826757863427
"UBA52" -0.115305953382608 1.42367798513513 -0.233641451613115 0.81627136083189 1 -6.22900646184534
"CPN1" -0.14919531320346 2.26860933054171 -0.233431506787541 0.816433416463378 1 -6.22905466299565
"SeRPINA6" 0.155796091667259 1.95604734449887 0.229151350972187 0.819739009202928 1 -6.23002791764814
"KRT2" 0.148472685798283 3.15887506003387 0.219676783970236 0.827067964313248 1 -6.2321183996126
"KRT75" 0.147763272941102 3.70013749810656 0.212169325867013 0.83288637526767 1 -6.23371231224954
"COMP" 0.123665486811099 2.05421860325544 0.206097314314248 0.837599226500526 1 -6.23496100580783
"LTF" 0.195412739168472 2.33228884689584 0.205153409920926 0.838332392146623 1 -6.2351518674467
"P01023" 0.176604145955627 2.56133651287742 0.201482687798308 0.841184949756935 1 -6.23588579017992
"HBA1" -0.0935240132275257 1.88969620876951 -0.201255730808115 0.841361391541439 1 -6.23593073369669
"APOH" 0.0842384185189853 3.55010419307759 0.191610519840587 0.848867295426664 1 -6.23779400168004
"KRT6B" 0.178091128210426 2.49674812989069 0.187055679708187 0.852416839180807 1 -6.2386421557472
"UBC" -0.115305953382608 1.31940319373629 -0.18544286138893 0.853674437061773 1 -6.23893759360415
"KRT6A" 0.138314856752467 2.67428440972459 0.170045166198844 0.865699680248467 1 -6.24162953552098
"HABP2" 0.0626834949743243 1.33364828925658 0.156874254223858 0.876011496465758 1 -6.24374735058673
"IGFBP3" 0.0905584862173158 1.59150732086787 0.152261017047426 0.879628546776728 1 -6.24444882696645
"ITIH4" 0.0603275289170693 5.68496499135984 0.148771713185271 0.882366094181526 1 -6.24496550855864
"AGT" -0.0580990672039334 5.26136865827236 -0.13613734988811 0.892290329004293 1 -6.24673623800426
"TF" 0.0409002549693351 6.62833730330571 0.129721941288937 0.897336378606155 1 -6.24757529983853
"P09429" -0.0670461710989828 1.37638461910149 -0.128630400558568 0.898195364299985 1 -6.24771403278166
"APOA1" 0.0527293006293457 5.83793754773609 0.128472692887044 0.898319482225754 1 -6.24773398030152
"SeRPINF1" -0.0440993782016985 4.47146455055078 -0.127118716204441 0.899385184249108 1 -6.24790423066977
"F9" 0.061688776426392 1.40713168865363 0.123357745697054 0.902346384331705 1 -6.24836768142449
"K2C4" 0.115433313016893 1.3424470958909 0.120838206221466 0.904330930930187 1 -6.24867037539953
"CKM" 0.0495804379669016 1.43905061876519 0.112975732671244 0.910527814578203 1 -6.24957482716216
"HMGB1" -0.0670461710989832 1.57185030634935 -0.112396791245046 0.910984339724011 1 -6.24963902209796
"PFN1" 0.073498301721288 1.82158817742358 0.111518095767642 0.911677294279938 1 -6.24973582493585
"F12" 0.0598410172268664 1.5732420082278 0.107096343168069 0.915165406540761 1 -6.25021142898474
"C3" -0.0409002549693325 6.80831847634258 -0.106730623881752 0.915453981716566 1 -6.25024990477669
"IGFBP2" 0.0916264185852967 2.56489382133601 0.103547005237539 0.917966535615415 1 -6.25057928300859
"H2A1" 0.0495804379669017 1.27489937046138 0.0924536266526478 0.926728017941289 1 -6.25164911507068
"H2AJ" 0.0495804379669017 1.27489937046138 0.0924536266526478 0.926728017941289 1 -6.25164911507068
"H2AC20" 0.0495804379669017 1.27489937046138 0.0924536266526478 0.926728017941289 1 -6.25164911507068
"KRT5" 0.0564045999205027 4.75060084572523 0.0844297715744152 0.933070992835959 1 -6.25234747857987
"KRT78" 0.0495804379669016 1.39208057576647 0.0774028761426379 0.938629475273439 1 -6.25290704697209
"eeF1A1P5" 0.0329242993773917 2.0344425061276 0.0757880309619979 0.939907312065888 1 -6.25302877595895
"FGG" 0.0543264180370757 1.96575190415694 0.0741987809372473 0.94116505118247 1 -6.25314607048326
"P68104" 0.0329242993773917 1.96523511745077 0.0722891334099242 0.94267655424885 1 -6.25328372482425
"TAGLN2" 0.043588736456792 1.82556932981405 0.0677412848749192 0.946277064481709 1 -6.2535971021987
"LBP" 0.0413729282303328 1.88723308630652 0.0667133970171974 0.947090998097104 1 -6.25366511092011
"THBS1" -0.0303274449657254 3.81444994666643 -0.0655772594160712 0.94799071561071 1 -6.25373907220056
"MDH1B" 0.0495804379669017 1.47730045651038 0.0611284671694668 0.951514401628304 1 -6.2540164591857
"eeF1A1" 0.0329242993773917 2.98419675711455 0.0559921702103307 0.955583841409957 1 -6.25431248992136
"FGA" 0.0265101208419805 3.07297260030194 0.0508745251224823 0.95963969228884 1 -6.25458162558905
"PROC" -0.0252469654369654 1.70688739576248 -0.0473084758951517 0.962466511910735 1 -6.2547539261199
"JUP" 0.0361948334575238 2.00926215738103 0.0429563081479391 0.965917146631537 1 -6.25494725221798
"FMOD" 0.0192125145443411 1.25866081839479 0.0428276079918828 0.966019197454601 1 -6.25495268538898
"TGFBI" -0.026929111008454 2.39847822889881 -0.039437333046771 0.968707665797899 1 -6.25508993765465
"THBS4" -0.0236358197282727 2.59908547029237 -0.0359526997900127 0.971471341963919 1 -6.25521922124261
"P07996" 0.0184077286712068 2.092374929761 0.0325197070609486 0.97419440774111 1 -6.25533490256148
"P68032" -0.0156260299579447 2.10659978605528 -0.02623862865933 0.979177368456976 1 -6.2555165299453
"P05786" 0.0200199068829381 1.70745143626579 0.0203910948759416 0.983817143675716 1 -6.255650718742
"ACTC1" -0.0156260299579447 3.22253436347275 -0.0154629368093238 0.987727877736163 1 -6.25573767592099
"APOD" 0.00483097067576987 1.954804178567 0.0115305666678437 0.990848628436884 1 -6.2557899152759
"HBB" 0.00433946655798367 3.60913296436354 0.00677848710014953 0.994620093320888 1 -6.2558327340947
"CFB" 0.00127123492715153 4.69910009658115 0.00197327254388189 0.998433854345041 1 -6.25585343044937
"A2M" 8.88178419700125e-16 7.04890177435079 2.66762292187389e-15 0.999999999999998 1 -6.25585534673418
"ALB" 0 8.0225757952076 0 1 1 -6.25585534673418
