"logFC" "AveExpr" "t" "P.Value" "adj.P.Val" "B"
"P06733" -3.15011825207944 1.00307738353785 -6.54307782783101 3.49481928214787e-08 1.96385327615961e-05 8.68983107671
"eDIL3" -3.28504414381853 0.874239341804051 -6.3806426776382 6.22457456785929e-08 1.96385327615961e-05 8.14004342164708
"FLNA" -3.86255101098258 1.75658537855711 -6.18973844050937 1.2255812311234e-07 2.57780585612955e-05 7.49477334286157
"MYH9" -3.48401445065591 1.83979858127324 -5.518029851926 1.30724500288321e-06 0.000204671723692208 5.24191493348515
"P68366" -2.45399058183788 1.76508982753113 -5.45627381065565 1.62180446665775e-06 0.000204671723692208 5.03694611525997
"P26038" -3.05126140885351 1.1333406550057 -4.96084735327907 8.97655993497521e-06 0.000944034886494893 3.41294006345821
"H2BC18" 1.70717832905348 0.730843712997558 4.90489353315173 1.08632337631586e-05 0.00097924292922187 3.23223832057513
"TUBA1A" -3.72535323679965 1.19948842838369 -4.7911864757576 1.59780843899982e-05 0.00126027140626111 2.86703908196747
"H2BC12L" 1.70717832905348 0.477914723900764 4.57732063477469 3.27734956831539e-05 0.00187916653744199 2.18818191027673
"H2BC13" 1.70717832905348 0.477914723900764 4.57732063477469 3.27734956831539e-05 0.00187916653744199 2.18818191027673
"P11142" -2.23857975309981 1.29353643577238 -4.55422655390226 3.5395344375435e-05 0.00187916653744199 2.11555529592894
"TUBA1B" -2.55906086154008 1.66164867095912 -4.47003766309603 4.68077613955403e-05 0.00187916653744199 1.85199845165585
"O60814" 1.70717832905348 0.497880389597874 4.42899632510036 5.36053845863009e-05 0.00187916653744199 1.72422235079725
"H2BC14" 1.70717832905348 0.497880389597874 4.42899632510036 5.36053845863009e-05 0.00187916653744199 1.72422235079725
"H2BC9" 1.70717832905348 0.497880389597874 4.42899632510036 5.36053845863009e-05 0.00187916653744199 1.72422235079725
"H2BC5" 1.70717832905348 0.497880389597874 4.42899632510036 5.36053845863009e-05 0.00187916653744199 1.72422235079725
"H2BC15" 1.70717832905348 0.497880389597874 4.42899632510036 5.36053845863009e-05 0.00187916653744199 1.72422235079725
"H2BC4" 1.70717832905348 0.497880389597874 4.42899632510036 5.36053845863009e-05 0.00187916653744199 1.72422235079725
"P68371" -2.59381079026033 1.45345865388749 -4.32904908635377 7.44438327627643e-05 0.00247231886701601 1.41507766092213
"P15311" -1.91628054943115 0.776083929513556 -4.12920263649666 0.000142361014280159 0.004491490000539 0.806157024782123
"P07900" -2.35483133655196 1.26570801424459 -3.95449827425863 0.000248444513673035 0.00746516610131833 0.284859667681117
"TUBB" -2.58935374633649 1.37916446976825 -3.92016138827578 0.000276856347434138 0.00794074341958824 0.183702696785076
"eeF1A1P5" 1.44043956481703 1.86671378928113 3.87716853149542 0.000316876049587978 0.00869342553434844 0.0576741464607977
"Q13509" -2.66688591556374 0.919595553811429 -3.79294309340921 0.000412049087626921 0.00980639711275116 -0.187139435786666
"P63104" -1.30907298700152 0.884129142970355 -3.79023573880885 0.000415524988914877 0.00980639711275116 -0.194961996350968
"PYGL" -1.3641101793719 0.289094199092255 -3.78783922988019 0.000418625338206737 0.00980639711275116 -0.20188394135719
"RPL12" 0.935788295246963 0.361472331618091 3.78708312596114 0.000419608117344344 0.00980639711275116 -0.204067349405934
"SLC2A1" -0.725474847485372 0.273565477653511 -3.76968310318643 0.000442847846188235 0.009979892533742 -0.25424958092695
"KRT3" 2.25322084961342 1.58048859238809 3.74130212917677 0.000483433297303707 0.0102336627444015 -0.335836139172004
"ATIC" -2.09224957287418 0.543629985578278 -3.73922174697826 0.000486544979924 0.0102336627444015 -0.341803567382519
"P00558" -1.63867350638415 0.750630568987068 -3.65817908062305 0.000623913065581773 0.0124137734509928 -0.57285860974562
"SYNCRIP" 1.8071343714622 0.978798074633221 3.65523706782784 0.000629541601318178 0.0124137734509928 -0.581193946117486
"H4C1" 1.50115592925919 0.852768548672937 3.5224765678014 0.000940809486259749 0.0176666557424207 -0.953377953249176
"RPL30" 0.970436734412776 0.316838166991133 3.51313619345137 0.000967524533456759 0.0176666557424207 -0.979265145963939
"P62851" 1.29686100133806 0.538293948984258 3.50888384498836 0.000979925437376745 0.0176666557424207 -0.991037428391322
"P62826" 0.995517908815215 0.748294253470853 3.49614310013316 0.00101799519275596 0.0178431935174725 -1.02625929171059
"P62979" 1.19620218092007 0.649622135978336 3.4496235118841 0.00116932847254387 0.0199417909777076 -1.15422212758586
"FN1" -3.112463896461 3.63302739964173 -3.41600678699598 0.00129177798711964 0.0214503134176973 -1.24605784158132
"P46781" 1.33199128840634 0.294764093673969 3.37227216307726 0.00146941478175325 0.0228693622840835 -1.36472245221557
"P0DMV8" 2.09149464058676 0.839672292936283 3.3684571879475 0.00148596490276929 0.0228693622840835 -1.37502954508582
"P0DMV9" 2.09149464058676 0.839672292936283 3.3684571879475 0.00148596490276929 0.0228693622840835 -1.37502954508582
"RDX" -1.50357035061038 0.501332519865363 -3.30712825183862 0.00177756347212781 0.0267057750217297 -1.53973987501986
"CSTA" 1.01136347594665 0.381212035195322 3.27237842581528 0.00196605821707134 0.0288507612784189 -1.6322323877584
"DCD" 1.04549321542402 0.409362076418307 3.23578255760203 0.00218493115815937 0.0313338991090582 -1.72897364472152
"MFGe8" -0.916707622845558 0.28800563179801 -3.21504415312747 0.00231898473694781 0.0325173193114237 -1.78348907644799
"P35580" -1.50466779329211 0.441271939685429 -3.17572077884363 0.00259475546298619 0.0351487553457728 -1.88624216250474
"P68104" 1.44043956481703 1.79940580014137 3.17258169236488 0.00261805309231588 0.0351487553457728 -1.89440956639918
"P11171" 0.838289629335163 0.343269224856955 3.15617015224961 0.00274309907627583 0.0358702489949047 -1.93702458641624
"KRT13" 1.67833211747119 1.5651524960697 3.15076662745556 0.00278548684746487 0.0358702489949047 -1.95102424301426
"P08727" 2.43082976632193 1.29650660735389 3.10853311981135 0.00313866788356185 0.0394588482206023 -2.05990388095463
"LIMS1" 0.926455568286429 0.626390033840329 3.10285683548405 0.00318922545047657 0.0394588482206023 -2.07446398794771
"DYNC1H1" -1.82528706214504 0.327439591398445 -3.08107149549688 0.0033904526725394 0.0411418391610069 -2.13018173159902
"TUBA1D" -3.72535323679965 1.70209257780935 -3.06902485857371 0.00350678173929542 0.0417505524055738 -2.16088012682245
"FHL1" 1.11844369657122 0.658231571395055 3.05639022337359 0.00363280457256384 0.042449994171996 -2.19299083138664
"Q86Y46" 2.47614646372775 1.05126095261204 3.04395680432197 0.0037609550302378 0.04314841134691 -2.22450369841725
"P07195" -0.820082422785175 0.331726118496806 -2.98754350715216 0.00439740021563463 0.0494858515230195 -2.3663963974955
"POTee" -1.65236152119018 1.22222899345803 -2.9815857579893 0.00447019577941697 0.0494858515230195 -2.38127641221392
"P05089" 1.4485606523936 0.390389495787338 2.96524558946235 0.00467566813077037 0.0504710249649506 -2.42198336039812
"VTN" 0.972702327924768 1.30500717022259 2.9580628221142 0.0047687496084276 0.0504710249649506 -2.43982876366022
"Q9NY65" -2.08818400916157 0.771076784687933 -2.95112249691154 0.00486032896454597 0.0504710249649506 -2.45704361366966
"TIMP3" 1.45660795227712 0.303581002833819 2.94971259008868 0.00487913236586686 0.0504710249649506 -2.46053736522001
"P35900" 0.995393964134457 0.909107359925009 2.92681781450063 0.00519412297982549 0.0528627677462885 -2.51710957700696
"SeRPINA3-4" -3.12757212349336 4.28063114130312 -2.91130111958043 0.00541826465980305 0.053898628272734 -2.55527742381014
"LYZ" 1.22059058169207 0.618327282928133 2.90802410885211 0.00546673884224244 0.053898628272734 -2.56332018309521
"P13647" 2.04317700540152 2.44539382196407 2.87955298664649 0.00590519191705905 0.0561035001248478 -2.63293099251376
"UBB" 0.994201903904332 0.577739721944097 2.8763130058331 0.00595710698631505 0.0561035001248478 -2.64082228269635
"P0CG48" 0.994201903904332 0.577739721944097 2.8763130058331 0.00595710698631505 0.0561035001248478 -2.64082228269635
"P09429" 1.81791432086497 1.13960692870907 2.84719035429022 0.00644314340967006 0.0597885807573796 -2.7114730032896
"KRT8" 2.1249667833 1.37402142304736 2.83040880813562 0.00673966558784519 0.0616337534192799 -2.75195406948811
"P08238" -1.87946953648395 1.08591880466753 -2.78862474636033 0.00753375579483514 0.0672185192991352 -2.85200734246569
"P06396" -2.18200087419677 1.8637240805787 -2.78598249713945 0.00758676994636956 0.0672185192991352 -2.85829855106131
"KRT75" 1.91496981314811 3.74408656908985 2.78012204091812 0.0077055868722214 0.0672185192991352 -2.87223706547893
"KRT14" 1.68482824172636 2.44276934440136 2.7766655306253 0.00777646895219789 0.0672185192991352 -2.88044815602256
"KRT18" 1.47270121595466 0.340387878901831 2.76705719316676 0.00797668141079411 0.0680173779758254 -2.90323459616374
"FGA" -1.93010404370356 3.17249349353836 -2.74897087061334 0.00836651574110864 0.0703902857685273 -2.94597230602156
"Q04695" 1.81322382996919 2.00730714342483 2.73025082727758 0.00878845003330843 0.0729672627765476 -2.98999381806195
"P34931" -1.45600748210561 0.704760182144938 -2.72394398875238 0.00893495807921161 0.07322024088289 -3.00477560812588
"KRT1" 1.08505149145471 3.24960602826261 2.71142153791383 0.00923254082328591 0.0744571920665 -3.03405158097416
"H2B1" 1.70717832905348 0.855501407010386 2.70773378329235 0.00932189884826229 0.0744571920665 -3.04265434796744
"Q9BQe3" -2.3878311325071 0.969807632327124 -2.69300362020328 0.00968681636984624 0.0764047641171623 -3.07693134415148
"TBA1B" -2.55906086154008 2.81683154113251 -2.68508362759175 0.00988840531939129 0.0770318982288383 -3.09530446772059
"RPS4X" 1.26754499853169 0.513292028294379 2.67978865935077 0.0100253205265621 0.0771460640519599 -3.10756578637708
"APOH" -1.23741192394245 3.60746490795528 -2.66048148266052 0.0105394311613675 0.0801250730460591 -3.15212352873037
"P01008" -1.84551238766346 1.58182119686144 -2.62999725686428 0.0114005611622398 0.0856399296830156 -3.22199051883263
"TUBA4A" -2.45399058183788 2.94213655683537 -2.62321522827528 0.0116006959953079 0.0858471490822373 -3.23745294425835
"RPL22" 0.688777219107024 0.348742198865514 2.6198815362512 0.0117002453582764 0.0858471490822373 -3.24504256479067
"H2BC12" 1.70717832905348 0.94148834362549 2.61335146298044 0.0118975109127379 0.0862911423670989 -3.25988833674862
"CCN2" 1.88375293990646 0.732630820155657 2.60459438550198 0.0121668239951061 0.0872416584194542 -3.27975363714546
"TUBB1" -0.991161427443213 1.29215683445709 -2.53843412699072 0.0143883347759466 0.100954855015681 -3.42821440925894
"Q14CN4" 1.64692878435256 1.04825329384874 2.53813226033811 0.0143992661670543 0.100954855015681 -3.42888516344063
"SeRPINB3" 1.72589155032628 0.783301319974117 2.5305990934771 0.0146745191174697 0.100958216713297 -3.44560438867152
"SeRPINA3-2" -1.9354213355281 4.68780865363659 -2.52937378141347 0.0147197399962335 0.100958216713297 -3.44832029167778
"MYH11" -1.08256391150311 0.652544957969425 -2.51302091162979 0.0153354917241547 0.103310241621237 -3.48447044965884
"P62987" 0.994201903904332 0.600125432816278 2.51133325723155 0.0154003515924676 0.103310241621237 -3.4881910459804
"FGB" -2.19411542070176 2.91781616788423 -2.50736503763409 0.0155538398637362 0.103310241621237 -3.49693184257414
"KRT9" 0.904819227456158 2.75795260815414 2.5028068559398 0.0157318590473383 0.103404198529901 -3.50695910416566
"APOB" -2.06058138159019 1.56865439369341 -2.47054231917583 0.0170456792439053 0.110884779411384 -3.57753541207207
"P13645" 0.816959152167316 2.97643993189695 2.45072341928569 0.0179011379668542 0.115261408745765 -3.62053784068114
"TLN2" -1.61091243972768 0.966455129892931 -2.43896305774771 0.0184269081071638 0.117448272885054 -3.64592836912968
"POTeI" -1.31734786067106 0.510637212644928 -2.43246564295739 0.0187233264683297 0.118144190015161 -3.65991559757504
"P16070" -0.561617722635784 0.292146950984891 -2.40431510210523 0.0200578614512239 0.124341775308863 -3.72018061891763
"KRT84" 1.82864247187947 0.579494009436698 2.40346174159106 0.0200996213652995 0.124341775308863 -3.72199895425676
"eZR" -2.19481795436787 1.29807461408825 -2.39058577568471 0.0207392810081907 0.127053265205518 -3.74937366562832
"TUBB4B" -2.59381079026033 1.99452773543662 -2.38018803731528 0.0212691145555585 0.129046262351514 -3.77139544676235
"CLeC3B" 1.55553019443916 2.73407577761207 2.36530050288451 0.0220488959866576 0.131428703177052 -3.80279496453915
"AFM" -1.92109519034882 3.6330774368852 -2.36474737052636 0.0220783558427378 0.131428703177052 -3.80395859572276
"O00299" -0.607486817802072 0.309808546473659 -2.33280776217805 0.0238404737951482 0.140591952941481 -3.87078551430612
"HSPA1L" -2.24052758238306 1.39618597961092 -2.32628399039054 0.0242154964672599 0.140645290511786 -3.88434659191558
"SeRPINB12" 0.973262565230439 0.57571456833276 2.32490735205903 0.0242953037492625 0.140645290511786 -3.88720438125396
"TUBB5" -2.58935374633649 2.02978074745611 -2.31236470297076 0.0250333281378419 0.143600273227075 -3.91317993591709
"HSPA8" -2.23857975309981 2.18840594973386 -2.30688673612485 0.0253618899397057 0.144174347314904 -3.92448958350414
"AMY2A" -0.877996676425214 0.570364073266519 -2.28648229052238 0.0266198299517595 0.149974220531788 -3.96642750700613
"Q5XKe5" 1.56766698081918 1.3958302434628 2.27555386894398 0.0273161679504198 0.152535415723141 -3.98876640757876
"TUBB3" -2.66688591556374 1.54141251624483 -2.25051431866361 0.0289730617640024 0.160368438360399 -4.03962571973569
"P61284" 0.935788295246963 0.272669072133968 2.22754752760037 0.0305705943324344 0.167080737547942 -4.08587572189314
"KRT16" 1.50297714838379 2.30697925096178 2.22551981921419 0.0307153178376566 0.167080737547942 -4.08994063875052
"Q7RTS7" 1.62827190940443 1.14685695489893 2.16095365894733 0.0356519536588512 0.192276775715685 -4.21779841655311
"AHSG" -0.661961683008008 6.27250171719331 -2.1503334789446 0.0365276021032732 0.195329804467503 -4.23853419767089
"Q08554" 0.797288310806618 0.505329989393162 2.13681658308627 0.037669374635142 0.199742650376257 -4.26480430982723
"C7" -1.72939941776975 3.19095786669979 -2.09999717159625 0.0409396721056675 0.215274442488968 -4.33566911035352
"P50395" 0.585499543862982 0.305060164883725 2.08972892981452 0.0418948410193552 0.218476402340604 -4.35525000435689
"H4" 1.50115592925919 1.60037448391229 2.07907709139424 0.0429061846233783 0.221916413912719 -4.37547810529296
"P16403" 0.923466084093725 0.413501804493008 2.06168234773287 0.0446034975031668 0.223926321727096 -4.40832600144314
"H1-4" 0.923466084093725 0.413501804493008 2.06168234773287 0.0446034975031668 0.223926321727096 -4.40832600144314
"O95678" 1.85063474051789 1.40815289159792 2.05854191340063 0.0449160756348986 0.223926321727096 -4.41423179684132
"P11021" -1.09348670271972 0.437578763486024 -2.05601311354949 0.0451691582430275 0.223926321727096 -4.41898190682512
"P27348" -0.735574749691694 0.290054174300835 -2.0512850914046 0.0456456655665666 0.223926321727096 -4.4278499532619
"KRT7" 1.29407710974556 3.18158863035919 2.05008539168771 0.0457672680737707 0.223926321727096 -4.4300974368818
"HSP90AB1" -1.83099868750085 1.67089272268817 -2.0499706292355 0.0457789152183762 0.223926321727096 -4.43031237198511
"SeRPINA3-6" -2.81593382652476 3.76802438787071 -2.04314132329286 0.046476666178915 0.225590587376118 -4.44308463874189
"TLN1" -0.865987202365746 2.71389669310979 -2.02024978461122 0.0488832244899316 0.235291627000453 -4.48563592902138
"P04272" 2.0182949204221 1.21847887840817 2.0171146942147 0.0492210693566716 0.235291627000453 -4.49143213873898
"P14923" 1.54391406572036 0.931804160540682 2.00982201438714 0.0500147691222071 0.237288115158742 -4.50488565883537
"KPRP" 1.43135804920794 0.531270244173194 1.99322403798067 0.051862550539583 0.244218428287141 -4.53535237277009
"Q32LP2" -1.50357035061038 0.846657908552228 -1.97904346639484 0.0534875654672103 0.250004843035627 -4.56121262095623
"P16402" 0.759569430640334 0.535435086540311 1.96089516473994 0.0556310583684097 0.254523587143499 -4.59408026854797
"RPS25" 1.29686100133806 0.528543909319453 1.95855628105401 0.0559126007908977 0.254523587143499 -4.59829742604403
"BLMH" 0.526438635082395 0.34131178630279 1.95743406186779 0.05604812139353 0.254523587143499 -4.60031934089583
"LRP1" -1.06701666988301 0.614868001325349 -1.95727134276565 0.0560677949492018 0.254523587143499 -4.6006124319599
"PYGB" -0.900171309456253 0.383107542668964 -1.93819423187469 0.0584157729620883 0.260544997706796 -4.6348305235903
"Q02413" 1.30801981271163 0.973412188118829 1.93662974513177 0.058612010769764 0.260544997706796 -4.63762403020996
"eeF1A1" 1.44043956481703 3.10639466574768 1.93646309649075 0.0586329471859984 0.260544997706796 -4.63792148028525
"YWHAZ" -1.30907298700152 1.67445722854013 -1.92631487470915 0.0599200119468134 0.264222219048742 -4.65599379644351
"Q06033" -1.20946960959416 0.590504811827602 -1.92337042067599 0.0602979390539126 0.264222219048742 -4.66122220389025
"P26583" 1.25832245177848 1.11725100709765 1.90542160083938 0.0626460330008091 0.272618253955245 -4.69294551156345
"SeRPINA3-1" -3.148036151107 3.84999949266226 -1.89626731623495 0.0638733406511685 0.276055328430735 -4.70902689691897
"P09210" 0.875856596549309 0.330527392169844 1.8837454076895 0.0655852526281762 0.281525812301899 -4.73091645745287
"Q00610" -1.07179359755655 0.270744400877645 -1.86816606809269 0.0677694561280084 0.285682459341109 -4.7579764120099
"C4B" 1.82494328334338 0.648270272682259 1.86652420422841 0.0680031966534299 0.285682459341109 -4.76081690290621
"HSPA1B" -1.58808172726111 2.41794247840277 -1.86117933331023 0.0687688476643055 0.285682459341109 -4.77004881727468
"HSPA1A" -1.58808172726111 2.41794247840277 -1.86117933331023 0.0687688476643055 0.285682459341109 -4.77004881727468
"SeRPINA1" -0.695937144697016 6.29018619540095 -1.85875521287605 0.0691185022538258 0.285682459341109 -4.77422833871461
"Q0VCM4" -1.48821019668626 0.998684414612892 -1.85770761143346 0.0692700733426144 0.285682459341109 -4.77603309359537
"P05109" 0.925196414462457 0.687321161041491 1.84559372074662 0.0710432943711188 0.291092978884259 -4.79683838862728
"QSOX1" 0.445698414014248 0.805070645396471 1.81533526423257 0.0756407580740608 0.305510949494248 -4.84829090055602
"P68032" -1.33010797351378 1.87318986533482 -1.81108115329927 0.0763067794567692 0.305510949494248 -4.85546548161595
"APOA4" -1.59313461606485 2.28641850567132 -1.81009911607033 0.0764612252939069 0.305510949494248 -4.85711961185183
"CASP14" 0.916328667873948 0.43547856288609 1.80968462861778 0.0765264909174587 0.305510949494248 -4.85781753457486
"KRT19" 1.90823726219299 2.96099265043905 1.80679404053529 0.0769829492386456 0.305510949494248 -4.86268089884991
"P01024" -1.194632575445 2.16965196404416 -1.80259981347957 0.0776493341742557 0.306229561649721 -4.8697255723488
"ORM1" -0.816429204600115 3.86425014046426 -1.77982821239304 0.0813523936015862 0.318840747593794 -4.90772364946963
"F10" -1.21567254871291 1.80481524069034 -1.76584794744656 0.0836982120484344 0.325925025378386 -4.93084267168908
"Q9BUF5" -0.995143236153139 0.589043054365598 -1.76294109626515 0.0841929938774596 0.325925025378386 -4.93562964702061
"HBD" -1.30517995404648 0.814906290238242 -1.75804421574752 0.0850320210089615 0.327165885711309 -4.94367814676312
"RPS4" 1.26754499853169 0.663552093265655 1.73531407752995 0.0890183571408377 0.340360369691133 -4.98077980072241
"P36955" 0.907405316264456 0.746790949493321 1.7324019039614 0.0895401289520254 0.340360369691133 -4.98550255177207
"ACO1" -0.860478935590363 0.368919030414894 -1.72602078048824 0.0906923097988921 0.342675733431742 -4.99582656179491
"ANXA5" -0.926612455156301 0.794981727204845 -1.71718938008527 0.0923071726645772 0.346701344948501 -5.01005944958365
"eHD3" 0.550091844119783 0.929085257842862 1.70837152772036 0.0939432406339512 0.350758490177652 -5.02420619200056
"RAN" 0.995517908815215 0.736928979129569 1.7029709791615 0.0949570476167858 0.352458217918776 -5.03283866907781
"P68871" 1.02732940056962 0.444238308283867 1.69187842316769 0.0970677254633046 0.357239236562713 -5.05049364171606
"AKR1A1" -0.684733970087376 0.457750447432581 -1.6902676442551 0.0973774147207396 0.357239236562713 -5.05304887045833
"FGG" -1.77945815665474 1.88977614221664 -1.68543884894087 0.0983106841306103 0.358578275644018 -5.0606960122915
"GPX3" -0.752707788828379 0.481329126730382 -1.68230391567039 0.0989205118103898 0.358728982484804 -5.06565027704216
"SeRPINA3-3" 1.84806504736441 0.50964773980268 1.6577375331534 0.103807830496072 0.374301377388695 -5.104189815374
"P05452" -0.650885097729054 0.63467875107243 -1.64201364917812 0.107038588750542 0.382650675640359 -5.12859238072464
"IGFBP5" 1.11477163761855 0.517686905947146 1.63567694000668 0.108363594580686 0.382650675640359 -5.13836794133733
"CHIA" -1.58569290513592 2.43697362564595 -1.63440633139508 0.108630883055141 0.382650675640359 -5.14032403134186
"P62258" -0.689961942680374 0.499107347535886 -1.63326801992878 0.108870797637921 0.382650675640359 -5.14207529818504
"HMGB1" 1.81791432086497 1.37648863820139 1.63191984871776 0.109155501767456 0.382650675640359 -5.14414801973534
"APOe" 0.97639134463422 3.49230270079397 1.62693796490035 0.110212836110228 0.384122529476153 -5.1517940576235
"PGLYRP1" 1.7004501766641 1.52650722953648 1.62422151789823 0.110792869040665 0.384122529476153 -5.15595436977232
"ANXA2" -0.793700956243656 1.02910085649948 -1.61550816489211 0.112670187308757 0.386001084354754 -5.1692571267895
"AGT" -0.778440268397147 5.10974841269168 -1.61527402311184 0.112720988408471 0.386001084354754 -5.16961370946695
"AHCY" -1.41317603263317 2.07720855762668 -1.61320875778643 0.113169890024769 0.386001084354754 -5.17275696923479
"GSTA2" 1.6353300285547 1.47844549928175 1.60417141125245 0.115151336866133 0.389244691715655 -5.18646909584992
"eNO1" -1.41027310531216 2.99192467694863 -1.60325144965889 0.115354607529045 0.389244691715655 -5.18786105604432
"JUP" 1.54391406572036 1.93676595742777 1.59125404290665 0.118032226135767 0.390600327227233 -5.20594827006927
"Q08380" -0.799372393271249 0.393787616540834 -1.58863643624223 0.118623062535902 0.390600327227233 -5.2098783411261
"P02675" -0.540508726139307 0.361465457081215 -1.58481441288466 0.119490047035346 0.390600327227233 -5.215606276277
"KRT5" 1.05411249287092 4.67624021226336 1.58455100293652 0.119549986776937 0.390600327227233 -5.21600058280353
"VNN1" -1.27836817785925 2.79085309958901 -1.58449957243279 0.119561692779192 0.390600327227233 -5.21607756384378
"AFP" -0.52655947071402 5.63990601640145 -1.58133807377493 0.120283055078984 0.390600327227233 -5.22080537158073
"P63267" -1.33537209614564 0.706404285464378 -1.58003157394257 0.120582184534667 0.390600327227233 -5.22275667335846
"ACTBL2" 1.00769857618618 0.466625960054164 1.57948065242958 0.120708500490191 0.390600327227233 -5.2235790583395
"FeRMT3" -1.56467591123354 1.78631223336103 -1.57301339410029 0.122199318185727 0.39311122158447 -5.23321371798351
"KRT4" 0.807090334893385 0.841445248595557 1.57072469657867 0.122730444773598 0.39311122158447 -5.23661479875067
"O43707" -0.921579156639726 0.363742985490342 -1.56540560529408 0.123972002573249 0.393159953110749 -5.24450190869339
"CLTC" -1.07179359755655 0.392360977696785 -1.56348142995364 0.124423616078453 0.393159953110749 -5.24734912154706
"HBA1" 0.935534430589219 1.70191375070829 1.55905314555704 0.125467983072397 0.393159953110749 -5.25388967942746
"C9" -1.38979940529563 2.59736352446115 -1.55857828110084 0.125580392089588 0.393159953110749 -5.25459005869902
"HSPA5" -1.09348670271972 0.826080446789921 -1.55739422954463 0.125861030948291 0.393159953110749 -5.2563355819971
"P23528" -0.452387751013007 0.716620014092231 -1.54370454074789 0.129142408489396 0.401073370909034 -5.27642984596633
"IGHG1" 1.34753013645263 0.493334150531808 1.54154782994938 0.129665558899276 0.401073370909034 -5.27958093037894
"NeFH" -0.862159823892932 0.384919047854502 -1.53278155891046 0.131809464189781 0.402973658436518 -5.292347951908
"HRG" 1.09390768228429 1.90016836831577 1.53234496224524 0.131916975688899 0.402973658436518 -5.2929820796817
"Q06830" 0.453164868160304 0.336582340418348 1.53072002094224 0.13231773161237 0.402973658436518 -5.29534076202906
"Q8N1N4" 1.10747358899044 0.896992418578169 1.52836393556116 0.13290053440453 0.402973658436518 -5.29875671017711
"PGK2" -0.535198692052096 0.431077244658023 -1.52605745426629 0.13347305010021 0.402973658436518 -5.30209612266656
"DSP" 1.23471070507545 1.36211428931009 1.52197678093091 0.134490774993588 0.404007919142679 -5.3079930811111
"IGFBP3" 1.33199128840634 1.43521702137938 1.51852405831951 0.135356710957319 0.404007919142679 -5.31297140964301
"P02771" -0.764306126410378 1.20445681963199 -1.51624853846689 0.135929830619465 0.404007919142679 -5.31624677439634
"KRT80" 1.30179792805764 1.37415635638299 1.51253401036214 0.136869532363957 0.404007919142679 -5.32158385905046
"KRT2" 1.01242685333663 2.86031237617989 1.51195313348386 0.137016948805916 0.404007919142679 -5.3224173964931
"LGALS3BP" -0.890760523097154 0.705418077214483 -1.49467647200051 0.141459464282634 0.4134655112422 -5.34707575722437
"FTH1" -0.508222965403566 0.282484824372127 -1.49056760251786 0.142532641004346 0.4134655112422 -5.35290225928612
"F12AI" -0.996080535560879 4.11224061514221 -1.48936510104222 0.142847932866994 0.4134655112422 -5.35460468138128
"KRT33B" -1.04272146770383 0.421834264019887 -1.48924379054173 0.142879770696749 0.4134655112422 -5.35477635530703
"SeRPINF1" -0.525456211658656 4.38231994384435 -1.48523127058744 0.143936020515752 0.4134655112422 -5.36044754144187
"P02765" -1.43925313049834 1.06939274474532 -1.48439867680615 0.144155962715188 0.4134655112422 -5.36162256079966
"FLG2" 0.553043692973774 0.546101704521524 1.4802348049399 0.145259900799048 0.414746594589138 -5.36748992244172
"CSRP1" 0.824554605798751 0.533260908749307 1.4530196647028 0.152640434905409 0.433651640377047 -5.4054685480187
"MSN" -1.68745875386486 1.31140299204594 -1.44841593914491 0.153917538511873 0.433651640377047 -5.4118293276812
"Q08188" 0.931149061020361 0.494699043019943 1.44606105740363 0.154574027592216 0.433651640377047 -5.41507583074326
"HSPA6" -0.810378090639315 0.711514689119529 -1.44229513614651 0.155628438840998 0.433651640377047 -5.42025757936719
"RPS27A" 1.19620218092007 1.43074905315533 1.4411205188962 0.155958466175116 0.433651640377047 -5.42187127144259
"O43505" 0.341310065290881 0.29264576963563 1.44095636521966 0.156004631324231 0.433651640377047 -5.42209669026682
"P62736" -1.33537209614564 0.638998481544567 -1.43096810650384 0.158833805919617 0.439579524277537 -5.43576846783189
"KRT76" 1.30936727556886 1.50032032286503 1.42531824028297 0.160451770131473 0.442118196301133 -5.44346330056456
"UBA52" 0.994201903904332 1.27572881511371 1.41476980383911 0.16350688676652 0.448577589346409 -5.45775493705419
"P31946" -0.475270118268002 0.416300648724564 -1.39634876262579 0.168950289910656 0.461504904474563 -5.48247873846898
"IGKC" 1.06230845123026 0.647521334386395 1.38929742032703 0.171070679423035 0.462981123303326 -5.49186373822646
"APOD" -0.776927323276538 2.04941190125326 -1.38674506571576 0.171843235838521 0.462981123303326 -5.49525000699842
"GAPDH" 0.761259480167385 3.07871804506745 1.3864001179632 0.171947852111687 0.462981123303326 -5.49570721695426
"SeRPINA6" -1.41256016960883 1.96150691123315 -1.38482685642605 0.172425616444186 0.462981123303326 -5.49779116175418
"KRT15" 1.40004964584152 0.898171136215576 1.37627907156643 0.175039296069419 0.468007609405947 -5.50907542282288
"IQGAP1" 0.915087877623194 0.787962784654897 1.37270538633484 0.17614102684866 0.468966193846011 -5.51377406596328
"TUBB6" -1.2138053069364 0.781667074279942 -1.3690384602601 0.177277035950563 0.470007603717668 -5.51858357339021
"VCL" -1.20323631189093 0.917727114954689 -1.36639123298585 0.178100634732854 0.470215483332347 -5.52204826560816
"P21291" 0.293680136248315 0.410715326481604 1.36225630817635 0.179392953102798 0.471653972532772 -5.52744765537318
"COL6A1" -0.482507091851854 0.906037327762269 -1.35591734993298 0.181388053621184 0.473403157235817 -5.53569569174784
"P37802" -0.439559594002776 0.354293361291635 -1.3553775220072 0.181558738591232 0.473403157235817 -5.53639645304046
"P35443" -0.363001994377259 0.314705057137273 -1.34015550292163 0.186422433350034 0.482870300117209 -5.55605007580735
"P00734" 1.14339908326724 0.971546688862607 1.33923391808001 0.18672005266022 0.482870300117209 -5.55723335988697
"IGF2R" -1.11381459133253 0.877479878395385 -1.3312557970497 0.189311674400521 0.487574149170321 -5.56744544601596
"SePTIN7" -0.652183192965095 0.378903709138505 -1.32560488807061 0.191163797744925 0.49034291210182 -5.57464441973947
"P61204" -0.427189639825891 0.540338427439164 -1.3091301095397 0.196641971184013 0.502130163012856 -5.59547006298918
"KRT77" 1.11198955571368 1.11212838504281 1.3070242168556 0.197350682135005 0.502130163012856 -5.59811465039104
"GSTA1" 1.03536124830759 1.18884112702396 1.29858520790127 0.200210067014943 0.507359647736663 -5.60867263019301
"P63261" -0.349988974380262 2.45979019689723 -1.29139611077522 0.202670451568734 0.50950221091582 -5.61761661112652
"P60709" -0.349988974380262 2.45979019689723 -1.29139611077522 0.202670451568734 0.50950221091582 -5.61761661112652
"MYH14" -0.501733018206186 0.505922711842503 -1.28749045408881 0.204016603202567 0.51031490577898 -5.62245625359614
"FBLN1" -0.709085730988627 1.2055395696611 -1.28268699105634 0.205681384109246 0.51031490577898 -5.62838965683837
"HBA" 0.478207755178724 4.52126570357216 1.28204317451445 0.205905288900562 0.51031490577898 -5.62918334909043
"A1BG" -0.458382820057565 4.15117798268516 -1.28111420200284 0.206228686170586 0.51031490577898 -5.63032792430389
"TPI1" -0.784721895159565 1.16634827998241 -1.27439796167308 0.208578090316179 0.513859054173684 -5.63857988243851
"PPIA" 1.04537884778553 1.35382875730019 1.27071995131131 0.209873139769364 0.513859054173684 -5.64308173515533
"P02751" -1.20946960959416 0.622009498720353 -1.2700660228788 0.210104018980682 0.513859054173684 -5.64388086546955
"P02788" 0.570071185319716 1.24423163318215 1.26294652361673 0.212629940229405 0.516253633102802 -5.652556344076
"SeRPINF2" -0.65673861082863 4.3277909011828 -1.26269551839499 0.212719405081979 0.516253633102802 -5.65286137509648
"THBS4" 0.919325205041504 2.70759369313272 1.24319584210495 0.219755529949046 0.531286357846161 -5.67638470294383
"GDI2" -0.791940764895444 0.851446839452645 -1.23482112107313 0.222829727117747 0.535620409332393 -5.68638223484007
"P0CG53" 0.994201903904332 1.03241699431888 1.22976777311318 0.224700001205332 0.535620409332393 -5.69238414328599
"BLVRB" 0.923645635617973 1.35086998416588 1.22782513144111 0.22542205367805 0.535620409332393 -5.69468529295697
"CSN1S2" 0.999603254583023 0.825354632457218 1.22527002620737 0.226374349291201 0.535620409332393 -5.69770673645015
"A2M" -0.414796312974794 6.85398639709391 -1.22478862726149 0.226554099005974 0.535620409332393 -5.69827533533323
"SeRPINA3-8" -1.13693359609506 2.76356503180944 -1.22455523672108 0.226641282554277 0.535620409332393 -5.69855092642678
"F5" -1.06625652095796 4.62038982616386 -1.21939036113918 0.228576952067959 0.538179316249559 -5.70463707027356
"KRT6A" 1.05446755421529 2.4219735959836 1.21335424979408 0.2308544880447 0.54127978353876 -5.71171923411088
"HMGB2" 1.25832245177848 1.45785418284916 1.20925360112386 0.232411195473485 0.54127978353876 -5.71651168153927
"UBC" 0.994201903904332 1.09692025673344 1.20711015598908 0.233227950461286 0.54127978353876 -5.71901066611735
"LUM" -0.69443490124696 3.19119097981736 -1.20685572132243 0.233325041398641 0.54127978353876 -5.71930702781269
"P84077" -0.427189639825891 0.497523308665411 -1.19919914326554 0.236260588027337 0.545777410305369 -5.72819780216701
"GSN" -0.464193663268077 4.6420356331314 -1.19729791950444 0.236993677375073 0.545777410305369 -5.73039724012857
"SeRPINA7" -0.808017753380647 3.61633860496395 -1.18906129221137 0.24018876878476 0.549006295625321 -5.73988785983858
"P19827" 0.8209047989079 0.489176403833407 1.18905273547083 0.240192104250045 0.549006295625321 -5.73989768722326
"P19823" 0.470415052438384 1.72378064659439 1.18696752857223 0.241005933261829 0.549006295625321 -5.74229055311328
"LDHB" -1.07377932932375 1.58525526685111 -1.17599621281184 0.245320880883675 0.55621967477701 -5.75481539759838
"PFN1" 1.12543872876011 1.79396376116169 1.17385960267851 0.246167657272937 0.55621967477701 -5.75724178918122
"ACTB" -0.349988974380264 4.58489953713887 -1.17001047658228 0.247698460558383 0.55621967477701 -5.76160245319139
"ACTG1" -0.349988974380264 4.58489953713887 -1.17001047658228 0.247698460558383 0.55621967477701 -5.76160245319139
"PARVB" -0.299688871835948 0.408945657906606 -1.15881327951604 0.252190631348591 0.563473659337648 -5.7742108336043
"LeCT2" 0.742618916129864 0.40535114520609 1.15751608479791 0.252714810764746 0.563473659337648 -5.77566411080557
"Q14533" -0.74650519514226 0.451527797045678 -1.15396767933864 0.254152672789156 0.564684283556189 -5.77963161163611
"H1-2" 0.923466084093724 1.01099196772226 1.14373650941052 0.258331314647201 0.571954594885556 -5.79100667344515
"AZGP1" 0.598149233402804 0.618569799322471 1.13685278250538 0.261170282258418 0.575834783529957 -5.79860608482344
"H1-3" 0.923466084093724 1.0433624240056 1.13507033599563 0.261909006138031 0.575834783529957 -5.80056676832319
"ITIH1" -0.940526579342977 3.80924768927212 -1.13246629274128 0.262990909792458 0.576205778052225 -5.80342596668331
"MYH10" -1.09630002431988 1.59849695958135 -1.12073169792718 0.267905741044247 0.584942984771349 -5.81623314987488
"H2AC7" 0.331982985224869 0.298618059715194 1.11575378479716 0.270010194463073 0.587504940366204 -5.82162785023744
"KRT79" -0.910244745970722 2.41563447401021 -1.09200665155659 0.280210271517378 0.607603715901943 -5.84704934342192
"GC" -0.349968828256868 4.99867536177431 -1.08823675263562 0.281854065777397 0.609075053101155 -5.85103723797802
"YWHAQ" -0.735574749691694 0.514867348909609 -1.08137779668179 0.284862057193779 0.613474259690357 -5.85825916148372
"PFKL" -0.453802978961069 0.353274024389126 -1.07773211893962 0.286469948730437 0.614838563431653 -5.86208007390144
"CLU" -0.752777391102225 3.10692691815279 -1.07029487231974 0.289769644648273 0.618900793789474 -5.86983669654631
"AMY2B" -0.55330966889237 0.74822742113586 -1.06905050344737 0.290324302633414 0.618900793789474 -5.87112950500511
"KRT86" -0.74650519514226 0.501964950096177 -1.06590211303558 0.291730936669425 0.619805458041776 -5.8743940522862
"GPI" -0.869206260711907 1.05996408749265 -1.05395341899228 0.297112287269559 0.629120312976818 -5.88670003581661
"ACTC1" -1.33010797351378 3.14765073265295 -1.04012960095704 0.303423046865734 0.640334256094576 -5.90077199614909
"KRT6C" 1.04070301565637 2.16427141361773 1.03362331143728 0.30642482476677 0.644513548092772 -5.90733364876107
"H2AC6" 0.242994597018488 0.321811550347599 1.03019674541325 0.308013854935265 0.645703463336055 -5.91077354970254
"RAB1B" -0.556739282285308 0.359511205731281 -1.02419685161182 0.310809754210523 0.646780211605895 -5.91677048241484
"CLIC1" -0.502101945164661 0.656642505144377 -1.02077767595993 0.312410761607641 0.646780211605895 -5.92017298048224
"TG" -0.826711168411553 0.830439203374032 -1.01636467635511 0.314485388603431 0.646780211605895 -5.92454835776457
"H2AC4" 0.242994597018489 0.328575956505916 1.01224547411066 0.31643030612216 0.646780211605895 -5.92861606557085
"H2AC25" 0.242994597018489 0.328575956505916 1.01224547411066 0.31643030612216 0.646780211605895 -5.92861606557085
"AMY1A" -0.55330966889237 0.755503261094872 -1.00914618060537 0.317899019446611 0.646780211605895 -5.93166618468648
"AMY1B" -0.55330966889237 0.755503261094872 -1.00914618060537 0.317899019446611 0.646780211605895 -5.93166618468648
"AMY1C" -0.55330966889237 0.755503261094872 -1.00914618060537 0.317899019446611 0.646780211605895 -5.93166618468648
"HBG1" -0.228945975378527 0.477156268145192 -1.00683968425906 0.318995021751689 0.646780211605895 -5.93393027030405
"HBG2" -0.228945975378527 0.477156268145192 -1.00683968425906 0.318995021751689 0.646780211605895 -5.93393027030405
"ACTG2" -1.33537209614564 1.10752783647369 -1.00299503850727 0.320827585154747 0.646780211605895 -5.93769318870592
"ACTA2" -1.33537209614564 1.10752783647369 -1.00299503850727 0.320827585154747 0.646780211605895 -5.93769318870592
"UBA1" -0.419963578206455 0.371507614924474 -0.998876411731102 0.322798596735221 0.648681256496574 -5.94170895494709
"COMP" -0.91312743332892 2.11674356416753 -0.996065645707195 0.324148382900846 0.649325808287091 -5.94444042819462
"RBP4" -0.91655021158858 1.85734450256641 -0.984501744661631 0.329741420762148 0.658439356015555 -5.95560042197361
"ARG1" 0.694919338768066 0.789853158760867 0.974971083299404 0.334399223020646 0.665633784624692 -5.96470414326677
"P49747" -0.388876725632513 0.476961206766378 -0.964859765254015 0.339388386548926 0.673440477711863 -5.97426948105999
"YWHAe" -0.689961942680374 0.894440115061187 -0.945006559900125 0.349326908803816 0.690256647521517 -5.9927715746356
"eeF2" -0.58658881835268 0.411835233384375 -0.943574857241309 0.350050914749422 0.690256647521517 -5.99409152757152
"CTSD" 0.366112724702245 0.404874234398911 0.937214718159936 0.353279066091389 0.694451995961578 -5.99993192891345
"THBS1" -0.515015105394978 3.82406536567389 -0.928015213474308 0.357982593635011 0.701512473862397 -6.00831230879153
"P01009" 0.742618916129864 0.384859138319171 0.917001204117327 0.36366703015989 0.710445498547649 -6.01824075380689
"PRDX1" 0.566021160733976 0.546049595625712 0.912624942732941 0.365941735993664 0.712682825345686 -6.0221539235883
"KRT6B" 1.01688954368211 2.22641661277503 0.907468792546279 0.368633534771646 0.714970815833114 -6.02674126120384
"COL3A1" -0.241056245020151 0.302753326489726 -0.906038059203215 0.369382703584144 0.714970815833114 -6.02800971086449
"GALK1" -0.335851425484108 0.276395954789196 -0.901373474872025 0.371831972139133 0.717510625136981 -6.03213177737595
"KRT33A" -0.614791121860822 0.335776781552413 -0.897957909608912 0.373631978892936 0.718785910614155 -6.03513705362792
"P07737" -0.200621423533438 0.41744026887899 -0.887316838297834 0.379275405212791 0.727424865316933 -6.04442916392235
"AMBP" -0.459027154004925 3.34141423414827 -0.883200017461188 0.38147316693886 0.729422934358851 -6.04799535351296
"KRT20" 0.647085856039435 1.22298441785712 0.872583568055593 0.38717783950434 0.738094310354195 -6.05711776292557
"ARF1" -0.427189639825891 0.648213854274732 -0.869486577687293 0.388852042276396 0.739053128543391 -6.05975879174022
"ITIH3" -0.690417966400599 4.69375702630809 -0.856646718809347 0.395841499623928 0.75007803682492 -6.07061120996337
"P54652" -0.456057554074687 0.339616098038885 -0.853526280513889 0.397551879420696 0.751063580582214 -6.07322500564317
"CAP1" -0.932582630997073 1.32920007249191 -0.850122647470822 0.399422714094207 0.752345470428194 -6.0760654682015
"FTL" -0.473915633472038 0.686434797671335 -0.84067272977168 0.404645501471074 0.759177434479579 -6.08389405889799
"RAP1BL" 0.428378340947982 0.558280460192407 0.839212840477206 0.405456094167382 0.759177434479579 -6.08509590073417
"PZP" -0.816120080984724 1.58382233784497 -0.836242244957942 0.407108581408781 0.760016316180298 -6.08753515765081
"CFD" -0.518466047154376 1.75420206290034 -0.833091860938874 0.408865599744587 0.760570722480102 -6.09011286855316
"LOXHD1" 0.25992337701285 0.305129942147082 0.831390804951702 0.409816237152511 0.760570722480102 -6.0915007803246
"APOA2" 0.437455606950111 2.08661494538222 0.813789318457341 0.419732186329507 0.776689177636126 -6.10570019183371
"ARF3" -0.427189639825891 0.662656135431604 -0.802585123452889 0.426119253891391 0.786202483056923 -6.11458489268742
"eIF4A1" -0.297639375065063 0.281091213558205 -0.791303276239008 0.432609304198939 0.795849769532158 -6.12341002897785
"PROC" -0.641225454217628 1.68102634411129 -0.785295835519252 0.436089118763 0.797882093820424 -6.128059656697
"CPB2" 0.621362125251929 2.49092361437449 0.784126848869252 0.436768184025196 0.797882093820424 -6.12896041445231
"FeTUB" -0.304271575389206 4.53036562922424 -0.782855445779836 0.437507455565557 0.797882093820424 -6.12993860438924
"CFB" -0.545531555345721 4.57360680274049 -0.778132308180618 0.440260271254301 0.799375091701045 -6.13355893545624
"P02790" 0.564741484058949 0.311598705911339 0.777105992963365 0.440859797007867 0.799375091701045 -6.13434279178532
"APOA1" -0.361956833015625 5.65700133956763 -0.772564296481238 0.443518630532071 0.801781494922101 -6.13779944035693
"P61981" -0.201512357047355 0.3862453650712 -0.77050339807509 0.444728245994826 0.801781494922101 -6.13936145679696
"HBB" 0.65920164483746 3.60338993350591 0.760350936609043 0.450715344963861 0.809130595645017 -6.14699689497655
"KRT27" -0.892841326752821 0.822600485886249 -0.757093617745107 0.45264617477559 0.809130595645017 -6.14942571060285
"COL1A2" -0.615538190082563 1.33481183586698 -0.757084635230145 0.45265150596306 0.809130595645017 -6.14943239433177
"ITIH4" -0.346652404227705 5.50207756163405 -0.746668508710723 0.458858114929063 0.817005085657016 -6.15713074395032
"COLeC11" -0.35056664307927 0.487477162491397 -0.745351630972144 0.459646284323678 0.817005085657016 -6.15809660527582
"K2C4" 0.883853544780115 1.07211431784201 0.737704385844949 0.464238683250874 0.822706897586423 -6.16367253703544
"YWHAB" -0.475270118268002 0.691992842911427 -0.735675083504433 0.465461747128927 0.822706897586423 -6.16514275304861
"CFL1" -0.452387751013007 0.963123840118628 -0.732310524246626 0.467493635426549 0.823990178642884 -6.16757163086072
"PKM" 0.27580051686186 1.39826985526521 0.724150192885111 0.472442732722465 0.830393772556756 -6.17341735697803
"PLeK" -0.249182996077799 0.356570434842956 -0.711056782236727 0.480445476027392 0.839568215019254 -6.18266302305064
"COL6A3" 0.349308396786927 0.260466421892031 0.709438516893663 0.481439829298919 0.839568215019254 -6.18379426625151
"HRNR" 0.24672416331139 0.465822623919104 0.709090158205038 0.481654031437354 0.839568215019254 -6.18403745522074
"P02749" -0.406400274304241 0.451919943200276 -0.695844731828996 0.489838046972928 0.849908481530805 -6.19319729421297
"RAB8A" -0.251481338326103 0.302377082886402 -0.693883242694877 0.491056528780268 0.849908481530805 -6.1945393733452
"TF" -0.220156869925622 6.43319179890424 -0.692965940764432 0.491626934641432 0.849908481530805 -6.19516573056501
"ARHGDIB" 0.260023671471098 0.279676009478865 0.687680811564589 0.494920518823057 0.853264610320626 -6.19875873361516
"BCL2L14" -0.263738141978753 0.278345186011782 -0.662433489548315 0.510820555917448 0.87827730458831 -6.21555036816019
"TUBB2A" 0.426174778951281 0.306442143454817 0.652859127991699 0.516921449417326 0.886351724408513 -6.22175693046477
"PKP1" 0.419954421725085 0.315565674847234 0.643106453832134 0.523175754480475 0.892599140643864 -6.22798782827435
"KRT10" 1.15136595965805 1.86919749840774 0.641262063027549 0.524363034235758 0.892599140643864 -6.2291558318738
"PLG" -0.435035010550255 5.08341324061474 -0.640570330145645 0.524808686495837 0.892599140643864 -6.22959303778611
"OGN" -0.400401854089137 0.903564955960522 -0.631220130699728 0.530852159170527 0.900450839883341 -6.23545726551438
"ASS1" -0.350888797535325 0.346997363117123 -0.627190510962249 0.533467876367516 0.901415330406024 -6.23795840475392
"CPN1" -0.635524775896165 2.23358421359915 -0.625944779194424 0.53427786619945 0.901415330406024 -6.23872842837052
"HGFAC" -0.171865302890736 0.363443167339019 -0.576615359337154 0.566858640573696 0.95383413920534 -6.26800842595729
"POSTN" -0.421299904367295 0.858096457429997 -0.572772791524654 0.569437240809055 0.955624731251366 -6.270189830463
"IGHA1" 0.419954421725085 0.533600844183805 0.568907521625412 0.572036886224843 0.956555358205624 -6.27236960935902
"Q14624" 0.413825491409774 0.627085872180991 0.567007834551084 0.573316677462626 0.956555358205624 -6.27343558193378
"C3" -0.220156869925625 6.60985039740058 -0.565194514280793 0.574539589159955 0.956555358205624 -6.27444981021103
"KRT24" -0.291119399581937 0.307843755544185 -0.551717873495898 0.583667953815306 0.966971490068182 -6.28188711748022
"LDHA" 0.543892817683478 1.61294037748063 0.551434330457811 0.583860757077619 0.966971490068182 -6.28204169249429
"ACTN3" -0.282100527018777 0.28601249898022 -0.549069937572813 0.585469683723203 0.96709782834906 -6.28332759933778
"O75083" -0.203735876990186 0.280586141774954 -0.54014477586248 0.591562147935395 0.97278032881614 -6.28813249328151
"ALDOB" 0.260023671471098 0.356123696946491 0.538425083308385 0.592739481329885 0.97278032881614 -6.28904935953365
"TAGLN2" -0.540048169839053 1.7896858980515 -0.535330675392711 0.594860755444121 0.97278032881614 -6.29069189037103
"CDH1" 0.331982985224869 0.600999147693407 0.530725473155079 0.598024309432903 0.97278032881614 -6.293119040947
"KRT17" 0.780434238433636 3.15566229471789 0.530460994579389 0.598206232560548 0.97278032881614 -6.29325780397234
"P63000" 0.259954047235074 0.56948871392229 0.530387889142597 0.598256523130087 0.97278032881614 -6.29329614788174
"C4A" 0.295278396132951 1.69571761681544 0.52704272407933 0.600559837146568 0.97278032881614 -6.29504510466368
"HP252" 0.260023671471098 0.395237456647379 0.526051710569029 0.601242992453715 0.97278032881614 -6.2955611375665
"F2" -0.339051367228059 4.46967325870573 -0.522835406350558 0.603462640266572 0.973874491069583 -6.29722929287851
"CORO1A" -0.252631669941238 0.546552496626269 -0.510128953745823 0.612268578764568 0.984877837307707 -6.30372064839621
"PRDX6" -0.359764882580596 0.846047017692961 -0.507927497715146 0.613800189232491 0.984877837307707 -6.30482925532539
"CDH5" -0.403465618134544 0.991980297507352 -0.506257313898515 0.614963340569313 0.984877837307707 -6.3056671607614
"PROS1" -0.64603986837137 2.03387790338065 -0.50215491601131 0.617824572248648 0.986955202756701 -6.30771368114939
"P78385" -0.324566072791733 0.434649580733642 -0.488520364280832 0.627376878354481 0.9974277661971 -6.31439700886375
"P02647" -0.344034578239123 0.803771327597334 -0.488285896156492 0.627541716608952 0.9974277661971 -6.31451034682306
"TGFBI" -0.518073881243098 2.44310842150736 -0.484624458174515 0.630118301683723 0.997589683841712 -6.31627323565796
"P12814" -0.364120915542298 0.537805322538134 -0.483302284186738 0.631049870347134 0.997589683841712 -6.31690659995623
"TUBA1C" 0.331982985224869 0.335330475246119 0.48140672275009 0.632386487379849 0.997589683841712 -6.31781164635321
"P13929" -0.263738141978753 0.395447519903641 -0.475232406847345 0.636748756560936 0.998286200500295 -6.32073518528587
"H2AZ2" 0.331982985224869 0.622406535074498 0.466335936262586 0.643057144814981 0.998286200500295 -6.32488192317654
"H2A1" 0.331982985224869 1.08487554912278 0.465904836524663 0.643363512903318 0.998286200500295 -6.32508089100148
"H2AJ" 0.331982985224869 1.08487554912278 0.465904836524663 0.643363512903318 0.998286200500295 -6.32508089100148
"H2AC20" 0.331982985224869 1.08487554912278 0.465904836524663 0.643363512903318 0.998286200500295 -6.32508089100148
"HP20" -0.259761141413017 0.680981753881348 -0.464510310352807 0.644354983809287 0.998286200500295 -6.32572326534583
"CL43" -0.312254458860495 0.940884828078096 -0.461166250894472 0.646735177502613 0.998286200500295 -6.32725589783912
"P61224" 0.151883258988402 0.922756113454085 0.460855916389364 0.646956253194275 0.998286200500295 -6.32739757231493
"FABP1" -0.312254458860495 0.585698847704855 -0.460700964328716 0.647066649769605 0.998286200500295 -6.32746827593382
"SeRPIND1" -0.234706031648778 0.688028441939677 -0.455640969296709 0.650676063674597 1 -6.32976416860208
"CD14" -0.409137581900987 0.896772712450706 -0.450496662884808 0.654354297793725 1 -6.33207254866904
"P02768" -0.175005023124063 3.23301415862248 -0.44968475014717 0.654935618575784 1 -6.33243450010242
"GGH" 0.278019409007186 0.577545365003286 0.436928694112768 0.664096941841839 1 -6.33803615744222
"H2AZ1" 0.331982985224869 0.669371869306268 0.435201831752432 0.665341191310843 1 -6.33878219975684
"GSTP1" -0.203054371907328 0.538057025454663 -0.427043433990921 0.671232338715409 1 -6.34226716857044
"RAP1A" -0.324566072791733 0.599993751912971 -0.426510267989232 0.671618067058259 1 -6.34249263955477
"ADAMTS13" -0.151113895721914 0.332982228000967 -0.422625878410363 0.674430983573163 1 -6.34412687487491
"CRYZ" 0.34625596936267 0.771489576565082 0.421337690386435 0.675364876188576 1 -6.34466556305434
"RAC1" 0.259954047235075 0.591880443610741 0.42110841480223 0.67553114729258 1 -6.34476126929658
"TUBB4A" 0.426174778951281 0.741573985655821 0.417796035397083 0.677935109310301 1 -6.3461381821705
"CSN1S1" -0.298346984682239 1.04968891000601 -0.403216301150402 0.688556312438707 1 -6.35207044613187
"UTRN" 0.18161721386789 0.277898308571694 0.402634366643235 0.688981581082908 1 -6.35230288385475
"CLeC11A" -0.0972457321979104 0.313556625083039 -0.400174238024908 0.690780523250904 1 -6.35328183025923
"IGFBP2" -0.501827832145602 2.40775523204748 -0.393988144384894 0.695311980394259 1 -6.35571709576421
"C4BPA" -0.32795274996912 1.09352212121896 -0.391984318468261 0.696782248677409 1 -6.35649785556216
"LBP" 0.331786000842512 1.85962211188047 0.387635445674791 0.699977186179725 1 -6.3581787186119
"KRT72" 0.431295772020718 1.78368945396979 0.383249578679117 0.703204856285045 1 -6.35985500708232
"CST3" 0.130095697782946 0.296271887536228 0.377544015643469 0.707411984639864 1 -6.36200731445495
"HNRNPR" 0.156360007180746 0.274976810390274 0.373421490753357 0.710457575306353 1 -6.36354248334595
"WDR1" -0.203735876990186 0.49446527816826 -0.372484612093814 0.711150379045993 1 -6.36388902681276
"ARF4" 0.148419658477021 0.30652531458429 0.366327156852846 0.715709797711992 1 -6.36614507949384
"CAPN1" -0.187493620077003 0.388832623725532 -0.365042986521253 0.716662014585039 1 -6.36661087906567
"KNG2" 0.250998691862686 4.12277039415999 0.362913293969129 0.718242190246205 1 -6.36737978427226
"DDBX" 0.252870058753272 1.09075362379658 0.356456777136447 0.723040328972823 1 -6.3696835034176
"P08697" -0.148357805407105 0.422768746850354 -0.354709284566597 0.724340914677435 1 -6.37029994527808
"HSP90B1" -0.15599233607239 0.401908665735753 -0.353964777685734 0.724895269610794 1 -6.3705616605703
"TUBB2B" 0.426174778951281 0.765486657853197 0.353794210499033 0.725022293767701 1 -6.37062154276186
"PIP" -0.119689537254586 0.463104733121213 -0.351895338019095 0.72643694121195 1 -6.37128625391043
"P01042" -0.195074770577963 0.328975594078848 -0.351513729991979 0.726721352975919 1 -6.37141940854478
"CA2" 0.158762349285666 0.345645323777982 0.351407522149318 0.726800516397282 1 -6.3714564421208
"FLNB" -0.148357805407105 0.413331594768217 -0.349867560204562 0.727948684988215 1 -6.37199215989795
"OMD" -0.189070082323711 0.579161880070687 -0.342389611524621 0.733533024251445 1 -6.37456028501818
"C4" 0.149647090887455 4.59241938916497 0.341940501365749 0.733868874902644 1 -6.3747127639393
"AOCY" 0.181083970184182 0.299076449280129 0.33456496288625 0.739391870606992 1 -6.37718836417864
"B2M" -0.163896653453391 0.513877245340613 -0.334287007742301 0.73960028404176 1 -6.37728060939205
"NCAM1" -0.171954772030718 0.308761910501216 -0.327719248470683 0.744530558915892 1 -6.37943805146202
"YWHAG" -0.201512357047355 0.468170897201404 -0.326326776099384 0.745577254234946 1 -6.37988998933981
"P08729" 0.204341960981606 0.723712998452794 0.324896425315375 0.746652926424583 1 -6.38035222631626
"C5" -0.218919258600269 0.771532167322534 -0.317523776727506 0.752205440010454 1 -6.38270272968113
"CNTN1" -0.231057954862768 0.660028748805807 -0.314940867773011 0.754153838103481 1 -6.38351349022661
"P04406" -0.157586552420704 1.46040235764334 -0.303156718824321 0.763063434978782 1 -6.38712878131574
"SeRPINA3-5" -0.262822750935819 4.1074092998534 -0.298348785854349 0.766707944869564 1 -6.38856437819958
"KLKB1" 0.214547141495855 2.45522538487941 0.291963254280171 0.77155653250301 1 -6.39043567914203
"KRT73" 0.234192611756404 2.38515311888049 0.290049363413045 0.773011569658187 1 -6.39098869403301
"PCYOX1" -0.148357805407105 0.410504855434628 -0.276348338453241 0.783451526168529 1 -6.39484172371914
"MST1" 0.192717713492101 1.60785553826297 0.272368163848171 0.786491999986629 1 -6.39592620837987
"F13A1" 0.160914713010903 1.66628805992448 0.269134935929 0.788964353621116 1 -6.39679562616802
"FAM124B" -0.148357805407105 0.542232326333978 -0.267818533912817 0.789971596929203 1 -6.39714664278865
"RGN" -0.15833610253857 1.02697867734299 -0.267646610546429 0.790103170628687 1 -6.39719235921281
"eNO3" -0.263738141978753 0.800492843654084 -0.266510696969276 0.790972645105079 1 -6.39749367632753
"ACTN1" -0.248500373378681 0.758090282966487 -0.258815882869119 0.796869579470075 1 -6.39950118808018
"FAP" 0.181083970184183 0.55780279319837 0.25671184348424 0.798484113646537 1 -6.40003990413781
"B4GALT1" -0.190985179660782 0.604090201189785 -0.255746819447972 0.79922492243377 1 -6.40028552102215
"GFAP" 0.21775491929514 1.07772854627193 0.255637816585334 0.799308611120921 1 -6.40031320632914
"B4GAT1" 0.125149793711158 0.601513335851212 0.250730579380238 0.803078668514121 1 -6.40154738780444
"KRT35" 0.260023671471098 1.03842056043664 0.247256801004455 0.805750314905224 1 -6.40240662900918
"P12259" 0.155617659559275 0.759135697267659 0.24329431145628 0.808800679096197 1 -6.40337215471958
"SeRPINA5" 0.116492160286438 4.39741935957571 0.242380935727364 0.809504231872035 1 -6.40359250712789
"S100A9" 0.134662413189704 0.734901277775447 0.241528434159194 0.810161037925954 1 -6.40379742767055
"THBS3" 0.0779045441114036 0.323629307052341 0.241355395293783 0.810294371799703 1 -6.40383893405161
"TTR" -0.111304218478298 3.61322770476154 -0.237483508798456 0.8132793039482 1 -6.40475991246998
"ILK" -0.149004802517181 0.589892980239292 -0.237363652579201 0.813371748930904 1 -6.40478818473259
"KRT31" -0.174412452265827 0.616384676505695 -0.234487661740546 0.815590798877957 1 -6.40546231725435
"KNG1" -0.116383685646807 4.54464354662345 -0.234307264808995 0.815730040146141 1 -6.40550432905085
"ACe" -0.106403974110512 0.353554485651329 -0.234130052928584 0.815866828841042 1 -6.40554556768662
"PGK1" -0.202528739537719 1.44964417635107 -0.228451134536955 0.820253389804528 1 -6.40685061410028
"ITIH2" -0.0734495401600949 0.271640739549629 -0.21221258514008 0.832828082332628 1 -6.41040587625439
"F9" -0.188020748619884 1.26479360370761 -0.210493263609071 0.834162125766725 1 -6.41076699373617
"P05786" -0.267574869443924 1.54148494534518 -0.209962839247242 0.834573788331429 1 -6.41087780951976
"CFH" -0.129260125720077 4.64711187182647 -0.207559347355717 0.836439723568751 1 -6.41137644746967
"CTSC" -0.117535639500687 0.512298981811556 -0.204767538878621 0.838608317007892 1 -6.4119484530164
"LTF" 0.208930358955594 2.26415786302272 0.193645773896959 0.847259761330036 1 -6.41415039592172
"RAP1B" 0.151883258988403 1.39753022001263 0.191893828305716 0.848624333020579 1 -6.41448606510133
"AOCX" 0.172306161979179 0.648107272474439 0.184713616590945 0.854221767421715 1 -6.41582995431782
"PeBP1" -0.111752389136649 0.681304612077119 -0.183382717071315 0.855260129510658 1 -6.41607343173724
"PGAM1" -0.0753646374971652 0.402911325504952 -0.179539344058853 0.858260157297844 1 -6.41676667627684
"HNRNPK" -0.100081694117331 0.431388864781368 -0.179288579739996 0.858455970670305 1 -6.41681139808134
"CCDC168" 0.153021902261599 0.497858398849557 0.178870014289918 0.858782834264482 1 -6.41688590681752
"HABP2" -0.111920113231443 1.13805930585204 -0.177264668519343 0.860036702099665 1 -6.41717006136001
"AOC3" 0.133672243806006 0.499763080736666 0.174115000170285 0.862497829740447 1 -6.41772013505736
"CATHL1" 0.0961270180177078 0.572803420151975 0.172416216280441 0.863825820110676 1 -6.41801273058082
"P00742" 0.0516328239145175 0.369009306496356 0.168491235989679 0.866895606145069 1 -6.41867780458247
"LPA" -0.0734495401600949 0.288490087895019 -0.167958450979665 0.867312466010866 1 -6.41876690404084
"KRT25" -0.20889168524107 0.870916214072822 -0.16077607132647 0.872935745791984 1 -6.41994052601768
"BPT2" -0.115620542163617 0.60882521501471 -0.159370883365459 0.874036689718418 1 -6.42016414631387
"HPX" 0.0833277798323717 4.43467162277725 0.155752087210929 0.87687311554893 1 -6.42073101031952
"APOM" 0.0832850010717106 0.449846401681055 0.153291774240316 0.878802451731206 1 -6.42110897731147
"TIe1" 0.0684378231015599 0.329321550699608 0.143176498683558 0.886742355013586 1 -6.42259976754814
"P00747" -0.103058966153574 1.01723332705427 -0.140815705683536 0.88859715974165 1 -6.42293307246211
"P62937" -0.0466345761571245 0.554483106393435 -0.136637096221277 0.891881704500672 1 -6.42350944948697
"ASL" 0.0684378231015599 0.347499488022769 0.132422349593285 0.89519659286449 1 -6.42407323767532
"P68133" -0.129719739636344 1.11980822651831 -0.129093572314322 0.897816005751399 1 -6.42450603872452
"CKB" 0.0568549805724242 0.278064743634779 0.127445992367738 0.899112912205819 1 -6.42471618040467
"COL2A1" 0.0725300513940949 0.598477585239702 0.127435437763927 0.899121221250715 1 -6.42471751790355
"PGM1" -0.0561892718929761 0.393637497378766 -0.117386887800727 0.907036917661439 1 -6.42594066582756
"CHAD" 0.0684378231015599 0.459959781554867 0.109991319806315 0.91286887497525 1 -6.42677677674753
"P01023" -0.0972082435641655 2.29391897658004 -0.108807180696802 0.913803115130179 1 -6.42690560154582
"DSG1" -0.0734495401600948 1.03087995997917 -0.107508403242132 0.914827941710537 1 -6.42704529544053
"HPD" -0.0531545516402503 0.415668077339158 -0.105023734618064 0.91678892505557 1 -6.42730786940768
"FLNC" -0.0376157035939646 0.271711608969947 -0.100761898494195 0.920153717489862 1 -6.4277439600903
"P35625" 0.0155388480462858 0.334972889619899 0.0968846122843505 0.923216183889315 1 -6.42812501673959
"ACTA1" -0.129719739636344 2.17781526642366 -0.0945006329292954 0.925099750828467 1 -6.42835189300829
"P00488" -0.0338009556704447 0.373297292501453 -0.093533798605617 0.925863764517492 1 -6.42844229343695
"HBBF" -0.0310994875757942 5.04709494072043 -0.0843856609722873 0.93309621218783 1 -6.42925166039622
"eRC1" 0.0155388480462858 0.453126800778874 0.0835048323493367 0.933792899115273 1 -6.42932519893254
"Q3SWY2" 0.0516856782414967 0.975216442046511 0.0751676569257833 0.940389658996361 1 -6.42998304572957
"ACTN4" -0.0423718440675232 0.364055589207912 -0.0693044481599673 0.945031456677618 1 -6.43040428949044
"COL1A1" 0.065996671704273 1.249747684195 0.0688540291870007 0.945388127025319 1 -6.43043523605892
"VASP" -0.0376157035939645 0.502140227184709 -0.0681846595982522 0.945918197205939 1 -6.43048085321028
"P80209" -0.0269456983627847 0.368808821772609 -0.0527329351416051 0.958160703706506 1 -6.43141002157939
"P23526" 0.0155388480462859 0.434848844648397 0.0508927025915152 0.959619469363539 1 -6.43150485847136
"P07996" 0.032158042613923 1.8511055360765 0.048036174518258 0.961884134193822 1 -6.43164539885378
"C1S" -0.0278651871287846 0.664569223577313 -0.0464474146818497 0.963143846659684 1 -6.43172005338464
"P02656" 0.0155388480462858 0.312947293834637 0.0447547216966574 0.964486071028527 1 -6.43179682950021
"F12" 0.0290087511603521 1.40352742793015 0.0429727286980372 0.965899218079758 1 -6.43187457689635
"TRPC4" 0.0155388480462858 0.269665615237759 0.0421642791437533 0.966540367337651 1 -6.43190880766815
"P18065" 0.0155388480462858 0.31297054960441 0.0411049126900247 0.967380542526215 1 -6.43195267858061
"THeMIS" 0.0155388480462859 0.314023317558594 0.03887752848328 0.969147184023258 1 -6.43204127927223
"HBe1" 0.0155388480462859 0.355476418673161 0.0386480283722098 0.969329220206538 1 -6.43205012790176
"P05543" 0.0155388480462858 0.424580065328214 0.0384021049667791 0.96952428493901 1 -6.43205955160594
"P02787" 0.0351598887780037 0.814725741700157 0.0383385671941905 0.969574682963818 1 -6.43206197657431
"MBL" 0.0155388480462858 0.373473500404577 0.0382312234880375 0.969659828045607 1 -6.43206606430806
"CATHL2" 0.0155388480462858 0.348458948683919 0.0370657289177565 0.970584321669575 1 -6.43210970952412
"COLGALT1" 0.0155388480462858 0.276744504294037 0.0367781325646072 0.970812455173141 1 -6.43212027155097
"Q86UX7" 0.0155388480462859 0.290262389270065 0.0365724035909863 0.970975649545609 1 -6.43212777651148
"P00338" 0.0155388480462858 0.339952528327364 0.0362299890801551 0.971247272405237 1 -6.43214017439799
"P51884" 0.0155388480462859 0.355631198281322 0.0351931743554514 0.97206975424084 1 -6.43217700344949
"P02774" -0.0271585915583591 0.817341281900046 -0.0347087571383428 0.972454042092603 1 -6.43219384412611
"MAPRe2" 0.0144629679113739 0.42282012260482 0.0344108582417226 0.972690368366704 1 -6.43220408462811
"P02649" 0.0155388480462859 0.591694934187602 0.0343840686098803 0.972711620980053 1 -6.43220500121639
"S100A12" 0.0155388480462858 0.286516449992109 0.0335392311989764 0.973381853230722 1 -6.43223354051703
"GNPTG" 0.0155388480462859 0.334506007324156 0.0333394558443469 0.97354034324658 1 -6.43224018530894
"ANG1" 0.0155388480462858 0.327357710119103 0.0331741375396591 0.97367149788061 1 -6.43224565399766
"ReG1" 0.0155388480462858 0.282004772270175 0.0323651031637027 0.974313352674041 1 -6.43227202462869
"LOX" 0.0155388480462858 0.69202037673911 0.0320661518878114 0.974550532755317 1 -6.43228160427499
"IGFBP4" 0.0155388480462858 0.316080397760248 0.0317119139388489 0.974831578831233 1 -6.43229284046548
"IGLC3" 0.0155388480462858 0.303549571080174 0.0315059435688687 0.974994993535896 1 -6.43229931632396
"P02763" 0.0155388480462859 0.32012740065791 0.0314809621380451 0.975014813611603 1 -6.43230009888906
"LYSM" 0.0155388480462858 1.03729602438514 0.0314001653111872 0.975078917303503 1 -6.43230262566975
"CD44" 0.0155388480462858 0.274022207389356 0.031347420106706 0.975120765105026 1 -6.43230427168162
"P02753" 0.0155388480462858 0.304305999228133 0.0306432613132605 0.975679448155332 1 -6.4323259812003
"GDF6" 0.0155388480462858 0.295749412812816 0.0300157685717746 0.976177314358108 1 -6.43234491150999
"Q7Z3Y7" 0.0155388480462859 0.378250244393938 0.0296379487513347 0.976477089337621 1 -6.43235612074768
"ACO2" 0.0155388480462858 0.361765483052936 0.0294509904011205 0.976625429663636 1 -6.432361614955
"Q32Le4" 0.0155388480462858 0.358614391703744 0.029363095415606 0.976695169392869 1 -6.43236418593979
"FKBP4" 0.0155388480462858 0.307773610383954 0.029299158198946 0.976745900094948 1 -6.43236605131658
"CAPNS1" 0.0155388480462858 0.739184125827107 0.0291843004637529 0.976837033700952 1 -6.43236939209323
"PRDX2" 0.0155388480462859 0.559004630605749 0.0287564407326811 0.977176520755144 1 -6.43238172143101
"RASA1" 0.0155388480462858 0.310522415542501 0.0281419686304673 0.977664083599714 1 -6.43239910972039
"CFL2" 0.0155388480462858 0.374442757648552 0.0273334938622999 0.978305594080753 1 -6.43242141575293
"CALD1" 0.0155388480462858 0.613608729397705 0.0269911494488849 0.978577242724771 1 -6.43243066519098
"PSMe4" 0.0155388480462858 0.337757591140528 0.0267925194251397 0.978734855868836 1 -6.4324359783238
"IGFBP6" 0.0155388480462858 0.599377808165143 0.0264217510752741 0.979029063250884 1 -6.4324457909727
"MPV17L" 0.0155388480462858 0.315558794847105 0.0263425190476467 0.979091934823871 1 -6.4324478701729
"GARIN1B" 0.0155388480462858 0.931787480834391 0.0262615895067008 0.979156153532476 1 -6.43244998747283
"P00751" 0.0155388480462859 0.338174304148422 0.0260505903452799 0.979323584935466 1 -6.43245547705459
"HMGCR" 0.0155388480462858 0.299332174844075 0.0258662105257599 0.979469894209697 1 -6.43246023782364
"ARHGeF9" 0.0155388480462858 0.399278493642343 0.0256236475183686 0.979662374154068 1 -6.43246644940488
"CHI3L1" 0.0155388480462858 0.759499594345939 0.0255401155301733 0.979728659204328 1 -6.43246857495465
"CATHL3" 0.0155388480462858 0.337409403174493 0.0255382529503798 0.979730137216949 1 -6.43246862227064
"SPON1" 0.0155388480462858 0.468705315670895 0.0251492828017365 0.980038798195656 1 -6.43247842785645
"MAP4" 0.0155388480462858 0.337161908363979 0.0250776244066094 0.980095661895212 1 -6.432480217884
"NACA" 0.0155388480462858 0.816083855863542 0.0248268869011916 0.980294632592666 1 -6.43248644110726
"DSC1" 0.0155388480462858 0.453335524236637 0.0246144377786734 0.98046322084667 1 -6.43249166508623
"F11" -0.0164583368122858 0.767003666770929 -0.0244989962617847 0.980554829434166 1 -6.4324944848893
"GAL3ST4" 0.0155388480462858 0.370598323564226 0.0243581329890695 0.980666611807822 1 -6.43249790769488
"KRT222" 0.0155388480462859 0.871570823600914 0.0243493822669332 0.980673555976412 1 -6.43249811967562
"ARFIP2" 0.0155388480462858 0.436516442761799 0.0243209798649343 0.980696094820155 1 -6.43249880718116
"BRN" 0.0155388480462858 0.463884710841 0.0238126427712422 0.981099490495676 1 -6.43251097624086
"RNASe4" 0.0155388480462858 0.790744822982162 0.0237521400364695 0.981147503343101 1 -6.43251240749686
"KRT40" 0.0155388480462858 0.28844792166748 0.0234954724972708 0.98135118647721 1 -6.43251843875171
"PPIe" 0.0155388480462859 0.534199470938428 0.0234651072342054 0.981375283460104 1 -6.43251914794958
"CKM" 0.0155388480462858 1.31106230670835 0.0230629384548418 0.981694434461732 1 -6.43252845431676
"MAML2" 0.0155388480462858 0.395914935966484 0.022999786023181 0.981744550914741 1 -6.43252990107784
"CATHL4" 0.0155388480462858 0.921576588262768 0.0229677835575196 0.981769947432599 1 -6.43253063270888
"TRAP1" 0.0155388480462858 0.607607333279489 0.0224171271072451 0.982206940359954 1 -6.43254306208915
"MYLK" 0.0155388480462858 0.407756496006438 0.0222875438334278 0.982309776561218 1 -6.43254594319525
"IGHG4" 0.0155388480462858 0.354738482674643 0.022171127152504 0.982402164123112 1 -6.43254851731732
"KRT71" 0.0155388480462859 2.06923573706999 0.0220377747480817 0.982507992069967 1 -6.4325514493451
"CSN2" 0.0155388480462859 0.719409121077165 0.0216674210066044 0.982801905010288 1 -6.43255949955879
"PF4" 0.0155388480462858 0.493140774575256 0.0214382580729503 0.98298377005315 1 -6.43256441244365
"IGF2" 0.0155388480462858 0.705943254415119 0.0212795638273937 0.983109711268421 1 -6.4325677839818
"P00738" 0.0155388480462858 0.333793307575117 0.0212477138312556 0.983134987771181 1 -6.43256845763255
"LASP1" 0.0155388480462858 0.588559131748599 0.0210113859223933 0.983322540709271 1 -6.43257342462089
"SeRPINA3-7" 0.0120297019834252 4.02428387310896 0.0208829845913199 0.983424442094288 1 -6.43257609998658
"POTeF" 0.0155388480462859 0.49537561069465 0.0208144948673961 0.983478796767451 1 -6.43257752032951
"THBS2" 0.0155388480462858 0.556608593747009 0.019643218928791 0.984408354381295 1 -6.43260108811544
"SPP2" 0.0155388480462858 0.907685424247359 0.0195268782997104 0.984500686798239 1 -6.43260335455697
"IGHG3" 0.0155388480462858 0.378716402118438 0.0193805117524829 0.984616849247504 1 -6.43260618681252
"APOC3" 0.0155388480462859 1.19778688740857 0.0190952242540787 0.984843265982178 1 -6.4326116460032
"IGHG2" 0.0155388480462858 0.404079427542237 0.0190567954493581 0.984873764872224 1 -6.43261237518036
"KRT78" 0.0155388480462858 1.21398713660327 0.0180666328409779 0.985659611785004 1 -6.43263065674725
"SULT1e1" -0.0101266428274721 0.516658063393535 -0.0180384439954555 0.985681984200101 1 -6.43263116292675
"TUBA8" 0.0155388480462858 0.601496485451664 0.0179982530067151 0.985713882280084 1 -6.43263188325869
"FMOD" -0.0156114703302207 1.06522880756232 -0.017512112323432 0.986099715752312 1 -6.43264046896831
"HSPA2" 0.0155388480462858 0.692878943111484 0.0174370151049455 0.986159318184311 1 -6.43264177429545
"ADORA1" 0.0155388480462858 0.406560103967575 0.0170449993286139 0.986470450748805 1 -6.4326484971765
"KRT83" 0.0155388480462858 0.457778587254636 0.0169166609964947 0.986572309955647 1 -6.43265066490376
"APCS" 0.0129301946920307 0.693876707081285 0.0168267520400731 0.9866436687781 1 -6.43265217377206
"eeF1A2" 0.0155388480462858 0.504483922437861 0.0167594420151745 0.98669709138241 1 -6.43265329811795
"HP" 0.0155388480462858 0.619022881242853 0.016756836990017 0.986699158939385 1 -6.43265334154168
"CRYZL1" 0.0155388480462858 0.725116975696209 0.0160863092168095 0.987231346601558 1 -6.43266429423758
"MDH1B" 0.0155388480462858 1.30473120409333 0.0157316964931075 0.98751279969329 1 -6.43266990584042
"KRT81" 0.0155388480462858 0.615608932666368 0.0150326372754686 0.988067641685773 1 -6.43268060183782
"UTP15" 0.0155388480462858 0.509960648013274 0.0144946391099882 0.988494653889123 1 -6.43268850251219
"KRT74" 0.0155388480462858 0.857335682092491 0.0141016608534249 0.988806565120996 1 -6.43269409156829
"KRT28" 0.0155388480462858 1.15356301224141 0.0129936764825827 0.989685994030298 1 -6.43270902255429
"SeRPINC1" -0.00818701548670209 4.95379030804966 -0.0122816014187115 0.990251188853507 1 -6.43271797377423
"S100A7" 0.00418967831808797 0.524428888572263 0.0103786998724317 0.991761601468333 1 -6.43273941960084
"CP" -0.00608337303678314 0.486714698212137 -0.00835613733073894 0.993367027271589 1 -6.43275826533435
"GAPDHS" -0.00406899509096906 0.322370115713481 -0.00762003228053341 0.993951323989985 1 -6.43276411422968
"K2CA" -0.00406899509096906 0.49157497204076 -0.00664447212184836 0.994725697638431 1 -6.43277103528388
"HSP90AA1" -0.00591056453791294 2.00619567514892 -0.00576109491253609 0.995426903358975 1 -6.43277648563437
"P08603" -0.00406899509096906 0.361869046592644 -0.00534572286339896 0.99575661799967 1 -6.43277878013726
"ADIPOQ" -0.00200309012569155 2.93752513994763 -0.00422918582124974 0.99664290796923 1 -6.43278409717249
"MAN2B1" -0.000996310614751972 0.257721982999801 -0.002193928462143 0.998258474220621 1 -6.43279059887141
"GPLD1" -0.00023922470024984 1.27736996011665 -0.000261961743701423 0.999792056347359 1 -6.43279295864611
"ALB" 0 7.83356785233269 0 1 1 -6.43279299277622
"COL10A1" 1.56125112837913e-17 0.836743477537966 3.00593794104431e-17 1 1 -6.43279299277622
"TCN2" -5.20417042793042e-17 0.440545433393437 -8.74695701127968e-17 1 1 -6.43279299277622
"P29279" 8.67361737988404e-18 0.375357173522509 3.17256894070654e-17 1 1 -6.43279299277622
