"logFC" "AveExpr" "t" "P.Value" "adj.P.Val" "B"
"ALB" -8.82451978552629 7.83356785233269 -39.7419554576927 9.66405222284477e-39 6.09801695261505e-36 68.3765688694729
"AHSG" -7.21362875163743 6.27250171719331 -20.9590573621854 5.32867278992079e-26 9.78333552613364e-24 46.6294381110302
"A2M" -7.93165020960426 6.85398639709391 -20.947625667928 5.45778078619469e-26 9.78333552613364e-24 46.6091175850975
"P13645" 7.78449746043904 2.97643993189695 20.8866857836287 6.2017974809088e-26 9.78333552613364e-24 46.500587143203
"TF" -7.30690325883365 6.43319179890424 -20.5711228844852 1.20785587785874e-25 1.52431411785773e-23 45.9329897711954
"KRT1" 8.82858878061725 3.24960602826261 19.7325392531182 7.39379920575906e-25 7.77581216472328e-23 44.3778694862565
"P63261" 5.8138353386163 2.45979019689723 19.1872543159281 2.48143936549842e-24 1.95723529953688e-22 43.3288798241038
"P60709" 5.8138353386163 2.45979019689723 19.1872543159281 2.48143936549842e-24 1.95723529953688e-22 43.3288798241038
"KRT9" 7.06985516871967 2.75795260815414 17.4912571919178 1.27835065004059e-22 8.96265844639571e-21 39.8634100016115
"AFP" -6.47649155119245 5.63990601640145 -17.3965085933944 1.60648543722714e-22 1.01369231089032e-20 39.6603187450118
"SeRPINA1" -7.20287207982546 6.29018619540095 -17.2069096358527 2.54463330050559e-22 1.45969419329002e-20 39.2507828853924
"C3" -7.42679607227064 6.60985039740058 -17.0534474986361 3.70231491457278e-22 1.94680059257952e-20 38.9162150981156
"P02768" 7.39349008930887 3.23301415862248 16.9922987153347 4.30186181107244e-22 2.08805754060516e-20 38.7821269052307
"eRC1" 3.42157368967848 0.453126800778874 16.4461285251587 1.67269818337142e-21 7.53908966933832e-20 37.5645795256455
"GC" -5.82711445600693 4.99867536177431 -16.2066244211587 3.06477313029705e-21 1.28924789681162e-19 37.0191981722672
"ACTB" -5.10624971206632 4.58489953713887 -15.268009810862 3.49568949077688e-20 1.29751768745895e-18 34.8123087220358
"ACTG1" -5.10624971206632 4.58489953713887 -15.268009810862 3.49568949077688e-20 1.29751768745895e-18 34.8123087220358
"TLN1" 6.55080404914638 2.71389669310979 13.6688883902631 2.79863677252065e-18 9.81077668589184e-17 30.7850630936579
"GSN" -5.81717053860298 4.6420356331314 -13.420225387567 5.68922097857158e-18 1.8881796064156e-16 30.1272934798938
"HBBF" -5.52240156083934 5.04709494072043 -13.4025797418484 5.98472141494642e-18 1.8881796064156e-16 30.0802867579367
"eeF1A1P5" 5.37399434573241 1.86671378928113 12.9378417914228 2.30331388685672e-17 6.92090982193613e-16 28.8264002657353
"SeRPINF1" -5.01890924717828 4.38231994384435 -12.6885469298923 4.79979685074354e-17 1.3766690058269e-15 28.1411191713532
"APOA1" -6.59908530029618 5.65700133956763 -12.5981446233977 6.27633825309052e-17 1.69310068310806e-15 27.8904153459829
"FeTUB" -5.47070634667621 4.53036562922424 -12.589503155232 6.43968564098153e-17 1.69310068310806e-15 27.8663893978353
"A1BG" -4.89548161894445 4.15117798268516 -12.2377036282756 1.84782527065374e-16 4.66391098313005e-15 26.8791596339431
"HBG1" 3.0922698992626 0.477156268145192 12.1632518075117 2.31436287772724e-16 5.32977480451743e-15 26.6679449603565
"HBG2" 3.0922698992626 0.477156268145192 12.1632518075117 2.31436287772724e-16 5.32977480451743e-15 26.6679449603565
"ITIH4" -6.3098016582352 5.50207756163405 -12.1561015595773 2.36503477854973e-16 5.32977480451743e-15 26.6476181204538
"HBA" -4.88468804948829 4.52126570357216 -11.7129924440195 9.16926999738914e-16 1.99510667874226e-14 25.3735439913065
"P23526" 3.89587298087325 0.434848844648397 11.4126494254544 2.33068661484839e-15 4.90221084656446e-14 24.4938666046992
"P35625" 1.99562706526903 0.334972889619899 11.1291081985745 5.68328365893241e-15 1.15682322218914e-13 23.6515110490032
"P68366" 5.55643731470585 1.76508982753113 11.0500610474834 7.29995569950328e-15 1.4394600144958e-13 23.4146262740574
"C4" -5.32489504498766 4.59241938916497 -10.882741442735 1.24335176481578e-14 2.37743928363261e-13 22.9102806660668
"QSOX1" 2.94004428686905 0.805070645396471 10.7106202488022 2.15833015900318e-14 4.00560685391472e-13 22.3873313341772
"P35443" 3.23704480430088 0.314705057137273 10.6890691577313 2.31325269581617e-14 4.17046414588572e-13 22.3215599642885
"AGT" -5.75267653807668 5.10974841269168 -10.6766710867381 2.40743044709846e-14 4.2196905892198e-13 22.2836930271025
"P68104" 5.37399434573241 1.79940580014137 10.5866845025562 3.21805603690359e-14 5.48809016023288e-13 22.0082063244982
"P19823" 4.65007490936801 1.72378064659439 10.4945197926841 4.33652359225021e-14 7.20091154397337e-13 21.7248818740631
"SeRPINA5" -5.6337284183691 4.39741935957571 -10.4843777366414 4.48152388733557e-14 7.25087582797114e-13 21.6936320678368
"KRT2" 7.78449746043903 2.86031237617989 10.398010423262 5.9332184481134e-14 9.35965210189889e-13 21.4269400795432
"KNG1" -5.72228576106327 4.54464354662345 -10.3040553614851 8.05967967772057e-14 1.24040436015651e-12 21.1356520707634
"SLC2A1" 2.18511572449125 0.273565477653511 10.1555142266651 1.31097594275035e-13 1.96958528541779e-12 20.6726726680778
"P35900" 3.76036428262532 0.909107359925009 9.88952879347378 3.15374232349184e-13 4.62793350261245e-12 19.8362204553052
"eHD3" 3.55394741418495 0.929085257842862 9.87195369799525 3.34307373836266e-13 4.79427165660645e-12 19.780620907892
"VTN" 3.60476224800965 1.30500717022259 9.80503295058503 4.17543269219576e-13 5.85488450839005e-12 19.5685438811412
"TUBB1" 4.26141237099639 1.29215683445709 9.76157872627341 4.82526867963217e-13 6.61900986271282e-12 19.4305214185205
"P62826" 3.08481919190734 0.748294253470853 9.68980039441655 6.13054063695474e-13 8.23057689769881e-12 19.2019986470402
"PIP" 3.61941311661566 0.463104733121213 9.51788547431077 1.09039784232404e-12 1.43341883022181e-11 18.651990885358
"ORM1" -4.83342344378983 3.86425014046426 -9.42452330650614 1.49283695472233e-12 1.92240840495875e-11 18.3517394201829
"KRT14" 6.22036167820678 2.44276934440136 9.16913919944353 3.54276587584277e-12 4.47097053531358e-11 17.5249793451802
"PKM" 3.89778865223406 1.39826985526521 9.15370380324236 3.73358420587882e-12 4.61939536060693e-11 17.4747598028994
"P16070" 2.37960603386352 0.292146950984891 9.11172565755959 4.3066913075946e-12 5.22600425979268e-11 17.3380412246099
"APOH" -4.69140933312205 3.60746490795528 -9.02182222070119 5.85109271452295e-12 6.88811347046062e-11 17.0445464557469
"HPX" -5.39511102625938 4.43467162277725 -9.01964499682748 5.89474052939577e-12 6.88811347046062e-11 17.0374272602777
"P23528" 2.94004428686905 0.716620014092231 8.97330046747493 6.90590344094699e-12 7.92295467497736e-11 16.8857596416541
"P11142" 4.87893702152738 1.29353643577238 8.87794122217734 9.57180028237906e-12 1.07853678181807e-10 16.5729256362433
"P07195" 2.69669891205859 0.331726118496806 8.78686974299302 1.30846491824644e-11 1.44849362002369e-10 16.2732208946764
"KRT13" 5.18830034541924 1.5651524960697 8.71181077557904 1.69404525254896e-11 1.84300440406619e-10 16.0255387374601
"P61224" 3.20167657928912 0.922756113454085 8.68915836437229 1.83156177608158e-11 1.95883979780929e-10 15.9506722412628
"SeRPINF2" -5.03919982958832 4.3277909011828 -8.66587984715705 1.98461910920331e-11 2.08715776317881e-10 15.873680465145
"P07737" 2.18511572449125 0.41744026887899 8.64412127240293 2.13932650250681e-11 2.21297544767507e-10 15.8016648048977
"CFH" -5.90527369378473 4.64711187182647 -8.48130627749447 3.75682221502524e-11 3.82347551238859e-10 15.2612571661899
"TUBA1B" 5.4118975048195 1.66164867095912 8.45522412584783 4.11237080331318e-11 4.11889837601685e-10 15.1744416873933
"P13647" 6.66664682598189 2.44539382196407 8.40371903582804 4.91721764106591e-11 4.84806926798842e-10 15.0028119247955
"PLG" -6.33116242793542 5.08341324061474 -8.33817602193996 6.17516353038095e-11 5.99465875026212e-10 14.7840398582168
"P63104" 3.21719291641381 0.884129142970355 8.33152416783451 6.31971507685294e-11 6.04203062650637e-10 14.761814623667
"P06733" 4.42369219708546 1.00307738353785 8.21835928354523 9.37350051236454e-11 8.82787884074929e-10 14.3830903195389
"PARVB" 2.36748908031919 0.408945657906606 8.1879621159044 1.04223589987272e-10 9.67133607087778e-10 14.2811671529711
"KRT16" 6.07342009891772 2.30697925096178 8.04372852043967 1.72569964940563e-10 1.57484258882359e-09 13.7964734583033
"FLNA" 5.60847986159738 1.75658537855711 8.03874454210514 1.75608250451731e-10 1.57484258882359e-09 13.7796942210699
"eDIL3" 4.62433912466513 0.874239341804051 8.03374205496574 1.7871193959644e-10 1.57484258882359e-09 13.7628506655434
"TTR" -4.20887691892876 3.61322770476154 -8.03217295805594 1.7969677717163e-10 1.57484258882359e-09 13.7575670462234
"LIMS1" 2.66834668201779 0.626390033840329 7.99326828131838 2.05940741092801e-10 1.78011791273367e-09 13.6265007879509
"MFGe8" 2.54447329966505 0.28800563179801 7.98176597875383 2.14414734646601e-10 1.8283202373244e-09 13.5877277853399
"Q04695" 5.9177141133053 2.00730714342483 7.96984918486634 2.23564257062609e-10 1.88092061608675e-09 13.5475467302663
"HBA1" 5.29423278887778 1.70191375070829 7.89131121400381 2.94519084713499e-10 2.44528345334497e-09 13.2824617723593
"P04406" 4.55014738540789 1.46040235764334 7.82922007931431 3.66339722156677e-10 3.00208265819303e-09 13.072566818091
"P62937" 2.98484951213381 0.554483106393435 7.8221839268808 3.75517623974173e-10 3.03784129138081e-09 13.0487642042197
"KRT5" -5.79532867069059 4.67624021226336 -7.79188128067243 4.17760444910469e-10 3.33679545238615e-09 12.9462138397946
"COL6A1" 3.0922698992626 0.906037327762269 7.77234202014635 4.47500155658075e-10 3.52965747775307e-09 12.8800554536596
"SeRPINC1" -5.73387037717426 4.95379030804966 -7.69346976400596 5.90817573822819e-10 4.60254184052097e-09 12.6127414791644
"P21291" 1.83075979946749 0.410715326481604 7.5955742871017 8.34516648968813e-10 6.42170738413806e-09 12.2804064978006
"H2AC6" 1.99562706526903 0.321811550347599 7.5674216855533 9.21740973686354e-10 7.00745246260349e-09 12.1847284195333
"P05452" 3.34537435260938 0.63467875107243 7.54852592750448 9.8536463939712e-10 7.31683944439006e-09 12.1204848782041
"P01024" 5.59303883154597 2.16965196404416 7.54845024667522 9.85628134347314e-10 7.31683944439006e-09 12.1202275312659
"SeRPINA3-7" -4.85566859849489 4.02428387310896 -7.53931226326625 1.01796914623474e-09 7.46905268923397e-09 12.0891521700463
"KRT3" 5.06453562754757 1.58048859238809 7.52148587050962 1.08415942423247e-09 7.86327122632978e-09 12.0285170711174
"O00299" 2.18511572449125 0.309808546473659 7.50518719869008 1.14845274523329e-09 8.23492820729779e-09 11.9730633113151
"FHL1" 3.06218995231429 0.658231571395055 7.48465516544796 1.23492282359261e-09 8.75546406389819e-09 11.9031860642031
"P49747" 3.36941852880735 0.476961206766378 7.47742728920827 1.2668939137187e-09 8.88233399507221e-09 11.8785819766242
"P61981" 2.18511572449125 0.3862453650712 7.47295404015571 1.28709536073791e-09 8.92480409478707e-09 11.863353437242
"THBS1" -4.63328760743766 3.82406536567389 -7.46739942196922 1.31263099510752e-09 9.00293649905268e-09 11.8444420990705
"P68371" 4.98952459306202 1.45345865388749 7.4483208897297 1.4042751937865e-09 9.52793169117506e-09 11.7794750906069
"H2AC4" 1.99562706526903 0.328575956505916 7.43555867943988 1.4691373304883e-09 9.75816479513806e-09 11.73600650341
"H2AC25" 1.99562706526903 0.328575956505916 7.43555867943988 1.4691373304883e-09 9.75816479513806e-09 11.73600650341
"ADIPOQ" -3.92936683603092 2.93752513994763 -7.42034070381737 1.55042325706332e-09 1.01908028667391e-08 11.6841630136941
"H4C1" 3.49643269970115 0.852768548672937 7.33824949815376 2.0734270466041e-09 1.34879635712081e-08 11.4043130478499
"P07996" 5.48429811614105 1.8511055360765 7.32731488359603 2.15532643706748e-09 1.38776630794855e-08 11.3670140304774
"AMBP" -4.25488939271163 3.34141423414827 -7.3224086126846 2.19312130119797e-09 1.3978379202585e-08 11.3502766083962
"P15311" 3.77675348934981 0.776083929513556 7.27898353699033 2.55800474945828e-09 1.61410099690817e-08 11.2020912160483
"SYNCRIP" 4.01416165128576 0.978798074633221 7.26214563830995 2.71535161125746e-09 1.69642264030045e-08 11.1446125471411
"F2" -5.20654821106439 4.46967325870573 -7.18115627618612 3.618950716993e-09 2.23878225727704e-08 10.8679961798753
"F12AI" -5.36237133531658 4.11224061514221 -7.17147680222531 3.74540904955974e-09 2.29451758278854e-08 10.8349209981477
"P29279" 2.17800042109696 0.375357173522509 7.12547401945536 4.40969699319779e-09 2.67549884875751e-08 10.6776867943534
"P62851" 2.94004428686905 0.538293948984258 7.11499218343629 4.57687796169476e-09 2.75048570840895e-08 10.6418516653453
"P36955" 4.1427325949401 0.746790949493321 7.074230850447 5.28963973866045e-09 3.14883271235353e-08 10.5024681658574
"P07900" 4.70149189612406 1.26570801424459 7.06174887172411 5.529397777763e-09 3.26079439043781e-08 10.4597771606173
"P02788" 3.55394741418495 1.24423163318215 7.04225688370396 5.92576999123241e-09 3.4621859856182e-08 10.3931026773959
"FLG2" 2.94004428686905 0.546101704521524 7.03833661587332 6.00886406382458e-09 3.47852589382873e-08 10.3796918663938
"P34931" 4.2033525928588 0.704760182144938 7.0335629976823 6.11162347010322e-09 3.50584946330467e-08 10.3633613505723
"P0DMV8" 4.87627278131021 0.839672292936283 7.02436809613787 6.31454536646378e-09 3.55756975557022e-08 10.3319041777449
"P0DMV9" 4.87627278131021 0.839672292936283 7.02436809613787 6.31454536646378e-09 3.55756975557022e-08 10.3319041777449
"H2BC18" 2.72546161673354 0.730843712997558 7.00383263227875 6.7924455096344e-09 3.79294966068965e-08 10.2616424291623
"P50395" 2.18511572449125 0.305060164883725 6.97562025047983 7.50863445773721e-09 4.13993125683311e-08 10.16509994191
"P00742" 2.38947033556553 0.369009306496356 6.97425905014443 7.54504111784164e-09 4.13993125683311e-08 10.1604415339876
"TUBB" 5.12684527596059 1.37916446976825 6.94237014769912 8.4504085189734e-09 4.59673084092432e-08 10.0512992112136
"ANXA2" 3.77675348934981 1.02910085649948 6.8756836468201 1.07107854469768e-08 5.77545622529673e-08 9.82300796815283
"MYH9" 4.85197735693114 1.83979858127324 6.87334046607161 1.08003777271793e-08 5.77545622529673e-08 9.81498537959713
"KNG2" -5.28027916724755 4.12277039415999 -6.82862552154948 1.26613213240452e-08 6.7136922314895e-08 9.66187946353534
"KRT6A" 6.63037842945405 2.4219735959836 6.82397935853691 1.28722126142471e-08 6.76863846632494e-08 9.64596977730528
"BLMH" 2.0475095720098 0.34131178630279 6.80942312268572 1.35559539244022e-08 7.06926192256013e-08 9.59612437568426
"CFB" -5.27261617436471 4.57360680274049 -6.72674124317241 1.81891531783543e-08 9.40766857011601e-08 9.31297559957627
"UBB" 2.57184369139346 0.577739721944097 6.65504686359026 2.34709807782929e-08 1.19437007025023e-07 9.06745364475368
"P0CG48" 2.57184369139346 0.577739721944097 6.65504686359026 2.34709807782929e-08 1.19437007025023e-07 9.06745364475368
"P62979" 2.57184369139346 0.649622135978336 6.63371291612232 2.5320742762393e-08 1.2781910946456e-07 8.99439884226556
"Q08380" 3.72638295448448 0.393787616540834 6.62380977322202 2.62282392690846e-08 1.31349356974543e-07 8.96048822865344
"DCD" 2.39119805247303 0.409362076418307 6.61940041074392 2.66426921934516e-08 1.32374321055653e-07 8.94538983832686
"POTeI" 3.99358055650512 0.510637212644928 6.59559054976713 2.89964237418751e-08 1.42943307665025e-07 8.86386414725636
"LUM" -4.23454013096453 3.19119097981736 -6.58226041680182 3.04037724195888e-08 1.48719227881865e-07 8.81822403815889
"MYH14" 2.85783534124001 0.505922711842503 6.5592401479724 3.29967578004147e-08 1.60161185938936e-07 8.73941178820327
"Q08554" 2.72684665549299 0.505329989393162 6.53668501636032 3.57515091401643e-08 1.72207650896517e-07 8.6621992882194
"P51884" 3.21719291641381 0.355631198281322 6.51721005150997 3.8314193733271e-08 1.83153456406773e-07 8.595537646696
"P05543" 2.94004428686905 0.424580065328214 6.498828501887 4.09010827277326e-08 1.94049497753378e-07 8.53262491722534
"P61204" 2.36748908031919 0.540338427439164 6.48925854989718 4.23162108185324e-08 1.99265141988761e-07 8.49987335673974
"O43505" 1.70026895038033 0.29264576963563 6.42043348931068 5.40408435721212e-08 2.52590905881544e-07 8.26439085753325
"SeRPINB12" 2.98740181619502 0.57571456833276 6.38284452203104 6.17608412795955e-08 2.86552138584006e-07 8.13583285786628
"GAPDH" -3.90691677854403 3.07871804506745 -6.36407115137747 6.6019227822575e-08 3.04073961722955e-07 8.0716416700058
"P09429" 4.50969332663877 1.13960692870907 6.31735228436151 7.79316894230839e-08 3.56339826275115e-07 7.91194737115598
"APOe" -4.22261493587259 3.49230270079397 -6.29322915152351 8.48989505027048e-08 3.85404588253286e-07 7.82952010792889
"SeRPINA3-2" -5.34650928908384 4.68780865363659 -6.2496084301286 9.91120466302114e-08 4.46712153026167e-07 7.68052868744289
"Q5XKe5" 4.80857855474834 1.3958302434628 6.24302420354411 1.01454393606992e-07 4.54026399758949e-07 7.65804640479759
"P26583" 4.59525637617743 1.11725100709765 6.22377492420632 1.08623657273236e-07 4.82686815066281e-07 7.59232935694484
"KRT75" -4.78487888731237 3.74408656908985 -6.21323631066791 1.12760379096429e-07 4.97565029439486e-07 7.55635759817231
"RPL12" 1.70026895038033 0.361472331618091 6.15445848701284 1.38884037440579e-07 6.08582136284761e-07 7.3558273052315
"P68032" 5.03097939914373 1.87318986533482 6.12700940189854 1.5307024196269e-07 6.66119466747983e-07 7.26224084371417
"P01023" 6.11783605533207 2.29391897658004 6.12487584306458 1.54231550894594e-07 6.6657608640061e-07 7.25496827935278
"KRT7" -4.24691728911806 3.18158863035919 -6.01770081887219 2.25387621627562e-07 9.67480198959128e-07 6.88999102940354
"KRT4" 3.44923432493972 0.841445248595557 6.00406822413482 2.36519667713405e-07 1.00840479950783e-06 6.84361824887009
"H2AC7" 1.99562706526903 0.298618059715194 5.99897319913725 2.40819177568275e-07 1.01984497346028e-06 6.8262901880405
"P02771" 3.36941852880735 1.20445681963199 5.97864831931109 2.58758555627529e-07 1.08851099067314e-06 6.75718360355301
"P08729" 4.20050784150733 0.723712998452794 5.97357291964007 2.63441974694602e-07 1.10087341743241e-06 6.73993127336481
"P84077" 2.36748908031919 0.497523308665411 5.94433909720512 2.92107239350483e-07 1.21262939493523e-06 6.64059569112629
"CLeC11A" 1.60720465447956 0.313556625083039 5.91554484444221 3.23371293727314e-07 1.33364239439173e-06 6.54281599867206
"RPL22" 1.73769550356672 0.348742198865514 5.9118247364098 3.27646013061977e-07 1.33991122465675e-06 6.53018787732561
"CTSD" 2.58068671169525 0.404874234398911 5.90887163874011 3.31079345646601e-07 1.33991122465675e-06 6.5201641863313
"CLeC3B" -4.34450414898674 2.73407577761207 -5.90871561911082 3.31261729075202e-07 1.33991122465675e-06 6.51963462834971
"SeRPINA7" -4.46680028741097 3.61633860496395 -5.87928979664203 3.67508585475919e-07 1.47705679895098e-06 6.41979285041721
"P01008" 4.58771812066496 1.58182119686144 5.84763222049103 4.10916667818966e-07 1.64106593287195e-06 6.31245786772961
"Q06830" 1.92718416278894 0.336582340418348 5.82247644854476 4.49012809594673e-07 1.77242673690399e-06 6.22722805539494
"P06396" 5.09823413813084 1.8637240805787 5.82221493020057 4.4942674786789e-07 1.77242673690399e-06 6.22634229989281
"F5" -5.68890010189274 4.62038982616386 -5.81908041149308 4.54417758420242e-07 1.78097891654145e-06 6.21572624076366
"P62987" 2.57184369139346 0.600125432816278 5.81057780675298 4.68235280707253e-07 1.82380532176714e-06 6.18693381983289
"P00338" 2.78504132276953 0.339952528327364 5.80799214361728 4.72519422178515e-07 1.82920095334137e-06 6.17817925439062
"Q14CN4" 4.20050784150733 1.04825329384874 5.79010210583867 5.03247223869973e-07 1.93627437964605e-06 6.11762354733667
"CSTA" 1.99562706526903 0.381212035195322 5.7753809231586 5.30014935344532e-07 2.02690560122667e-06 6.06781609202436
"THeMIS" 2.57184369139346 0.314023317558594 5.75531888982292 5.68784481977109e-07 2.15323085130164e-06 5.99997122938489
"ITIH3" -5.18553695799272 4.69375702630809 -5.75477567032 5.69872507396789e-07 2.15323085130164e-06 5.99813472775909
"KRT8" 4.82043443909225 1.37402142304736 5.74285955424848 5.94266417095443e-07 2.23203636420967e-06 5.95785621483246
"P11171" 1.70026895038033 0.343269224856955 5.72570452442212 6.31216718099571e-07 2.35679141491615e-06 5.899893638644
"KRT6C" 6.36481540359774 2.16427141361773 5.65413649440493 8.11606893025707e-07 3.01249382058365e-06 5.6584059509365
"P26038" 3.83671589316272 1.1333406550057 5.57931757524515 1.05498021344532e-06 3.87310867476159e-06 5.40654201261191
"S100A9" 3.47774807711585 0.734901277775447 5.57911078837272 1.05574436142471e-06 3.87310867476159e-06 5.40584678970149
"AMY2A" 2.38947033556553 0.570364073266519 5.56572323921519 1.10640161565536e-06 4.03548797386436e-06 5.36084823010856
"P05109" 3.08481919190734 0.687321161041491 5.50398029686838 1.37302058106214e-06 4.97917233707019e-06 5.15359724304331
"HGFAC" 1.83075979946749 0.363443167339019 5.49381916057369 1.42262513523988e-06 5.12957977335066e-06 5.11953517360433
"Q02413" 4.13220261484534 0.973412188118829 5.47216113581576 1.53435727696536e-06 5.47596766459634e-06 5.04697768884055
"Q8N1N4" 4.43297655008836 0.896992418578169 5.47184555381832 1.53604798198661e-06 5.47596766459634e-06 5.04592089502005
"P16402" 2.36748908031919 0.535435086540311 5.46663245901097 1.56424520953165e-06 5.54516138884536e-06 5.02846562364924
"P12259" 3.89587298087325 0.759135697267659 5.44782135439933 1.67032179789947e-06 5.88811762276293e-06 4.96550934148542
"P00558" 2.72546161673354 0.750630568987068 5.44198816943615 1.70463987732243e-06 5.9757097921692e-06 4.94599666620025
"Q06033" 3.82158931516496 0.590504811827602 5.43571877809265 1.74230292433629e-06 6.07399527765857e-06 4.92502995055463
"FGA" -4.24495772181589 3.17249349353836 -5.40764010114968 1.92134645382076e-06 6.66137149648847e-06 4.83119240520787
"Q7RTS7" 4.52656148138413 1.14685695489893 5.37318681095949 2.166079348672e-06 7.46883097820784e-06 4.71620175825758
"CLU" -4.21290805351511 3.10692691815279 -5.35752062972929 2.28732970544269e-06 7.84404915290401e-06 4.6639708338946
"O95678" 5.37265812357763 1.40815289159792 5.34531376566777 2.38643929089381e-06 8.1396929327243e-06 4.62329808275962
"P63267" 5.03097939914373 0.706404285464378 5.32428140295154 2.56726567576372e-06 8.70937979251026e-06 4.55327094739303
"KRT6B" 6.66664682598189 2.22641661277503 5.32120951570648 2.59478640896114e-06 8.75566964735017e-06 4.54304866304091
"P35580" 2.78504132276953 0.441271939685429 5.25748838984544 3.23618820432172e-06 1.08618870049309e-05 4.33133195196545
"KRT77" 4.96274666396003 1.11212838504281 5.21735064779174 3.71820877994035e-06 1.24137023287956e-05 4.19830311560748
"eeF1A1" -4.33052324378374 3.10639466574768 -5.20714355389893 3.85169539568109e-06 1.27916831298672e-05 4.16451580955303
"P02649" 2.58068671169525 0.591694934187602 5.10762170744229 5.42810527937791e-06 1.7932641001505e-05 3.83601493887946
"APOD" -3.17409252889473 2.04941190125326 -5.06734893312096 6.23373332044969e-06 2.04869048187696e-05 3.70358474436444
"SeRPINA3-5" -4.98688901514563 4.1074092998534 -5.06332745052812 6.32038031500593e-06 2.06640413407707e-05 3.69037727826826
"SeRPINB3" 3.82158931516496 0.783301319974117 5.0118591011536 7.53988542622085e-06 2.45240603296153e-05 3.52161471155288
"AFM" -4.51379734341888 3.6330774368852 -4.96961696497159 8.71169326197974e-06 2.81901458887652e-05 3.38349005260172
"PZP" 5.34855921723726 1.58382233784497 4.90184801234645 1.09764350533187e-05 3.53374006053269e-05 3.16265335000609
"ITIH1" -4.53777057478554 3.80924768927212 -4.88699325007513 1.15454319771872e-05 3.69805460792139e-05 3.11437498272184
"FN1" -4.96411687106003 3.63302739964173 -4.87305590255067 1.2105617915196e-05 3.83944618131258e-05 3.06912121699131
"P78385" 3.61941311661566 0.434649580733642 4.8726217680896 1.21234897344253e-05 3.83944618131258e-05 3.06771228032525
"P00734" 4.65007490936801 0.971546688862607 4.87150937733763 1.21694015255549e-05 3.83944618131258e-05 3.06410232211678
"S100A7" 2.18511572449125 0.524428888572263 4.84151977305043 1.34736768892921e-05 4.22979607818074e-05 2.96688105457633
"KRT76" 4.96274666396003 1.50032032286503 4.83189468572433 1.39207056946469e-05 4.34849766996147e-05 2.93572013267753
"P62736" 5.03097939914373 0.638998481544567 4.82197761318414 1.43965380384763e-05 4.47498300604854e-05 2.90363551466341
"LYZ" 2.26070720338587 0.618327282928133 4.81745093120874 1.46190116957829e-05 4.50995240056834e-05 2.88899770752706
"CASP14" 2.72684665549299 0.43547856288609 4.81678579152039 1.4651984819596e-05 4.50995240056834e-05 2.88684725197635
"KRT31" 3.93936591856526 0.616384676505695 4.73711387020789 1.91784761799393e-05 5.87457207259304e-05 2.62999511612402
"AZGP1" 2.78504132276953 0.618569799322471 4.73446941649643 1.935017949202e-05 5.89853297558677e-05 2.62149518629341
"P16403" 2.36748908031919 0.413501804493008 4.72752441813287 1.9808331325633e-05 5.98041007965284e-05 2.59918018610079
"H1-4" 2.36748908031919 0.413501804493008 4.72752441813287 1.9808331325633e-05 5.98041007965284e-05 2.59918018610079
"HBD" 3.84551926832445 0.814906290238242 4.6329688897383 2.7212174279783e-05 8.17661046216338e-05 2.29653570521697
"HBB" -4.47647626356799 3.60338993350591 -4.61824620895025 2.85864069580089e-05 8.54882596706331e-05 2.24961434706759
"P00488" 1.86513621618187 0.373297292501453 4.6163118709976 2.87719391776958e-05 8.56372340619154e-05 2.24345372556302
"KRT79" -4.28108434070394 2.41563447401021 -4.59373438582789 3.10266286063696e-05 9.19145664348319e-05 2.17161894465259
"APOA2" -2.72037923554894 2.08661494538222 -4.52639491843244 3.88286939876738e-05 0.000114490214515057 1.95816446766103
"P02749" 2.94004428686905 0.451919943200276 4.50253624005711 4.20295943898553e-05 0.000123351972372087 1.88283085427429
"SeRPINA3-4" -5.37875745391111 4.28063114130312 -4.47823364291059 4.55549213389291e-05 0.000132514399475084 1.80625770773611
"P68133" 5.03097939914373 1.11980822651831 4.47812366953586 4.55715129732064e-05 0.000132514399475084 1.80591157687241
"KLKB1" -3.65206526972225 2.45522538487941 -4.44517627006422 5.08175651231674e-05 0.000147091209140911 1.70236690983563
"HRG" -3.54008288976581 1.90016836831577 -4.43541536975955 5.24819483630757e-05 0.000151215111493611 1.67175059547933
"VNN1" -3.95261913343096 2.79085309958901 -4.38193707865718 6.2589677054216e-05 0.000179518573732774 1.50450144139645
"C7" -4.02567195394741 3.19095786669979 -4.37226802509263 6.46097646708339e-05 0.000184474033969666 1.47435242693992
"P02765" 4.70151548120127 1.06939274474532 4.33706808355673 7.25151320750459e-05 0.00020611283035745 1.36483357727731
"KRT71" -3.41655656897492 2.06923573706999 -4.33393635550098 7.3262497085554e-05 0.000207303298928182 1.35510796834746
"P02774" 3.77675348934981 0.817341281900046 4.31713322978635 7.74024427407782e-05 0.000218039916827817 1.30297718550391
"THBS4" -3.54622928172692 2.70759369313272 -4.28925816519097 8.47781127685097e-05 0.000237755507364132 1.21668945999503
"ADAMTS13" 1.70026895038033 0.332982228000967 4.25318527925899 9.53450843194588e-05 0.000266206850467162 1.10538857086236
"ILK" 2.92981622780781 0.589892980239292 4.17445057838407 0.000123050504307201 0.000342047877611646 0.863919712317588
"DSP" 3.77675348934981 1.36211428931009 4.1639590134909 0.000127287622199012 0.000352274077226214 0.831898528209095
"Q7Z3Y7" 2.42274971743175 0.378250244393938 4.13316618933239 0.000140558224430784 0.000387302356400981 0.738131349411809
"F10" -3.15626369000527 1.80481524069034 -4.10067138450083 0.00015601681466635 0.000428028739367249 0.639534367362919
"CPB2" -3.61064170664124 2.49092361437449 -4.07540651020995 0.000169163429729686 0.000462087117573299 0.563129148009764
"FGB" -3.88922091398755 2.91781616788423 -3.97526149466572 0.000232654207595766 0.000632779331866069 0.262525773383407
"TPI1" -2.69974327115302 1.16634827998241 -3.9215409886229 0.000275656612943002 0.000746520698570962 0.102803003657557
"P08697" 1.83075979946749 0.422768746850354 3.9150608538804 0.000281335839500703 0.00075864493472198 0.0836103153389152
"KRT73" -3.51652122111867 2.38515311888049 -3.8954439763011 0.000299225354515977 0.000803451909359921 0.0256082194100209
"eNO1" -3.82527261532944 2.99192467694863 -3.88960771069257 0.000304756350275582 0.000814835834847002 0.00838064976284869
"Q86UX7" 1.81677002617974 0.290262389270065 3.82454375237789 0.000373492934146032 0.000994405238169393 -0.182768856674493
"F13A1" -2.55157148675985 1.66628805992448 -3.81704302494382 0.000382317098819877 0.00101362222418211 -0.204696595785268
"YWHAZ" -2.86592023648212 1.67445722854013 -3.77200716979865 0.000439673619126813 0.00116081194003774 -0.335874626979425
"P14923" 3.23603669356365 0.931804160540682 3.76784393602901 0.000445375408772746 0.00117096617889834 -0.347959095545082
"CKM" -2.82535168360693 1.31106230670835 -3.75070863056709 0.000469600961941751 0.00122953612856948 -0.397621537130134
"HBe1" 1.68373166861238 0.355476418673161 3.74564313273222 0.000477001832128261 0.00124375271104518 -0.41227923770675
"KRT19" -4.41995599956842 2.96099265043905 -3.74316711558816 0.000480660056315421 0.00124813372648161 -0.419440027753061
"SeRPINA3-8" -3.76637124741876 2.76356503180944 -3.62836859395148 0.000683247754606005 0.00176692349654258 -0.748578072217587
"P00747" 2.94004428686905 1.01723332705427 3.59305760778939 0.000760533477462173 0.00195876173174951 -0.848662414700788
"C9" -3.57534571269929 2.59736352446115 -3.58624151427807 0.000776385689568245 0.00199146085413643 -0.867917618044017
"APOA4" -3.50490755052779 2.28641850567132 -3.56181568940543 0.000835829235590661 0.00213525606339153 -0.936747521191684
"HRNR" 1.37650309211931 0.465822623919104 3.5384409918799 0.00089677167162057 0.00228170534190556 -1.0023613534561
"IGFBP3" -3.45435321011562 1.43521702137938 -3.52234611316338 0.000941177711196708 0.00238507283439808 -1.04739456303869
"IGFBP2" -4.98082649324311 2.40775523204748 -3.4976376572757 0.00101345741526332 0.00255796651612461 -1.11629475314822
"CFD" -2.42939821330112 1.75420206290034 -3.49153397071296 0.00103211182011355 0.00257778646103243 -1.13327115589589
"HSPA1B" -3.33040677070807 2.41794247840277 -3.49106268514987 0.00103356572843297 0.00257778646103243 -1.13458123288511
"HSPA1A" -3.33040677070807 2.41794247840277 -3.49106268514987 0.00103356572843297 0.00257778646103243 -1.13458123288511
"BLVRB" -2.90180090362258 1.35086998416588 -3.45019579103291 0.00116734288498141 0.00289997385993414 -1.24778397908271
"TGFBI" -4.08247582821643 2.44310842150736 -3.41571987018174 0.00129287379828042 0.00319922888907822 -1.34266351546185
"LBP" -3.24509712443906 1.85962211188047 -3.39108064242942 0.00139034776665669 0.00342699000297021 -1.41011927786814
"H4" -2.70959500828324 1.60037448391229 -3.3565580631816 0.00153873027216774 0.00377797199119784 -1.50413191465247
"LOXHD1" 1.17214848104503 0.305129942147082 3.35341651392216 0.00155295513377694 0.00379811895121414 -1.51265776039238
"DSG1" -2.54872912124995 1.03087995997917 -3.33673721451207 0.00163059290431641 0.00397260279005272 -1.55784122644209
"THBS3" 1.19940959436512 0.323629307052341 3.32358456278323 0.00169439691804971 0.00410724835332469 -1.59337284705915
"JUP" -3.60434993207502 1.93676595742777 -3.32267862805381 0.00169887768655744 0.00410724835332469 -1.59581700631009
"Q08188" 2.38947033556553 0.494699043019943 3.31905200902311 0.00171692775437724 0.00413504356111465 -1.60559726709928
"KRT20" -2.74328140151165 1.22298441785712 -3.30872349888643 0.0017693351849991 0.00424505894195602 -1.63341474361589
"LTF" -3.98362194713942 2.26415786302272 -3.30239929502523 0.00180216900897944 0.00430745698737132 -1.65042084251118
"TUBA4A" -3.44749196666798 2.94213655683537 -3.29616762612658 0.00183508642708222 0.00436958315278823 -1.66715821412202
"FLNB" 1.55738213077947 0.413331594768217 3.28498550018518 0.00189558592095939 0.00449667186513299 -1.69714212913474
"P02647" 2.58068671169525 0.803771327597334 3.27606390169749 0.00194520437980918 0.0045970934968524 -1.72101871155378
"CHIA" -3.54082543122835 2.43697362564595 -3.26430298602729 0.00201249408041059 0.00473837225648912 -1.7524315157712
"TLN2" 2.40318734753112 0.966455129892931 3.25436236839409 0.00207108018211398 0.00485818436770974 -1.77892669217127
"P09210" 1.68975585528595 0.330527392169844 3.25055976088594 0.00209391480816579 0.00489355645908376 -1.7890484121525
"MYH11" 1.55738213077947 0.652544957969425 3.23357350762957 0.00219885423925374 0.00511984142055023 -1.83417027036942
"ANXA5" -1.91849463182403 0.794981727204845 -3.17998917962298 0.00256338965025809 0.00594668701953255 -1.97551656291286
"IGFBP4" -1.74065040070965 0.316080397760248 -3.17731433637157 0.00258300332557163 0.00597023845580841 -1.98253240705193
"F12" -2.3761476280441 1.40352742793015 -3.14834496391725 0.0028046829409982 0.00645895961959804 -2.05827012657114
"ACTC1" -4.48710458945116 3.14765073265295 -3.138424932343 0.00288462463584386 0.00661890234624537 -2.08410102267652
"RBP4" -3.23239042585295 1.85734450256641 -3.10548212155028 0.00316574817076298 0.00723763440489652 -2.16949662589138
"PROC" -2.82949274888983 1.68102634411129 -3.09938922799101 0.00322048616071759 0.00732359663007115 -2.1852256625621
"COMP" -3.17600106965293 2.11674356416753 -3.09871906710619 0.0032265607974006 0.00732359663007115 -2.18695445970736
"C4A" 1.93975044309425 1.69571761681544 3.09674184224445 0.00324454602074073 0.00733802343758924 -2.19205361309979
"PeBP1" -2.09906229453253 0.681304612077119 -3.08085960168246 0.003392467173694 0.00764516709500326 -2.23293461105981
"KRT17" -5.05821890931832 3.15566229471789 -3.07510362641595 0.00344762157360735 0.00774181214571614 -2.24771599324247
"C5" 2.36748908031919 0.771532167322534 3.0713213657612 0.00348432048107162 0.00779647597005743 -2.25741882678316
"KRT78" -2.94298500867196 1.21398713660327 -3.06049336480605 0.00359141996577098 0.00800772437597699 -2.28515234478102
"TAGLN2" -3.42691500430427 1.7896858980515 -3.03835110006189 0.00382010726818724 0.0084876326979794 -2.34166025813186
"TBA1B" -3.23531033087225 2.81683154113251 -3.0362542780824 0.00384245633334601 0.00850733314505731 -2.34699712292807
"HNRNPR" 1.41260722574119 0.274976810390274 3.01744973002267 0.00404842989051631 0.00893202538781746 -2.39474753026034
"PGK2" 1.17214848104503 0.431077244658023 2.98939610131243 0.00437499075938875 0.00961888212255853 -2.46560984635283
"CPN1" -3.35182285143205 2.23358421359915 -2.95276977217353 0.0048384454796638 0.0106008996446801 -2.55744491258887
"FBLN1" 1.81677002617974 1.2055395696611 2.93945552577639 0.00501798239533585 0.0109406283878129 -2.59063526980505
"P08727" 2.56927842015058 1.29650660735389 2.93871260512501 0.0050281810340186 0.0109406283878129 -2.59248420392813
"ACTA1" -4.48710458945116 2.17781526642366 -2.92374730843357 0.00523777986945065 0.0113575226722452 -2.62965994572994
"eZR" -2.9820842048087 1.29807461408825 -2.9051644608855 0.00550936871250216 0.0119055193753043 -2.67563855218392
"Q14624" 2.36748908031919 0.627085872180991 2.90138123820747 0.00556624197623892 0.0119873675324463 -2.68497415790036
"LYSM" -1.60142397823937 1.03729602438514 -2.89443922580523 0.00567202418762087 0.0121408230460365 -2.70208239420593
"APOC3" -2.63314578826759 1.19778688740857 -2.89418202557594 0.00567597907857489 0.0121408230460365 -2.70271570065711
"H2B1" -2.03700024594756 0.855501407010386 -2.88976914241012 0.00574423529269364 0.0122453123976003 -2.71357544812043
"FLNC" 1.19940959436512 0.271711608969947 2.87368832809844 0.00599947338574486 0.0127337678829719 -2.7530506838015
"CAPNS1" -1.71013855791834 0.739184125827107 -2.87280905251206 0.00601372873078548 0.0127337678829719 -2.7552046709552
"KRT24" 1.68373166861238 0.307843755544185 2.85406448045226 0.00632521089879176 0.0133485219971157 -2.80101328382485
"NeFH" 1.79206121692087 0.384919047854502 2.84964211205087 0.00640084903913612 0.0134631191456496 -2.81178994735741
"NACA" -1.96160054245354 0.816083855863542 -2.80323180845493 0.00724680758487051 0.0151918125782501 -2.92416842361386
"H2BC12" -2.03700024594756 0.94148834362549 -2.78904169331252 0.00752542150749805 0.0157236456001035 -2.95826534102469
"FGG" -3.27740276864552 1.88977614221664 -2.77651503568361 0.00777956876592643 0.0162010161429029 -2.98826189347027
"RGN" -1.83430414567555 1.02697867734299 -2.77330821723746 0.00784589293922134 0.0162853896205548 -2.995925369497
"KRT72" -3.47722792554972 1.78368945396979 -2.76366015767126 0.00804859786746974 0.0166148384726813 -3.01894323879071
"Q13509" 2.17221915167528 0.919595553811429 2.76325217812464 0.00805727507549997 0.0166148384726813 -3.01991530012658
"FKBP4" -1.62233252689156 0.307773610383954 -2.73603212351191 0.00865609737872767 0.0177915226253328 -3.0845354675517
"P13929" 1.68373166861238 0.395447519903641 2.71363217443873 0.00917935332676792 0.0188057530817875 -3.13736352389176
"P08238" 2.0406960942895 1.08591880466753 2.70818365712823 0.00931095550735649 0.019013634061948 -3.15016534141952
"HP" -2.80281739891783 0.619022881242853 -2.70341689376956 0.00942751171518443 0.0191895480396173 -3.16134986163761
"HSPA6" 1.68975585528595 0.711514689119529 2.68989545751651 0.00976547451047595 0.0198135511772036 -3.19299728392954
"HSPA8" -2.91409701122833 2.18840594973386 -2.68597953585126 0.00986540985951413 0.0199065858348636 -3.20214086629029
"H2A1" -2.13726465930046 1.08487554912278 -2.68277772072343 0.0099478180936258 0.0199065858348636 -3.20960974230961
"H2AJ" -2.13726465930046 1.08487554912278 -2.68277772072343 0.0099478180936258 0.0199065858348636 -3.20960974230961
"H2AC20" -2.13726465930046 1.08487554912278 -2.68277772072343 0.0099478180936258 0.0199065858348636 -3.20960974230961
"Q14533" 1.93975044309425 0.451527797045678 2.68195609490873 0.00996906675723754 0.0199065858348636 -3.21152529169354
"P31946" 1.01703623853718 0.416300648724564 2.67260524319135 0.0102138493588187 0.0203310376826959 -3.23329551436435
"AHCY" -2.60866201494255 2.07720855762668 -2.66352707466917 0.0104567589608114 0.0207491034725534 -3.25437716971922
"CL43" -1.99910434582307 0.940884828078096 -2.64076238541076 0.0110893664821798 0.0219353926340296 -3.30700835438974
"GARIN1B" -1.72421174080293 0.931787480834391 -2.60638027586174 0.0121114532123947 0.0238518350442332 -3.38586028198658
"P00751" 1.73769550356672 0.338174304148422 2.60565804711315 0.0121338178275734 0.0238518350442332 -3.38750835278134
"PLeK" 1.01703623853718 0.356570434842956 2.59577652848972 0.0124436226313035 0.0243848629824612 -3.41002280166357
"RAC1" -1.79030577109835 0.591880443610741 -2.59399743048773 0.0125001620408424 0.024419821200531 -3.41406954597677
"COL3A1" 0.75910467683488 0.302753326489726 2.55196500448926 0.0139060280599077 0.0270824188450672 -3.50906746654324
"P27348" 1.01703623853718 0.290054174300835 2.53676730820533 0.0144487890235295 0.0280528796118372 -3.54312639017589
"CSN2" -2.00149105550986 0.719409121077165 -2.49624408778064 0.0159914129816062 0.0309527042680783 -3.63318186396421
"S100A12" -1.29031849455087 0.286516449992109 -2.49101417703088 0.016201025368322 0.031262529074652 -3.64472339930977
"RAN" -1.62233252689156 0.736928979129569 -2.48223582367143 0.0165584593644315 0.0318548410334033 -3.66405389753962
"KRT86" 1.93975044309425 0.501964950096177 2.47728140035104 0.0167633294869469 0.0321509450038404 -3.67494065336546
"HSP90AA1" -2.82949274888983 2.00619567514892 -2.46677560692694 0.017205362175553 0.0328987379781028 -3.69797035729502
"RPL30" 0.75910467683488 0.316838166991133 2.4579577826076 0.0175844802738103 0.0334685638867872 -3.71724147534461
"MYH10" -2.68754431832703 1.59849695958135 -2.45738305772724 0.0176094504126995 0.0334685638867872 -3.71849566735878
"KRT15" 2.78334979217765 0.898171136215576 2.44723599686504 0.0180556192149364 0.0342135006745492 -3.74060163205631
"SeRPINA6" -2.77972642677055 1.96150691123315 -2.43744918598194 0.0184955915470289 0.0349422702580097 -3.7618555042951
"AMY2B" 1.37650309211931 0.74822742113586 2.37876832956616 0.0213423934732642 0.0402001500944171 -3.88789557867956
"P37802" 0.852168972735651 0.354293361291635 2.35024548155184 0.0228634267274192 0.0429369710267901 -3.94828680068759
"FeRMT3" -2.59566736753361 1.78631223336103 -2.33400646609813 0.0237721331801113 0.0445110268149859 -3.9824119110309
"O75083" 0.98265982182281 0.280586141774954 2.33018745501622 0.0239904750811377 0.0447869520005855 -3.99041000637811
"Q86Y46" 2.10788075904335 1.05126095261204 2.31767848235643 0.0247182496722324 0.0460094853781081 -4.01653439036642
"P11021" 1.37650309211931 0.437578763486024 2.31491238760405 0.0248818195248207 0.046177729765182 -4.02229612410194
"HMGB2" -2.68546686628766 1.45785418284916 -2.30828928501848 0.0252774023561892 0.0467743134508955 -4.03606964550108
"MST1" -1.82401938257793 1.60785553826297 -2.30573372152452 0.0254315345158682 0.0469219247938973 -4.0413758187649
"SeRPINA3-6" -3.51797345590794 3.76802438787071 -2.28303996833662 0.0268374436532062 0.0493715071287846 -4.08828901041811
"eNO3" -2.52169719580083 0.800492843654084 -2.2791852819619 0.0270830040877363 0.0496784173818652 -4.09622057583819
"OGN" -1.61549716112396 0.903564955960522 -2.277906813639 0.0271648885490041 0.0496841874620916 -4.09884883016093
"RPS4X" 1.19940959436512 0.513292028294379 2.26803457549372 0.0278046468805885 0.050707318444079 -4.11910410326965
"F9" -2.26083752027769 1.26479360370761 -2.26384542353223 0.0280801433020284 0.0510621626039767 -4.12767776875816
"KRT222" -1.61156692037784 0.871570823600914 -2.25872035633334 0.0284204864813303 0.0515325487635615 -4.13814954744817
"PSMe4" -1.46304983780874 0.337757591140528 -2.25631041623359 0.0285817874063877 0.0516765268006608 -4.14306703811336
"AMY1A" 1.37650309211931 0.755503261094872 2.24547387292345 0.029317181290783 0.0525543789616026 -4.16512667948416
"AMY1B" 1.37650309211931 0.755503261094872 2.24547387292345 0.029317181290783 0.0525543789616026 -4.16512667948416
"AMY1C" 1.37650309211931 0.755503261094872 2.24547387292345 0.029317181290783 0.0525543789616026 -4.16512667948416
"LDHB" -2.28770870074325 1.58525526685111 -2.24097288205638 0.029627530339055 0.0529602596145715 -4.17426399513285
"P02675" 0.852168972735651 0.361465457081215 2.23483988484544 0.030055095479358 0.0535727831849574 -4.18669051803826
"GSTA1" -1.9807519037797 1.18884112702396 -2.22204894531273 0.0309644523224141 0.0550382237054741 -4.21251838826323
"HMGB1" -2.75476162022911 1.37648863820139 -2.21184368333838 0.0317073603409405 0.0562004055481277 -4.23303884485841
"KRT33A" 1.68975585528595 0.335776781552413 2.20748289215514 0.0320295871181825 0.0566125195282161 -4.24178397715864
"P63000" 1.19940959436512 0.56948871392229 2.18881737498014 0.0334417401868408 0.058943402396359 -4.27905682850259
"B4GALT1" -1.82630915093215 0.604090201189785 -2.18740833446632 0.0335505385959546 0.058970445275898 -4.281860031114
"CLIC1" -1.19333917650903 0.656642505144377 -2.1699421293399 0.0349253202189733 0.0612163251615893 -4.31648537697814
"KRT33B" 1.68975585528595 0.421834264019887 2.15857148924672 0.0358467448101429 0.0626573295711915 -4.33890445425051
"CFL1" -1.48487077481257 0.963123840118628 -2.14989916628059 0.0365638104753311 0.0637341558285467 -4.35593830729245
"CDH5" -1.91431328593096 0.991980297507352 -2.14843780512114 0.0366858748402203 0.0637590141140169 -4.35880310557466
"KRT80" -2.06588844175847 1.37415635638299 -2.14690798965896 0.0368140403286312 0.0637590141140169 -4.36180038156848
"P05089" 1.17214848104503 0.390389495787338 2.14610816582534 0.0368812046776801 0.0637590141140169 -4.36336672897911
"DDBX" -1.6879359749469 1.09075362379658 -2.12819015383029 0.0384143085661581 0.0662279472820923 -4.39833059172958
"Q32LP2" -1.79986786706863 0.846657908552228 -2.11893286414638 0.0392280504288817 0.0674465935166877 -4.41629971144804
"PPIA" -1.94062594151618 1.35382875730019 -2.10990531654419 0.040036090740807 0.0686488403735033 -4.4337604437884
"FAM124B" -1.29242066758422 0.542232326333978 -2.08679177257055 0.0421716127277201 0.0721146006265349 -4.47818373374956
"P19827" 1.60720465447956 0.489176403833407 2.0822098510552 0.0426065571757894 0.0726614529133056 -4.48694167153811
"GSTA2" -2.37083632204117 1.47844549928175 -2.08013693990694 0.0428046123108962 0.0728024538225756 -4.4908985906787
"CSN1S1" -1.70570150875984 1.04968891000601 -2.06188507775951 0.0445833842581967 0.0756239663089305 -4.52559708779835
"IQGAP1" 1.53150605621883 0.787962784654897 2.05484111863756 0.0452868713702309 0.0765719351467726 -4.53891997367177
"RAP1BL" 1.17214848104503 0.558280460192407 2.05386662745764 0.0453849504673422 0.0765719351467726 -4.54076011459934
"MYLK" -1.59911965353969 0.407756496006438 -2.0514897194346 0.0456249523510697 0.0767715864893999 -4.54524538777883
"P04272" -2.29165079557987 1.21847887840817 -2.04851618443087 0.0459267488012452 0.0770738789723024 -4.55085038379931
"P18065" 0.852168972735651 0.31297054960441 2.01625576146246 0.0493139818067259 0.0825387865253158 -4.61122107270427
"P61284" -0.944521459537048 0.272669072133968 -2.01097278540043 0.0498887943841121 0.0832799715777109 -4.62103054192389
"HSPA2" -1.98507286493208 0.692878943111484 -1.99239191298976 0.0519567178234009 0.0865031370621793 -4.65535902923743
"PGK1" -1.95239598360906 1.44964417635107 -1.96978832222776 0.0545716384122896 0.0906176416793546 -4.69675577300981
"C4B" 2.15102903296774 0.648270272682259 1.96777536837831 0.0548099055636581 0.09061986708902 -4.70042291098484
"RAP1B" -1.74065040070965 1.39753022001263 -1.96701489132507 0.05490015338125 0.09061986708902 -4.70180749605862
"KRT35" -2.31171705959228 1.03842056043664 -1.96614268289719 0.0550038179003085 0.09061986708902 -4.70339494838422
"ACTG2" -2.90017174472783 1.10752783647369 -1.94834202533531 0.0571565209656632 0.0934506026272074 -4.73566195155054
"ACTA2" -2.90017174472783 1.10752783647369 -1.94834202533531 0.0571565209656632 0.0934506026272074 -4.73566195155054
"APOB" 1.81677002617974 1.56865439369341 1.94826251956686 0.0571662957434264 0.0934506026272074 -4.73580551000037
"LDHA" -2.13858685713756 1.61294037748063 -1.9393328926634 0.058273301679115 0.0950140913682727 -4.75189737237933
"B4GAT1" -1.08011596261563 0.601513335851212 -1.93549718509204 0.0587544227991098 0.0955516515109234 -4.75879023840495
"RPS25" -1.42778024662986 0.528543909319453 -1.92863031147826 0.0596242447939793 0.0967169626349638 -4.77110107084901
"PFN1" -2.06213763712192 1.79396376116169 -1.92378681229314 0.0602443709064869 0.0974723026717776 -4.77976192696562
"SPON1" -1.32250282228743 0.468705315670895 -1.91446920862394 0.0614528398852627 0.0991732531140684 -4.79637068031546
"HSPA5" -1.5000381624645 0.826080446789921 -1.91087534325477 0.0619244542778255 0.0996794149217039 -4.80275832964872
"IGKC" 1.60720465447956 0.647521334386395 1.88001263368067 0.0661030585353223 0.10613493622338 -4.85718835414924
"CFL2" -1.18504107020843 0.374442757648552 -1.86446709893183 0.0682970165283806 0.109379232054335 -4.8843155473433
"ARFIP2" -1.31750476426624 0.436516442761799 -1.84441835823403 0.0712173672853237 0.11376749052415 -4.91901337278654
"P05786" -2.62286725637639 1.54148494534518 -1.8408500755894 0.0717480448794355 0.114325798785161 -4.9251548482535
"BPT2" -1.49047606649421 0.60882521501471 -1.83757036613954 0.0722387477250526 0.114564946580722 -4.93079055678424
"GDI2" -1.31750476426624 0.851446839452645 -1.83742041945645 0.0722612499827694 0.114564946580722 -4.93104801020408
"IGF2" -1.49047606649421 0.705943254415119 -1.82563478602809 0.0740485033241781 0.117104274680592 -4.95122648573246
"HSP90AB1" -1.81995038748697 1.67089272268817 -1.82248578001954 0.0745322991112301 0.117574701847966 -4.95659887813616
"UBA52" -1.42988241966322 1.27572881511371 -1.81993765789121 0.0749257248207596 0.117900579456108 -4.96094022349587
"LGALS3BP" -1.20428155037285 0.705418077214483 -1.80742074687001 0.0768837910662669 0.120680776524414 -4.98218903860085
"RAB8A" -0.730719548827801 0.302377082886402 -1.803334768847 0.0775322145499979 0.121396593997639 -4.98909776596485
"H1-2" -1.59564606096237 1.01099196772226 -1.76761058104728 0.0833993740542353 0.130259913436194 -5.04891937248549
"MDH1B" -1.94381976330383 1.30473120409333 -1.76018261095641 0.0846647766325729 0.13190981248186 -5.06122613325927
"H1-3" -1.59564606096237 1.0433624240056 -1.75421726912682 0.085692569547245 0.133182294050028 -5.07107665180908
"TIMP3" -0.959092870443361 0.303581002833819 -1.73717144248914 0.0886868954033122 0.13749737346312 -5.09906220575536
"CATHL1" -1.07181785631504 0.572803420151975 -1.71948591044192 0.0918849672268137 0.142106407647352 -5.12784346608678
"COL1A1" -1.83524238032622 1.249747684195 -1.71255981183469 0.0931631789990002 0.143730968088922 -5.13904407732777
"THBS2" -1.50727902107291 0.556608593747009 -1.70424679223302 0.0947167364904646 0.14577136762313 -5.15243478242531
"PGLYRP1" -1.98507286493208 1.52650722953648 -1.69590997444992 0.0962961751396811 0.147841573024668 -5.1658058947965
"CCN2" -1.35757437803458 0.732630820155657 -1.67889982266281 0.0995862202026652 0.152521613951169 -5.19290748826952
"KRT40" -1.23872537750837 0.28844792166748 -1.67527223918017 0.100299685609275 0.152826684085306 -5.19865579134881
"APOM" 1.01703623853718 0.449846401681055 1.67430076815486 0.100491464071049 0.152826684085306 -5.20019331796292
"MSN" -2.18072744458623 1.31140299204594 -1.67419681669419 0.100512003003807 0.152826684085306 -5.2003577927935
"COL10A1" -0.971401382936665 0.836743477537966 -1.67282671597218 0.100783032681317 0.152870417360363 -5.2025247552219
"TRAP1" -1.29264859026231 0.607607333279489 -1.66796373883856 0.101749865194535 0.153966822392689 -5.2102033430751
"CATHL4" -1.24751893023711 0.921576588262768 -1.64927245224006 0.105537067719463 0.159315525672204 -5.23953137311102
"K2C4" -2.19275444018216 1.07211431784201 -1.63695616552633 0.108095035731271 0.162787512043991 -5.25869541119157
"HP252" -0.903684375939108 0.395237456647379 -1.63522424706057 0.108458762629716 0.162946379093692 -5.2613799727284
"RPS27A" -1.51227707909409 1.43074905315533 -1.62956645182596 0.109653941911071 0.164350682531795 -5.270132138241
"RNASe4" -1.1899020211725 0.790744822982162 -1.62682231529447 0.110237479837244 0.164833767244789 -5.27436733243003
"H2AZ2" -1.29242066758422 0.622406535074498 -1.62379778962327 0.110883569843309 0.165407878418742 -5.2790278694467
"F11" -1.20428155037285 0.767003666770929 -1.60337597637668 0.115327075640984 0.171630624361936 -5.31029273931453
"GFAP" -1.51227707909409 1.07772854627193 -1.58793780349443 0.11878115888682 0.176355085311961 -5.3336920874273
"PROS1" -2.27833646305834 2.03387790338065 -1.58394921498951 0.119687016593679 0.177282881386412 -5.33970442617364
"RPS4" -1.29031849455087 0.663552093265655 -1.57999830004786 0.120589810585887 0.178201804402096 -5.34564656002107
"HNRNPK" -0.971401382936665 0.431388864781368 -1.55647335197499 0.126079641479469 0.185879097601741 -5.380750807176
"UBC" -1.42988241966322 1.09692025673344 -1.55280754801669 0.126952904701192 0.186730263091963 -5.38617816351459
"ARHGDIB" -0.648324889396925 0.279676009478865 -1.53359861739247 0.131608452454297 0.193127752322469 -5.41442841845327
"GPLD1" -1.55151331825772 1.27736996011665 -1.51961074213845 0.135083695186141 0.197767544460453 -5.43479966709033
"H2AZ1" -1.29242066758422 0.669371869306268 -1.51538776553064 0.136147130595434 0.198863054179905 -5.4409165183689
"CSRP1" -0.959092870443362 0.533260908749307 -1.51167254725312 0.137088201925974 0.199775185716604 -5.44628511606192
"C1S" -1.00410084931748 0.664569223577313 -1.49700037684451 0.140855334374588 0.20479197232803 -5.46736974148277
"SeRPIND1" 0.852168972735651 0.688028441939677 1.47968485126646 0.14540620391418 0.210922562459419 -5.49201207935772
"P02751" 1.55738213077947 0.622009498720353 1.46275475439367 0.14996724690366 0.217039754119747 -5.5158529546989
"COL1A2" -1.31750476426624 1.33481183586698 -1.4493945269751 0.153645373311547 0.221854074507062 -5.53448968909539
"LASP1" -1.16302209777288 0.588559131748599 -1.40659425707403 0.165905699274728 0.239010265393501 -5.59313719450924
"CALD1" -0.903684375939108 0.613608729397705 -1.40399101120797 0.16667522853409 0.239571911628726 -5.59665219244835
"TUBB6" -1.3748153270151 0.781667074279942 -1.38693457745581 0.171785781339171 0.246356427329584 -5.6195339896411
"RAB1B" -0.84077499662527 0.359511205731281 -1.38342733524167 0.172851479545828 0.247322638533826 -5.62420711049389
"CTSC" -0.876778376459069 0.512298981811556 -1.36623799808888 0.178148398550761 0.254324976211607 -5.646952508145
"PRDX6" -1.07181785631504 0.846047017692961 -1.3534709468207 0.182162550719257 0.259468554184765 -5.66367601049934
"P80209" -0.772490477154139 0.368808821772609 -1.35216792285986 0.182576100812137 0.25947189101905 -5.66537466204237
"P02753" 0.75910467683488 0.304305999228133 1.33894527045921 0.186813343757718 0.264897123395775 -5.68252625081191
"KRT83" -1.35807562337593 0.457778587254636 -1.32240588720005 0.192218368918646 0.271950203559789 -5.70375991923645
"CSN1S2" -1.18504107020843 0.825354632457218 -1.29921953974054 0.19999405840665 0.282318234574041 -5.7331139267376
"GPX3" -0.646222716363572 0.481329126730382 -1.29182968427204 0.202521425399095 0.285247811220601 -5.74236789045969
"YWHAG" -0.876778376459069 0.468170897201404 -1.26994774576028 0.210145798720421 0.295327391965669 -5.76948070860237
"GNPTG" -0.648324889396925 0.334506007324156 -1.24416326850222 0.21940243824371 0.307650974515069 -5.80087301472429
"CRYZ" -1.14156260139647 0.771489576565082 -1.24244670023781 0.220029240807662 0.30784578924531 -5.80294150761814
"FTL" -0.772490477154139 0.686434797671335 -1.22564317795633 0.226235090228316 0.315828190119618 -5.82304856753745
"TIe1" -0.648324889396925 0.329321550699608 -1.21314647038475 0.230933182045427 0.321675138787339 -5.83783539767493
"TUBB4A" -1.3748153270151 0.741573985655821 -1.20549643011212 0.233844240452471 0.325012589703765 -5.84681706813496
"CDH1" -0.84077499662527 0.600999147693407 -1.20220599276635 0.235104560315127 0.326012412191798 -5.85066382672407
"PKP1" -0.876778376459069 0.315565674847234 -1.20092402615171 0.235596925450808 0.326012412191798 -5.85215985963228
"LOX" -0.648324889396925 0.69202037673911 -1.19664605587115 0.237245409471417 0.327575171502109 -5.857141303457
"KRT81" -1.35807562337593 0.615608932666368 -1.17512835643758 0.245664573312371 0.337154781068706 -5.88194330003802
"IGFBP6" -0.772490477154139 0.599377808165143 -1.17484589775432 0.245776508946474 0.337154781068706 -5.88226604860759
"SePTIN7" -0.646222716363572 0.378903709138505 -1.17482101951636 0.245786369717282 0.337154781068706 -5.88229447196722
"ACTN4" -0.772490477154139 0.364055589207912 -1.13011300398651 0.263971365180787 0.361314384878691 -5.93245364983073
"TUBB4B" -1.3748153270151 1.99452773543662 -1.12839806883199 0.264687497445618 0.361510413177889 -5.9343409915949
"C4BPA" -1.05051389119505 1.09352212121896 -1.12306323258998 0.266924072115956 0.363777731112674 -5.94019477573288
"Q3SWY2" -0.84077499662527 0.975216442046511 -1.09366817527562 0.279487931153578 0.380079492581697 -5.9719767767562
"YWHAe" -0.876778376459069 0.894440115061187 -1.07409949127603 0.288078360169895 0.390881126493242 -5.99268993369167
"SeRPINA3-1" -1.99113508538167 3.84999949266226 -1.07276739949005 0.288669738424486 0.390881126493242 -5.99408698570146
"CAP1" -1.30856944967778 1.32920007249191 -1.06693026283254 0.291271062764518 0.393558973456983 -6.00018929015136
"VASP" -0.648324889396925 0.502140227184709 -1.05112695973382 0.298395191088048 0.402323430719142 -6.01655111418884
"IGF2R" -0.959092870443362 0.877479878395385 -1.02530780897741 0.310290759023215 0.417470083035498 -6.04278086947951
"PPIe" -0.730719548827801 0.534199470938428 -0.9869597531463 0.328547209214869 0.440636744287955 -6.08058559881523
"SPP2" -0.876804452539491 0.907685424247359 -0.985511598450003 0.329250437790888 0.440636744287955 -6.08198615245241
"ARF1" -0.540945292021134 0.648213854274732 -0.984782923962144 0.329604664506997 0.440636744287955 -6.08269012862733
"CD44" -0.539610309717959 0.274022207389356 -0.973661990689298 0.335042399617478 0.446959311117607 -6.09337205327869
"HMGCR" -0.646222716363572 0.299332174844075 -0.96214649525066 0.340735513995949 0.453595167365916 -6.10431007505865
"GPI" -0.876778376459069 1.05996408749265 -0.95089682040677 0.346358550637503 0.46010999042582 -6.11487470579026
"CNTN1" -0.772490477154139 0.660028748805807 -0.941772972481733 0.350963514321214 0.465247851967828 -6.12335509607261
"TUBB3" -1.23872537750837 1.54141251624483 -0.934969343549077 0.354423349578294 0.468849336653886 -6.12962762306194
"IGHA1" 0.75910467683488 0.533600844183805 0.919784693366232 0.362224974915628 0.478084770283925 -6.14346875187441
"HABP2" -0.648324889396925 1.13805930585204 -0.918441988396731 0.362920134652932 0.478084770283925 -6.14468213269295
"CATHL2" -0.427722078127738 0.348458948683919 -0.912557811745623 0.365976700678159 0.48110687109983 -6.14997938595315
"ARF3" -0.540945292021134 0.662656135431604 -0.909010150225354 0.367827531786849 0.482255464674358 -6.15315729494198
"RAP1A" -0.772490477154139 0.599993751912971 -0.907955363097325 0.368378976185484 0.482255464674358 -6.15409984173132
"P08603" 0.75910467683488 0.361869046592644 0.892002218942559 0.376783910621832 0.49223736563639 -6.16822642581112
"CRYZL1" -0.959092870443361 0.725116975696209 -0.888061922039976 0.378878502716557 0.493951105814354 -6.17167828633299
"TUBB2B" -1.18495066887168 0.765486657853197 -0.87984919535262 0.383267937276458 0.497728453368796 -6.17882543686139
"FMOD" -0.876778376459069 1.06522880756232 -0.879689787378038 0.38335345219847 0.497728453368796 -6.17896352627797
"CD14" -0.876778376459069 0.896772712450706 -0.863489434845959 0.392106934480631 0.508048204635068 -6.19287092241246
"KRT10" -1.72888468645789 1.86919749840774 -0.86125783073115 0.393322454188997 0.5082999958465 -6.19476704239409
"P0CG53" -0.777488535175323 1.03241699431888 -0.860176363496792 0.393912358112422 0.5082999958465 -6.19568421821924
"MAML2" -0.648324889396925 0.395914935966484 -0.858307018778313 0.394933324047231 0.50857740300776 -6.19726694626468
"COL2A1" -0.539610309717959 0.598477585239702 -0.848003143397537 0.400590471553773 0.514811787271753 -6.20593104556472
"KRT74" -1.01759003824537 0.857335682092491 -0.825979533190964 0.412849333160164 0.529487661024519 -6.22410915300447
"HSPA1L" -0.876778376459069 1.39618597961092 -0.814230302505988 0.419481991011723 0.536902913445024 -6.23361673490536
"B2M" -0.427722078127738 0.513877245340613 -0.780290058259743 0.439001387350208 0.56074873566393 -6.26033670850935
"TUBA1D" -1.05051389119505 1.70209257780935 -0.774069116529849 0.44263662288453 0.564249917252805 -6.26511403851684
"GGH" -0.539610309717959 0.577545365003286 -0.758508903717618 0.451806649252138 0.574778217092942 -6.27690004345692
"LeCT2" -0.540945292021134 0.40535114520609 -0.754152831700242 0.454393505364608 0.576906040010197 -6.28015767757364
"OMD" -0.427722078127738 0.579161880070687 -0.692794494304751 0.491733585856682 0.623060025452945 -6.32409375120328
"HP20" -0.427722078127738 0.680981753881348 -0.684112988346937 0.497150769219993 0.628661593943518 -6.33001548158869
"GSTP1" -0.360005071130181 0.538057025454663 -0.677194334449929 0.501491315171685 0.631656774072887 -6.33468232214443
"ARG1" -0.539610309717959 0.789853158760867 -0.677146393181209 0.501521464042023 0.631656774072887 -6.33471449765211
"CORO1A" -0.360005071130181 0.546552496626269 -0.650198244866986 0.518623880972402 0.651895754768098 -6.35244668242125
"PF4" -0.512730386318341 0.493140774575256 -0.632710037789369 0.529886728733838 0.664728679584596 -6.36357560696649
"DSC1" -0.427722078127738 0.453335524236637 -0.606007169763075 0.547328071397371 0.685246057642343 -6.3799925797119
"ACTN1" -0.648324889396925 0.758090282966487 -0.603950808334971 0.548683263765288 0.685582454328509 -6.38122793931876
"PRDX2" -0.360005071130181 0.559004630605749 -0.595895249596711 0.554008471109051 0.690868271284211 -6.38602748114316
"TUBB5" -0.64002678309633 2.02978074745611 -0.511220295772682 0.611509950243666 0.761070569238172 -6.43262837110817
"APCS" -0.427722078127738 0.693876707081285 -0.497853875873321 0.620830779836317 0.771150043458102 -6.43934064581715
"FTH1" 0.00406899509096908 0.282484824372127 0.010674057822594 0.991527161362449 0.997776487172859 -6.56296988592518
"CST3" 0.00406899509096905 0.296271887536228 0.0105617726640775 0.991616287517754 0.997776487172859 -6.56297107890774
"ITIH2" 0.00406899509096904 0.271640739549629 0.0105151195360727 0.991653318391255 0.997776487172859 -6.56297157086779
"P02656" 0.00406899509096904 0.312947293834637 0.0104821941763227 0.991679452873655 0.997776487172859 -6.56297191675681
"PYGL" 0.00406899509096908 0.289094199092255 0.0101058825658346 0.991978150610852 0.997776487172859 -6.56297579295474
"TRPC4" 0.00406899509096904 0.269665615237759 0.00987547558188715 0.992161036972007 0.997776487172859 -6.56297809632231
"GALK1" 0.00406899509096904 0.276395954789196 0.00976764207997751 0.992246630343313 0.997776487172859 -6.56297915608045
"H2BC12L" 0.00406899509096905 0.477914723900764 0.00975808519344288 0.992254216173351 0.997776487172859 -6.56297924944162
"H2BC13" 0.00406899509096905 0.477914723900764 0.00975808519344288 0.992254216173351 0.997776487172859 -6.56297924944162
"eIF4A1" 0.00406899509096904 0.281091213558205 0.00967575224150435 0.992319568426173 0.997776487172859 -6.56298004996663
"O60814" 0.00406899509096905 0.497880389597874 0.00944188247015869 0.992505204186842 0.997776487172859 -6.5629822868891
"H2BC14" 0.00406899509096905 0.497880389597874 0.00944188247015869 0.992505204186842 0.997776487172859 -6.5629822868891
"H2BC9" 0.00406899509096905 0.497880389597874 0.00944188247015869 0.992505204186842 0.997776487172859 -6.5629822868891
"H2BC5" 0.00406899509096905 0.497880389597874 0.00944188247015869 0.992505204186842 0.997776487172859 -6.5629822868891
"H2BC15" 0.00406899509096905 0.497880389597874 0.00944188247015869 0.992505204186842 0.997776487172859 -6.5629822868891
"H2BC4" 0.00406899509096905 0.497880389597874 0.00944188247015869 0.992505204186842 0.997776487172859 -6.5629822868891
"P46781" 0.00406899509096904 0.294764093673969 0.00921410999811656 0.992686000575913 0.997776487172859 -6.56298441288447
"BCL2L14" 0.00406899509096908 0.278345186011782 0.00914116393133955 0.992743902235862 0.997776487172859 -6.56298508277756
"AKR1A1" 0.00406899509096904 0.457750447432581 0.0089839176732081 0.992868718137733 0.997776487172859 -6.56298650872348
"ARF4" 0.00406899509096904 0.30652531458429 0.00898276104195333 0.992869636226853 0.997776487172859 -6.56298651912042
"MBL" 0.00406899509096905 0.373473500404577 0.00895429784853135 0.992892229211105 0.997776487172859 -6.56298677455379
"PGAM1" 0.00406899509096904 0.402911325504952 0.00867010144568187 0.993117813664843 0.997776487172859 -6.56298928052286
"MAPRe2" 0.00406899509096908 0.42282012260482 0.00865904987741832 0.993126585997129 0.997776487172859 -6.56298937634018
"UBA1" 0.00406899509096905 0.371507614924474 0.0086562998045806 0.993128768904897 0.997776487172859 -6.56298940016438
"PFKL" 0.00406899509096905 0.353274024389126 0.00864322150328981 0.993139149985387 0.997776487172859 -6.56298951335965
"P62258" 0.00406899509096904 0.499107347535886 0.00861518249548662 0.993161406335286 0.997776487172859 -6.56298975546596
"COLGALT1" 0.00406899509096904 0.276744504294037 0.00861396322823166 0.993162374145642 0.997776487172859 -6.56298976597602
"LPA" 0.00406899509096904 0.288490087895019 0.00832233011995489 0.993393862279687 0.997776487172859 -6.56299223712003
"HSP90B1" 0.00406899509096908 0.401908665735753 0.00825826749144206 0.993444713025094 0.997776487172859 -6.56299276855217
"CKB" 0.00406899509096908 0.278064743634779 0.00815811507946595 0.993524210673579 0.997776487172859 -6.56299359113905
"UTRN" 0.00406899509096908 0.277898308571694 0.00806837344769033 0.993595444647866 0.997776487172859 -6.56299431969251
"CA2" 0.00406899509096905 0.345645323777982 0.00805555925001002 0.993605616143488 0.997776487172859 -6.56299442306508
"MAN2B1" 0.00406899509096905 0.257721982999801 0.00801419424332032 0.993638450355081 0.997776487172859 -6.56299475563674
"ACe" 0.00406899509096908 0.353554485651329 0.00800813662360221 0.993643258699673 0.997776487172859 -6.56299480419584
"RDX" 0.00406899509096904 0.501332519865363 0.00800496511479692 0.993645776141919 0.997776487172859 -6.56299482960465
"PYGB" 0.00406899509096905 0.383107542668964 0.00783617794234469 0.993779754094043 0.997776487172859 -6.56299616733597
"ANG1" 0.00406899509096904 0.327357710119103 0.0077698561881285 0.993832398267603 0.997776487172859 -6.56299668517111
"COLeC11" 0.00406899509096904 0.487477162491397 0.00773789398991729 0.993857768889754 0.997776487172859 -6.56299693315781
"PGM1" 0.00406899509096908 0.393637497378766 0.00760323376917774 0.993964658152949 0.997776487172859 -6.56299796672708
"ReG1" 0.00406899509096904 0.282004772270175 0.00758036879769013 0.993982807695872 0.997776487172859 -6.56299814042254
"ALDOB" 0.00406899509096908 0.356123696946491 0.00753606363807325 0.994017975839656 0.997776487172859 -6.56299847550108
"COL6A3" 0.00406899509096908 0.260466421892031 0.0073915904801231 0.994132654502543 0.997776487172859 -6.5629995545018
"IGLC3" 0.00406899509096904 0.303549571080174 0.00737914136603406 0.994142536259321 0.997776487172859 -6.56299964650088
"P02763" 0.00406899509096908 0.32012740065791 0.00737329035861485 0.994147180624839 0.997776487172859 -6.56299968968631
"ACO1" 0.00406899509096908 0.368919030414894 0.00730025341606955 0.994205155317675 0.997776487172859 -6.56300022587867
"HPD" 0.00406899509096904 0.415668077339158 0.00719083225487119 0.994292010849871 0.997776487172859 -6.56300101919296
"CAPN1" 0.00406899509096904 0.388832623725532 0.00708581278918691 0.994375372501876 0.997776487172859 -6.56300176932725
"ACTN3" 0.00406899509096904 0.28601249898022 0.00708363096883769 0.994377104373376 0.997776487172859 -6.56300178479456
"ASL" 0.00406899509096904 0.347499488022769 0.00704202012533103 0.994410133969675 0.997776487172859 -6.56300207886952
"GDF6" 0.00406899509096904 0.295749412812816 0.00703012112673698 0.994419579084517 0.997776487172859 -6.56300216264438
"NCAM1" 0.00406899509096904 0.308761910501216 0.0069361723657438 0.994494153189681 0.997776487172859 -6.56300281911499
"ACO2" 0.00406899509096904 0.361765483052936 0.00689784202350692 0.994524578841756 0.997776487172859 -6.563003084413
"Q32Le4" 0.00406899509096904 0.358614391703744 0.00687725576421717 0.994540919694879 0.997776487172859 -6.56300322629106
"KRT18" 0.00406899509096904 0.340387878901831 0.00683810318356389 0.994571998031884 0.997776487172859 -6.56300349495578
"GAPDHS" 0.00406899509096904 0.322370115713481 0.00681556406800614 0.994589889020634 0.997776487172859 -6.56300364892336
"P54652" 0.00406899509096908 0.339616098038885 0.00681129050388418 0.994593281269747 0.997776487172859 -6.5630036780593
"PCYOX1" 0.00406899509096904 0.410504855434628 0.0067792026550795 0.994618751810796 0.997776487172859 -6.56300389624129
"AOCY" 0.00406899509096908 0.299076449280129 0.00672407593894803 0.994662510048307 0.997776487172859 -6.56300426867111
"LRP1" 0.00406899509096889 0.614868001325349 0.00667593335380531 0.994700724467189 0.997776487172859 -6.56300459142956
"WDR1" 0.00406899509096908 0.49446527816826 0.00665384963551873 0.994718253992467 0.997776487172859 -6.56300473870773
"RASA1" 0.00406899509096904 0.310522415542501 0.00659125045370512 0.994767943734051 0.997776487172859 -6.56300515353472
"POTee" 0.00406899509096904 1.22222899345803 0.00656711152564367 0.994787104646595 0.997776487172859 -6.56300531244901
"P01042" 0.00406899509096904 0.328975594078848 0.00655802922377873 0.994794313964701 0.997776487172859 -6.56300537208975
"ASS1" 0.00406899509096904 0.346997363117123 0.00650522219856986 0.994836230950865 0.997776487172859 -6.56300571722245
"ATIC" 0.00406899509096908 0.543629985578278 0.00650428993927141 0.994836970956707 0.997776487172859 -6.56300572329039
"SULT1e1" 0.00406899509096904 0.516658063393535 0.00648284651171818 0.994853992254156 0.997776487172859 -6.56300586262234
"Q9BUF5" 0.00406899509096889 0.589043054365598 0.00644739630034194 0.994882131818341 0.997776487172859 -6.56300609195645
"Q00610" 0.00406899509096904 0.270744400877645 0.00634361008099614 0.994964514974902 0.997776487172859 -6.56300675613913
"O43707" 0.00406899509096904 0.363742985490342 0.00618196298303307 0.995092826899841 0.997776487172859 -6.56300776913733
"MPV17L" 0.00406899509096904 0.315558794847105 0.00616979369512055 0.995102486619316 0.997776487172859 -6.56300784434065
"DYNC1H1" 0.00406899509096904 0.327439591398445 0.00614331465483489 0.995123505115555 0.997776487172859 -6.56300800746287
"TCN2" 0.00406899509096904 0.440545433393437 0.00611698817508333 0.995144402515962 0.997776487172859 -6.56300816894972
"ARHGeF9" 0.00406899509096904 0.399278493642343 0.00600142372940393 0.995236135158586 0.997776487172859 -6.56300886961909
"P68871" 0.00406899509096904 0.444238308283867 0.0059936529730847 0.99524230342495 0.997776487172859 -6.56300891625382
"CHI3L1" 0.00406899509096904 0.759499594345939 0.00598185934631756 0.995251664963605 0.997776487172859 -6.56300898691562
"CATHL3" 0.00406899509096904 0.337409403174493 0.00598142310356317 0.995252011244154 0.997776487172859 -6.56300898952671
"K2CA" 0.00406899509096904 0.49157497204076 0.00594299653562205 0.995282513469148 0.997776487172859 -6.56300921877813
"MAP4" 0.00406899509096904 0.337161908363979 0.00587353732847816 0.995337648787487 0.997776487172859 -6.5630096294199
"PRDX1" 0.00406899509096904 0.546049595625712 0.00586802325082689 0.995342025752151 0.997776487172859 -6.56300966181221
"eeF2" 0.00406899509096904 0.411835233384375 0.00585429683861027 0.99535292150453 0.997776487172859 -6.56300974231553
"CHAD" 0.00406899509096904 0.459959781554867 0.00584917191143899 0.995356989569781 0.997776487172859 -6.56300977232411
"GAL3ST4" 0.00406899509096904 0.370598323564226 0.00570502217608891 0.995471412813074 0.997776487172859 -6.56301060561516
"ACTBL2" 0.00406899509096908 0.466625960054164 0.00570447688828125 0.995471845652065 0.997776487172859 -6.56301060872785
"YWHAB" 0.00406899509096904 0.691992842911427 0.00563349219466612 0.995528191950462 0.997776487172859 -6.56301101139222
"BRN" 0.00406899509096904 0.463884710841 0.00557726058652287 0.995572827546816 0.997776487172859 -6.5630113267899
"TUBB2A" 0.00406899509096889 0.306442143454817 0.00557524421113537 0.995574428108063 0.997776487172859 -6.5630113380408
"FABP1" 0.00406899509096908 0.585698847704855 0.00536960862092408 0.995737657906864 0.997776487172859 -6.56301246407466
"YWHAQ" 0.00406899509096908 0.514867348909609 0.00535035741724719 0.995752939172419 0.997776487172859 -6.56301256732573
"IGFBP5" 0.00406899509096904 0.517686905947146 0.005340031017829 0.995761136086603 0.997776487172859 -6.56301262255707
"CLTC" 0.00406899509096904 0.392360977696785 0.00530901226068735 0.995785758233076 0.997776487172859 -6.56301278782107
"TUBA1C" 0.00406899509096904 0.335330475246119 0.00527750294560526 0.995810769780091 0.997776487172859 -6.56301295471296
"IGHG4" 0.00406899509096904 0.354738482674643 0.00519279421500335 0.99587801012008 0.997776487172859 -6.56301339845488
"FAP" 0.00406899509096908 0.55780279319837 0.00515938643163374 0.995904528654845 0.997776487172859 -6.56301357148541
"Q9NY65" 0.00406899509096908 0.771076784687933 0.00514340390797578 0.995917215314111 0.997776487172859 -6.56301365386953
"KPRP" 0.00406899509096904 0.531270244173194 0.00506803949728577 0.995977038333805 0.997776487172859 -6.56301403890143
"P02790" 0.00406899509096904 0.311598705911339 0.00500798162649138 0.996024711292619 0.997776487172859 -6.56301434166408
"CP" 0.00406899509096908 0.486714698212137 0.00499911675348308 0.996031748085548 0.997776487172859 -6.56301438604782
"P00738" 0.00406899509096904 0.333793307575117 0.00497651764414374 0.996049686894755 0.997776487172859 -6.563014498839
"POSTN" 0.00406899509096902 0.858096457429997 0.00494792580075744 0.99607238264273 0.997776487172859 -6.56301464080737
"POTeF" 0.00406899509096902 0.49537561069465 0.00487505158362791 0.996130229045495 0.997776487172859 -6.56301499895357
"P12814" 0.00406899509096908 0.537805322538134 0.00483064787342346 0.996165476019758 0.997776487172859 -6.56301521457375
"KRT84" 0.00406899509096904 0.579494009436698 0.00478344263799616 0.996202946809612 0.997776487172859 -6.56301544163429
"AOC3" 0.00406899509096889 0.499763080736666 0.00474053228745831 0.996237008393392 0.997776487172859 -6.56301564610147
"TUBA1A" 0.00406899509096889 1.19948842838369 0.00468066732299081 0.996284528303705 0.997776487172859 -6.56301592827889
"Q0VCM4" 0.00406899509096908 0.998684414612892 0.00454302622741166 0.996393785790847 0.997776487172859 -6.56301656345814
"IGHG3" 0.00406899509096904 0.378716402118438 0.00453919228462552 0.996396829119525 0.997776487172859 -6.56301658087945
"P01009" 0.00406899509096908 0.384859138319171 0.00449403093795142 0.996432677551458 0.997776487172859 -6.56301678498413
"TG" 0.00406899509096889 0.830439203374032 0.00447432902650982 0.996448316649681 0.997776487172859 -6.56301687338667
"IGHG2" 0.00406899509096904 0.404079427542237 0.0044633733091352 0.996457013143553 0.997776487172859 -6.56301692237696
"CCDC168" 0.00406899509096889 0.497858398849557 0.00425418238075283 0.996623066032951 0.997776487172859 -6.5630178347678
"TUBA8" 0.00406899509096904 0.601496485451664 0.00421544757064285 0.996653813210645 0.997776487172859 -6.56301799890583
"IGHG1" 0.00406899509096904 0.493334150531808 0.00416342434158737 0.996695108566822 0.997776487172859 -6.56301821699105
"VCL" 0.00406899509096908 0.917727114954689 0.00413291331573149 0.996719327822801 0.997776487172859 -6.56301834363561
"Q9BQe3" 0.00406899509096889 0.969807632327124 0.00410454939483272 0.996741842737553 0.997776487172859 -6.56301846053254
"ADORA1" 0.00406899509096904 0.406560103967575 0.00399218196258307 0.996831038582783 0.997776487172859 -6.56301891572342
"P02787" 0.00406899509096904 0.814725741700157 0.00396844663887805 0.99684987938753 0.997776487172859 -6.56301901025695
"eeF1A2" 0.00406899509096904 0.504483922437861 0.0039253003667544 0.996884128366339 0.997776487172859 -6.56301918065705
"AOCX" 0.00406899509096889 0.648107272474439 0.00390148788038243 0.996903030426947 0.997776487172859 -6.56301927390337
"UTP15" 0.00406899509096904 0.509960648013274 0.0033948512225463 0.997305192820201 0.997776487172859 -6.56302112336367
"SeRPINA3-3" 0.00406899509096904 0.50964773980268 0.003264605264772 0.99740858069237 0.997776487172859 -6.56302155732042
"KRT27" 0.00406899509096889 0.822600485886249 0.00308608199208534 0.997550290662168 0.997776487172859 -6.56302212455015
"KRT28" 0.00406899509096908 1.15356301224141 0.00304330436636194 0.997584247121187 0.997776487172859 -6.56302225573302
"KRT25" 0.00406899509096889 0.870916214072822 0.00280112453791582 0.997776487172859 0.997776487172859 -6.56302296388012
