"logFC" "AveExpr" "t" "P.Value" "adj.P.Val" "B"
"P63261" 5.07807852126273 2.45979019689723 18.7371926906612 6.87825772153858e-24 2.17009031114542e-21 42.9413048522433
"P60709" 5.07807852126273 2.45979019689723 18.7371926906612 6.87825772153858e-24 2.17009031114542e-21 42.9413048522433
"P13645" 5.67190880788484 2.97643993189695 17.0146569882472 4.07196049699106e-22 8.56469024533787e-20 39.2356891192416
"P02768" 6.35911556043394 3.23301415862248 16.3400869352391 2.18535125259392e-21 3.4473916009669e-19 37.6920287214831
"KRT1" 6.05956198061887 3.24960602826261 15.1421632926806 4.88160387770473e-20 6.16058409366336e-18 34.813542518428
"KRT9" 5.3961704177577 2.75795260815414 14.9262658303069 8.6941268352314e-20 9.14332338838502e-18 34.2754022920697
"TLN1" 5.66857917441688 2.71389669310979 13.224151378776 1.00084162018333e-17 9.0218723190812e-16 29.815548486926
"P68366" 3.91684635911152 1.76508982753113 8.70882975988292 1.71152999018655e-11 1.34996927975964e-09 16.0508942525781
"KRT2" 5.55171146318915 2.86031237617989 8.29089777232148 7.27959641311305e-11 5.10380592963815e-09 14.6479530199396
"eeF1A1P5" 2.98770348443435 1.86671378928113 8.0418715329855 1.73695773466993e-10 1.09602033057672e-08 13.8045821601463
"P19823" 3.09863186280059 1.72378064659439 7.81857507551875 3.80314304336465e-10 2.18162114578463e-08 13.0442725164617
"KRT14" 4.62499946144361 2.44276934440136 7.62218739317451 7.59694718050044e-10 3.99472805907982e-08 12.372827605088
"FLNA" 4.64702101815001 1.75658537855711 7.44685171745629 1.41159320781722e-09 6.85165626255897e-08 11.771512172658
"TUBB1" 2.87402467295746 1.29215683445709 7.36057932608214 1.91574649052279e-09 8.63454311085628e-08 11.475097119254
"VTN" 2.19750498943596 1.30500717022259 6.68278220792304 2.12666700141739e-08 8.9461791859625e-07 9.13904051825534
"P68104" 2.98770348443435 1.79940580014137 6.58044503112162 3.06006430068897e-08 1.20681285858421e-06 8.78603600851999
"TUBA1B" 3.75152074209723 1.66164867095912 6.55296607559717 3.37410149619501e-08 1.25238708476415e-06 8.69127407237782
"P01024" 4.2192735297113 2.16965196404416 6.36652794675697 6.54457054895506e-08 2.29423556466147e-06 8.04879652423081
"P13647" 4.49341287413401 2.44539382196407 6.33279467600783 7.37741045101315e-08 2.45007683925752e-06 7.93266282975732
"POTee" 3.38032894827307 1.22222899345803 6.09959776976066 1.68677018099015e-07 5.32175992102392e-06 7.13123015434731
"KRT16" 4.07070260923703 2.30697925096178 6.02765607230016 2.17589341100482e-07 6.53804163020972e-06 6.88460242731116
"COL6A1" 2.13845118286928 0.906037327762269 6.00936879437086 2.32127774864778e-07 6.6578466336216e-06 6.82196615907762
"PKM" 2.27070438025719 1.39826985526521 5.96203021538176 2.74409607080557e-07 7.52836791599266e-06 6.65993750365402
"P11142" 2.88452665793375 1.29353643577238 5.8683582225784 3.81956345965857e-07 1.00422689293523e-05 6.33983526461802
"P07996" 3.91882174890922 1.8511055360765 5.85375197416545 4.02145616357504e-07 1.01501553568634e-05 6.28998797611273
"P68032" 4.21314873733711 1.87318986533482 5.73664275846759 6.07401817859225e-07 1.42776094186824e-05 5.89103617161866
"C4A" 3.21306137636287 1.69571761681544 5.73499667639042 6.10927819816836e-07 1.42776094186824e-05 5.88543803885415
"P63104" 1.96052308466268 0.884129142970355 5.67641738545755 7.5055278433511e-07 1.69142431041234e-05 5.68640076487242
"P68371" 3.30420691676907 1.45345865388749 5.51469443641541 1.32257196772674e-06 2.87773417805369e-05 5.13892676561961
"P07900" 3.25576615332267 1.26570801424459 5.46744959388733 1.55979174726541e-06 3.28076197508158e-05 4.97960487881796
"MYH9" 3.44342063400467 1.83979858127324 5.45373680858257 1.63621846949132e-06 3.33049630402911e-05 4.93341774819251
"FBLN1" 2.96223538947112 1.2055395696611 5.35847871769156 2.27972543544421e-06 4.49533359301654e-05 4.61330139415466
"P01023" 4.67449151469691 2.29391897658004 5.23225422306457 3.53147001925625e-06 6.74878479199946e-05 4.1912346581271
"Q04695" 3.46923809468077 2.00730714342483 5.22378430145934 3.63642920646564e-06 6.74878479199946e-05 4.16300529476059
"P02788" 2.31709554873489 1.24423163318215 5.13333745595529 4.96835536966139e-06 8.95723496644667e-05 3.862325219936
"CKM" -3.36606614769915 1.31106230670835 -4.99595440846514 7.96163591266708e-06 0.000139549785024804 3.40848155645709
"P01008" 3.47947113077101 1.58182119686144 4.9585142806069 9.04835038116984e-06 0.000154311056500491 3.28544114967702
"TUBB" 3.24809792123825 1.37916446976825 4.91746949376547 1.04078284136827e-05 0.000172824729711416 3.15088838219939
"eHD3" 1.5729843453825 0.929085257842862 4.88507818817282 1.16208660064582e-05 0.000188019652566029 3.04495653916912
"P02771" 2.42387291952997 1.20445681963199 4.80853632421819 1.50670612000384e-05 0.000237682890430605 2.795555220575
"KRT6A" 4.13065771545955 2.4219735959836 4.75306335739021 1.81741451631584e-05 0.00027970452677934 2.61564324547082
"APOB" 3.78326818049892 1.56865439369341 4.53596457204756 3.76129336293206e-05 0.000565089550478602 1.91887643748919
"KRT13" 2.36662582905517 1.5651524960697 4.44291425054575 5.11986238067321e-05 0.000751310037722045 1.62410596539982
"P04406" 2.22819732941457 1.46040235764334 4.28648879553564 8.5547205280986e-05 0.00122682469391596 1.13432436635995
"LYSM" -2.05861085170021 1.03729602438514 -4.15994292898958 0.000128946780776573 0.0017732266254828 0.743775010200714
"KRT3" 2.50488419085228 1.58048859238809 4.15916999799851 0.000129268502016178 0.0017732266254828 0.741406012724607
"APOA2" -2.17670317709726 2.08661494538222 -4.04927441054818 0.000183889252949541 0.00246881103428001 0.406702285188781
"KRT6C" 4.0261732320682 2.16427141361773 3.99878394310772 0.000215937534773188 0.0028386788425392 0.254379032543061
"HBA1" 2.33990749446377 1.70191375070829 3.8994183648149 0.000295514440659737 0.00380550228686314 -0.0425996545821681
"GARIN1B" -2.24160328042782 0.931787480834391 -3.78844461391977 0.000417840061244796 0.00527314157290933 -0.369695643978965
"P08238" 2.48761451794728 1.08591880466753 3.69094750912033 0.000564396996258287 0.00698302950272509 -0.65287953184438
"QSOX1" 0.888240086625115 0.805070645396471 3.61781308089649 0.000705525343791822 0.0085612786910123 -0.862612313245819
"P06396" 2.78368791123403 1.8637240805787 3.55421754863024 0.000855191139625148 0.0101816152661032 -1.04304774934276
"TRAP1" -2.42937407667956 0.607607333279489 -3.50473775827861 0.000992162415540486 0.0115936015593712 -1.18214866064048
"LRP1" 1.89325347476214 0.614868001325349 3.47287055145043 0.00109120508048128 0.0125190982869762 -1.27112776030128
"Q5XKe5" 2.36046374149446 1.3958302434628 3.42634147760956 0.00125289105484794 0.0141173974215902 -1.4001737597314
"APOD" -1.90663205243291 2.04941190125326 -3.40316592251672 0.00134169587079668 0.0148528086749598 -1.46405826151376
"P61224" 1.11879336385279 0.922756113454085 3.39472924391284 0.00137548556054402 0.0149643342879875 -1.4872489710024
"SeRPINA3-3" -3.69227424939024 0.50964773980268 -3.312016324663 0.00175246478311371 0.0187424623414364 -1.71273156506299
"HP" -3.02844814457308 0.619022881242853 -3.26582844108963 0.0020036435879278 0.0210716517330407 -1.83713196609679
"AMY2A" 1.24886306905585 0.570364073266519 3.25229396346907 0.00208347156941929 0.0215519763984192 -1.87337585942125
"TUBA1A" 2.46504492138644 1.19948842838369 3.17030067721248 0.00263510580792065 0.0268185768515795 -2.09087840153441
"PSMe4" -1.83028434857592 0.337757591140528 -3.15582782048447 0.00274576636378037 0.0275012472308796 -2.12889657024231
"SeRPIND1" 1.6107691626588 0.688028441939677 3.1270283828299 0.00297911018712584 0.0293721645011938 -2.20420950842608
"KRT8" 2.3268406584642 1.37402142304736 3.09930034982358 0.00322129117368997 0.0312713035476672 -2.27629014506214
"HSP90B1" -1.34722671875664 0.401908665735753 -3.05701432521453 0.00362648113491325 0.0346713575171251 -2.38539164820231
"KRT76" 2.73485517448084 1.50032032286503 2.97704016088708 0.00452649211288963 0.0426300973616919 -2.5889601911591
"P26038" 1.82542549550738 1.1333406550057 2.96784051727594 0.00464245943013488 0.0430792926531634 -2.61214086786456
"PARVB" 0.758992744395539 0.408945657906606 2.93481324773159 0.0050820280083516 0.0464747778734762 -2.69495301368367
"P34931" 1.55770559769421 0.704760182144938 2.91420397987854 0.00537565940206881 0.0484577297529346 -2.74630267651631
"PZP" 2.80616217915704 1.58382233784497 2.87535059495525 0.00597260942946065 0.0530227128176532 -2.84242063026415
"P35900" 0.976265166359975 0.909107359925009 2.8705722392675 0.00605013521849608 0.0530227128176532 -2.85417902901977
"FKBP4" -1.51050864314147 0.307773610383954 -2.84812822446356 0.00642693403959005 0.0555533613559085 -2.90922353857014
"HRG" -2.02537553943388 1.90016836831577 -2.83714435392334 0.00661916406985599 0.0564417909199882 -2.9360501539134
"P08727" 2.21327958507288 1.29650660735389 2.83033102067511 0.00674106903349282 0.0567148608017863 -2.95265376658227
"COL3A1" 0.743273477794006 0.302753326489726 2.79368020198526 0.00743327613333455 0.0617157531596592 -3.04147966942444
"CLeC3B" -1.82909944255707 2.73407577761207 -2.78128309355377 0.00768191159643811 0.0629517690565253 -3.07133688417095
"P61204" 0.903252485243014 0.540338427439164 2.76803301088981 0.00795613294094889 0.0636583161978823 -3.10314254275554
"H4" -1.99813050052911 1.60037448391229 -2.76737896996235 0.00796990012620079 0.0636583161978823 -3.10470966916195
"HSPA2" -2.42372804739046 0.692878943111484 -2.7198015223998 0.00903240773079777 0.0710214804100897 -3.21798647701241
"P62258" 1.14745736105983 0.499107347535886 2.71624461600061 0.00911686198608124 0.0710214804100897 -3.22639753218518
"AMY2B" 1.40256843399497 0.74822742113586 2.70990473288363 0.00926919871369494 0.0713276144919696 -3.24136953863701
"ADAMTS13" 0.956472866912395 0.332982228000967 2.67500340470615 0.0101505507821371 0.0771686451027528 -3.32333035628132
"KRT6B" 2.99093327944468 2.22641661277503 2.66909875172503 0.0103070541043965 0.0774256088080262 -3.33711907170562
"P31946" 0.906460020007808 0.416300648724564 2.66318937096295 0.0104658964778378 0.0776938903237139 -3.35089624965826
"P26583" 1.75099545422525 1.11725100709765 2.65145436826371 0.0107880043309793 0.0782937295853805 -3.37818819451406
"POSTN" 1.95008176505137 0.858096457429997 2.65120823596491 0.0107948565355437 0.0782937295853805 -3.37875966322211
"HSPA6" 1.4741845440965 0.711514689119529 2.62372492826818 0.0115855440035386 0.0830736166617367 -3.44232162448757
"CFD" -1.62289561099559 1.75420206290034 -2.60773320084213 0.0120696597145361 0.0855725312345197 -3.47907855673209
"FTL" -1.46229562390303 0.686434797671335 -2.59394703836517 0.0125017669031406 0.0876512768431301 -3.51063060672295
"KRT79" -2.13669853073477 2.41563447401021 -2.56336443386471 0.0135111673368618 0.0919232071538872 -3.58017384026094
"AMY1A" 1.40256843399497 0.755503261094872 2.55805502375743 0.0136937899722114 0.0919232071538872 -3.59218356964682
"AMY1B" 1.40256843399497 0.755503261094872 2.55805502375743 0.0136937899722114 0.0919232071538872 -3.59218356964682
"AMY1C" 1.40256843399497 0.755503261094872 2.55805502375743 0.0136937899722114 0.0919232071538872 -3.59218356964682
"P84077" 0.903252485243014 0.497523308665411 2.53559427821649 0.0144914722685429 0.0962538842257957 -3.64277970168237
"VCL" 2.2270051699611 0.917727114954689 2.5289798105136 0.014734306607347 0.0968473694712081 -3.65761496260623
"MST1" -1.77839982869629 1.60785553826297 -2.51341450224172 0.0153204009578431 0.0996615773649381 -3.69240875414258
"P00747" 1.82289616704937 1.01723332705427 2.49073340953526 0.0162123484921617 0.104387672434225 -3.74281375240257
"LIMS1" 0.735696746394035 0.626390033840329 2.463973186123 0.0173250419981534 0.110415264073337 -3.80183100110341
"GDI2" -1.57766126835719 0.851446839452645 -2.45994339781674 0.0174984570639202 0.110415264073337 -3.81067562531168
"SYNCRIP" 1.20581667575522 0.978798074633221 2.43896960836352 0.0184266114104359 0.115120710890941 -3.85652767541089
"KRT7" -1.52769322378386 3.18158863035919 -2.42018156219097 0.0192955127285056 0.119367338545951 -3.89734171701648
"TLN2" 1.58436777420546 0.966455129892931 2.3987737482655 0.0203304304787434 0.124548559534826 -3.94354590625481
"GSTA1" -1.88745085833104 1.18884112702396 -2.36730490857725 0.021942436345065 0.133131512824385 -4.01087872752014
"TCN2" -1.40214797212135 0.440545433393437 -2.35667301934916 0.0225124323720302 0.133295635359288 -4.03346882435506
"FAM124B" -1.30507348977765 0.542232326333978 -2.35594526167072 0.0225519298438979 0.133295635359288 -4.03501218537805
"TUBB4A" -2.40223057137487 0.741573985655821 -2.35500188748809 0.0226032218438095 0.133295635359288 -4.03701224430749
"Q13509" 1.65054090523732 0.919595553811429 2.34745989334377 0.0230170583207821 0.134479294448273 -4.05297929922836
"P36955" 1.21697821773711 0.746790949493321 2.32343291768071 0.0243810411163967 0.141141623343544 -4.10357520274114
"P61981" 0.599012732931332 0.3862453650712 2.290387314091 0.0263748690107886 0.151295839507342 -4.17248378034986
"C1S" -1.35829340156445 0.664569223577313 -2.26408732123365 0.0280641693386837 0.159535953628013 -4.2267599015092
"TIe1" -1.07921830596837 0.329321550699608 -2.25779680534914 0.0284822053527374 0.159822813493056 -4.23966701781348
"eNO3" -2.23225672120739 0.800492843654084 -2.25572338577883 0.0286212011485187 0.159822813493056 -4.24391498846107
"ADIPOQ" -1.05913107059973 2.93752513994763 -2.23617602082633 0.029961482981863 0.165839436504873 -4.28380800999847
"FLNB" 0.946228669301702 0.413331594768217 2.23146139844653 0.0302929564067636 0.166216134718851 -4.29338770459041
"P23528" 0.65119193443343 0.716620014092231 2.22209364385373 0.0309612325901773 0.168418429003465 -4.31237345958954
"O43505" 0.524995772319846 0.29264576963563 2.21644796555581 0.0313702550708947 0.169184879912261 -4.32378429061188
"KRT71" -1.54970129024919 2.06923573706999 -2.19784425844143 0.0327520877244222 0.17514040130602 -4.36121807672074
"APOC3" -1.78338677041727 1.19778688740857 -2.19155050692542 0.0332315895497066 0.17617616166207 -4.37382388314164
"ANXA5" -1.1806709643725 0.794981727204845 -2.18800819060165 0.0335041828834365 0.17617616166207 -4.38090582555342
"C5" 1.49108026682878 0.771532167322534 2.16268518701602 0.0355109505861155 0.184379495001938 -4.43125918393995
"THBS3" 0.697524346735228 0.323629307052341 2.16099415449471 0.0356486503807233 0.184379495001938 -4.43460457230222
"PPIA" -1.75904001407371 1.35382875730019 -2.13821739915 0.0375496107573365 0.192632555999019 -4.47945412646902
"LTF" -2.29878863373598 2.26415786302272 -2.1306176193377 0.0382033907590114 0.194405964265614 -4.49433158400723
"GNPTG" -0.9878221901456 0.334506007324156 -2.11942701237092 0.0391842351092327 0.197802018831407 -4.51615877312897
"CD44" -1.01217453330998 0.274022207389356 -2.04191843709812 0.0466025781989501 0.233382752726488 -4.66470995192043
"TUBA1D" 2.46504492138644 1.70209257780935 2.03075618883727 0.0477656214211006 0.236098679366631 -4.68572158037557
"Q32LP2" -1.54193930863782 0.846657908552228 -2.0295458161291 0.0478932344832469 0.236098679366631 -4.68799414671992
"H2BC12" -1.30167604329255 0.94148834362549 -1.99260788060215 0.0519322637265023 0.254025259003278 -4.75679813690942
"Q86Y46" 1.61756283233113 1.05126095261204 1.98848955908693 0.0524002967648792 0.254342978912606 -4.76440310110259
"SULT1e1" -1.11260758834797 0.516658063393535 -1.98187198000976 0.0531599770395887 0.25606065276321 -4.77659531291984
"DSP" 1.59424454505681 1.36211428931009 1.9651592642132 0.0551209018369786 0.263494614084345 -4.80723318012827
"APOM" 1.03992570556819 0.449846401681055 1.91405480498707 0.0615070642387985 0.291811710787082 -4.89954472030554
"KRT73" -1.54156291882231 2.38515311888049 -1.90923761391179 0.062140391790259 0.292616322534727 -4.90813877870699
"ARF4" -0.758955618286045 0.30652531458429 -1.87324278115938 0.0670510266714155 0.313401465404912 -4.97176515311424
"APOA4" -1.64213065572832 2.28641850567132 -1.86576778787716 0.0681111120738018 0.316015527342418 -4.98484739227962
"P15311" 0.850931745644587 0.776083929513556 1.83358830659601 0.0728383401514746 0.333050752481186 -5.04064851721025
"RAP1A" -1.39532518277791 0.599993751912971 -1.83358818905452 0.0728383579118916 0.333050752481186 -5.04064871949622
"POTeI" 0.97483162613638 0.510637212644928 1.80001388322527 0.0780625995376083 0.35437050581461 -5.09796865448976
"HBD" 1.32285676230523 0.814906290238242 1.78185442706423 0.0810170123941393 0.365155248719299 -5.12858613188203
"HSPA5" -1.2449640820145 0.826080446789921 -1.77313530424949 0.0824684768262588 0.369061055867868 -5.1431903138885
"RBP4" -1.64408001353423 1.85734450256641 -1.76596941577525 0.0836775895918288 0.37183492276369 -5.15514587127309
"NACA" -1.10249933541258 0.816083855863542 -1.76149649107802 0.0844397898812177 0.372597953951387 -5.16258695612375
"CAPN1" -0.897635714713583 0.388832623725532 -1.74766278432626 0.086833833970128 0.380501036355214 -5.18549552872359
"H2A1" -1.23165949422441 1.08487554912278 -1.72851061906676 0.0902412879052506 0.387362263049069 -5.2169489177075
"H2AJ" -1.23165949422441 1.08487554912278 -1.72851061906676 0.0902412879052506 0.387362263049069 -5.2169489177075
"H2AC20" -1.23165949422441 1.08487554912278 -1.72851061906676 0.0902412879052506 0.387362263049069 -5.2169489177075
"P09429" 1.10079877353077 1.13960692870907 1.72405465650331 0.0910497829411117 0.387865078453227 -5.22422306209941
"P49747" 0.693674576675181 0.476961206766378 1.72110760325106 0.0915877919009997 0.387865078453227 -5.22902487668504
"KRT4" 0.873823494507082 0.841445248595557 1.70059791814291 0.0954053750047004 0.399302058568579 -5.26224132588142
"FLNC" 0.634561883083564 0.271711608969947 1.69981294891452 0.0955540583896284 0.399302058568579 -5.26350561830058
"COL2A1" -0.963513860810982 0.598477585239702 -1.69289567957008 0.0968725657946558 0.402148611950183 -5.27462438861272
"GAPDH" -0.924475042523262 3.07871804506745 -1.68364708932947 0.098658848771392 0.404828924843911 -5.28942766218884
"APOe" -1.00998555901602 3.49230270079397 -1.68291521529192 0.098801354082349 0.404828924843911 -5.29059602422949
"Q14CN4" 1.06785902356866 1.04825329384874 1.6457101624332 0.106271779184318 0.43262898493745 -5.34939415948548
"RAP1B" -1.29578055100222 1.39753022001263 -1.63712770078823 0.108059065189247 0.434400496633095 -5.36279126792789
"O95678" 1.4714194202711 1.40815289159792 1.63672413713149 0.108143707089155 0.434400496633095 -5.36341968458818
"SeRPINA5" -0.785199418237252 4.39741935957571 -1.63373543126819 0.10877223212049 0.434400496633095 -5.36806929231559
"CFH" -1.01491727112696 4.64711187182647 -1.6297026267122 0.109625050137047 0.435052871927526 -5.37433118449609
"KRT75" -1.11713483341784 3.74408656908985 -1.62183818864309 0.111303817024942 0.43895054396018 -5.38650275583316
"SePTIN7" -0.794970144656351 0.378903709138505 -1.61582868279014 0.112600675591294 0.43895054396018 -5.39576795023304
"TRPC4" -0.595324345531838 0.269665615237759 -1.6153978603373 0.112694117466797 0.43895054396018 -5.39643098933115
"TUBB2A" 1.04862954360617 0.306442143454817 1.60640047989165 0.114660016083941 0.443867915024336 -5.41024178591094
"PCYOX1" -0.857901731769767 0.410504855434628 -1.59802659172646 0.11651459322458 0.448297001979938 -5.42303331362089
"OMD" -0.875173470066415 0.579161880070687 -1.58486366933324 0.119478841273965 0.452717134470763 -5.44301882459914
"ARFIP2" -1.01217453330998 0.436516442761799 -1.58422788942295 0.11962354541248 0.452717134470763 -5.44398037553882
"APOH" -0.736445080053925 3.60746490795528 -1.58338420744929 0.119815786777524 0.452717134470763 -5.44525582043769
"C4BPA" -1.32133933330646 1.09352212121896 -1.57932597936809 0.120743983307693 0.453508651590204 -5.45138233855472
"PFN1" -1.50489166323652 1.79396376116169 -1.56963811955112 0.122983251386246 0.457246305502578 -5.46595035963503
"FTH1" 0.534882630237425 0.282484824372127 1.56875775802132 0.123188386585481 0.457246305502578 -5.46727018801992
"KRT222" -0.993347715456121 0.871570823600914 -1.55657634179692 0.126055177210588 0.465150975554861 -5.48546381808032
"Q8N1N4" 1.12264814293584 0.896992418578169 1.54930551034807 0.127791682376752 0.468817160347269 -5.49626214079158
"IGF2R" 1.29234489007087 0.877479878395385 1.54463915276611 0.128916226535807 0.470208895630604 -5.50316832161162
"P02675" 0.524658596179019 0.361465457081215 1.53834057593742 0.130446673911537 0.472426223255766 -5.51246027355172
"F10" -1.05743015789849 1.80481524069034 -1.5359899965415 0.131021535768239 0.472426223255766 -5.51591914675275
"GSTA2" -1.55814453613856 1.47844549928175 -1.52845656584792 0.132877582683983 0.472693118464773 -5.52697227522876
"PIP" 0.519571364830443 0.463104733121213 1.52757496808725 0.1330961512449 0.472693118464773 -5.52826254431297
"Q7Z3Y7" 0.800369530127176 0.378250244393938 1.5265810596371 0.133342908219857 0.472693118464773 -5.52971637689278
"SeRPINA3-5" 1.32796414063908 4.1074092998534 1.50746648685118 0.13815984013812 0.4826876992841 -5.55750891373782
"P62826" 0.429038498765813 0.748294253470853 1.50673330320772 0.13834732331044 0.4826876992841 -5.55856862344859
"TUBA8" -1.29855654835142 0.601496485451664 -1.50408506673968 0.13902619056372 0.4826876992841 -5.56239235666577
"DDBX" -1.06645548332037 1.09075362379658 -1.50332264095681 0.139222125625525 0.4826876992841 -5.56349207297028
"RAB1B" -0.815078332687676 0.359511205731281 -1.4994463094629 0.140221692656617 0.483496656100138 -5.56907541241068
"VASP" -0.812241882952999 0.502140227184709 -1.47232222208067 0.147376093234377 0.505403884950501 -5.60777636589883
"KRT15" 1.47656212724435 0.898171136215576 1.45149249501974 0.153063157129718 0.518991462752287 -5.63705829177283
"P0DMV8" 0.899579426852527 0.839672292936283 1.44881785863003 0.153805710831502 0.518991462752287 -5.64079056932899
"P0DMV9" 0.899579426852527 0.839672292936283 1.44881785863003 0.153805710831502 0.518991462752287 -5.64079056932899
"CLeC11A" 0.350382932274211 0.313556625083039 1.44185477111126 0.155752102285006 0.522488412026763 -5.65047751337365
"YWHAZ" -0.978045241342 1.67445722854013 -1.43920401325447 0.15649811390342 0.522488412026763 -5.65415396637949
"CSN1S1" -1.05617144817615 1.04968891000601 -1.42741695602464 0.159849263398734 0.530867816866322 -5.67042678748631
"COLGALT1" -0.600226306316151 0.276744504294037 -1.42064602193831 0.161799441044992 0.531820316855044 -5.67971894323331
"RNASe4" -0.929348125042661 0.790744822982162 -1.42056906296345 0.161821712894086 0.531820316855044 -5.67982432528519
"LUM" -0.814391210249395 3.19119097981736 -1.41532732545459 0.163344289438257 0.534042728681555 -5.68698962926573
"GPI" -1.16425202241731 1.05996408749265 -1.41171026378755 0.16440142064103 0.534728332085001 -5.69191984397427
"HP252" -0.689244867157002 0.395237456647379 -1.39440551438089 0.169532599353917 0.548590103550367 -5.71534624447571
"PeBP1" -0.826789166183774 0.681304612077119 -1.35673917051125 0.181128442868132 0.583122691070364 -5.76541489317444
"GDF6" -0.700513967638696 0.295749412812816 -1.35315469147435 0.18226285706709 0.583796257915401 -5.7701135360523
"CORO1A" -0.667740933371292 0.546552496626269 -1.34834236654964 0.183794391741815 0.585728591864068 -5.77640356842483
"HBA" -0.500254534125268 4.52126570357216 -1.34114912200767 0.186101956137098 0.588533256258068 -5.78576688974974
"P02765" 1.29722227495411 1.06939274474532 1.33791269072912 0.187147364846092 0.588533256258068 -5.78996454368498
"CFL2" -0.758955618286045 0.374442757648552 -1.33503517586287 0.188080588621912 0.588533256258068 -5.79368877954203
"A1BG" -0.476531328078218 4.15117798268516 -1.33183667752559 0.189122062491411 0.588533256258068 -5.79781971482739
"ACTN4" -0.812241882952999 0.364055589207912 -1.32852314335822 0.190205610291359 0.588533256258068 -5.80208951824116
"P68133" 1.33443004945888 1.11980822651831 1.3279886513121 0.190380833445742 0.588533256258068 -5.80277733674223
"CALD1" -0.758955618286045 0.613608729397705 -1.31831423135166 0.193573629634794 0.588533256258068 -5.81518253423681
"ACTBL2" 0.839859081184629 0.466625960054164 1.31640671213305 0.194207915972593 0.588533256258068 -5.81761853203561
"GFAP" -1.1205352043301 1.07772854627193 -1.31547509451991 0.194518267576485 0.588533256258068 -5.81880706211929
"COLeC11" -0.618398318627193 0.487477162491397 -1.31479764112921 0.194744184469498 0.588533256258068 -5.81967084553249
"DSG1" -0.897635714713583 1.03087995997917 -1.31387320018101 0.195052786782673 0.588533256258068 -5.82084888134509
"ORM1" -0.601573695905643 3.86425014046426 -1.31143990167628 0.195866852320435 0.588533256258068 -5.8239460028749
"P08729" 0.822620010364547 0.723712998452794 1.3079364584565 0.197043442723944 0.589262617814258 -5.82839582807923
"COL6A3" 0.636220454465645 0.260466421892031 1.29215129033626 0.202410937422551 0.598499212172037 -5.84830748301785
"ACTA1" -1.77314715302337 2.17781526642366 -1.29173500276237 0.202553961925932 0.598499212172037 -5.8488295445388
"IGFBP6" -0.758955618286045 0.599377808165143 -1.29050341208065 0.202977545807949 0.598499212172037 -5.85037314976574
"POTeF" 0.955534798590974 0.49537561069465 1.27995164774419 0.206633934394815 0.602726810703933 -5.86354180940317
"MYH11" 0.550601896838958 0.652544957969425 1.27814539727095 0.207264747137627 0.602726810703933 -5.86578590198924
"CDH5" -1.01606715618191 0.991980297507352 -1.2749325000913 0.208390374198243 0.602726810703933 -5.86977030231411
"HBBF" -0.469368649946628 5.04709494072043 -1.27358959432646 0.208862208086987 0.602726810703933 -5.87143289954412
"CLU" -0.895112184876575 3.10692691815279 -1.27266572156419 0.209187276615153 0.602726810703933 -5.87257575835012
"Q9BQe3" 1.12251571893326 0.969807632327124 1.26597683297999 0.211552068493947 0.606769796453094 -5.88082699200134
"P02787" 1.15516434257428 0.814725741700157 1.25959857403825 0.213825544426788 0.610515468476485 -5.88865716207
"CL43" -0.848429323938279 0.940884828078096 -1.2530388577873 0.216182604248279 0.614248166737525 -5.89667148403205
"COMP" -1.14397395299283 2.11674356416753 -1.24787966341776 0.218049931830426 0.614248166737525 -5.90294718855865
"KRT28" -1.49163485931256 1.15356301224141 -1.24731387644163 0.218255438870069 0.614248166737525 -5.90363394250475
"P54652" 0.663855240822144 0.339616098038885 1.24242628904198 0.220036701889453 0.614248166737525 -5.90955435891123
"ACTB" -0.370600464991618 4.58489953713887 -1.23891453276281 0.221323172425554 0.614248166737525 -5.91379475385564
"ACTG1" -0.370600464991618 4.58489953713887 -1.23891453276281 0.221323172425554 0.614248166737525 -5.91379475385564
"P12259" 0.791357618164887 0.759135697267659 1.23721695450491 0.221947039645255 0.614248166737525 -5.91584051929875
"P16402" 0.476247760086645 0.535435086540311 1.22947540053693 0.22480856291057 0.619450668980654 -5.92513655883658
"CHAD" -0.758955618286045 0.459959781554867 -1.21977185051343 0.228433565274458 0.626702520383404 -5.93671117824104
"RAP1BL" 0.616157835459511 0.558280460192407 1.20708149280837 0.233238886704385 0.637115746798558 -5.95171842620559
"RGN" -0.712064151347319 1.02697867734299 -1.20365193751882 0.234550117890809 0.637935880987503 -5.95574877572943
"CRYZ" -0.985297784343202 0.771489576565082 -1.19894855116047 0.236357118657409 0.640091596020707 -5.96125855424398
"ANXA2" 0.584619840407101 1.02910085649948 1.18994202804722 0.239845633026693 0.646763224101895 -5.97175252794389
"Q9NY65" 0.839859081184629 0.771076784687933 1.18692941706539 0.24102082629397 0.647166559112745 -5.97524603559358
"SeRPINF1" -0.416378165638678 4.38231994384435 -1.1769160936252 0.244956965315387 0.654948496245803 -5.9867977445819
"GPX3" 0.524658596179019 0.481329126730382 1.17261336184119 0.246662538909001 0.656726000217637 -5.99173315262667
"MYLK" -0.812241882952999 0.407756496006438 -1.16500763220913 0.249698350844539 0.662015375558419 -6.00041547551634
"P12814" 0.875350990479386 0.537805322538134 1.16186441125947 0.250960790994448 0.662578490031367 -6.00398803201095
"ACe" -0.517724279877589 0.353554485651329 -1.13919441509072 0.260202066479102 0.684114599784639 -6.02948411790653
"MYH10" -1.10956838475692 1.59849695958135 -1.13429575137188 0.262230491519751 0.684915499939039 -6.03493095864146
"FGA" -0.794586933994788 3.17249349353836 -1.13169875108407 0.263310406988289 0.684915499939039 -6.03780955020597
"Q7RTS7" 0.851214852801806 1.14685695489893 1.12968592044629 0.264149580163341 0.684915499939039 -6.0400363286532
"SPP2" -0.897635714713583 0.907685424247359 -1.12801304874561 0.264848465903527 0.684915499939039 -6.04188415356505
"TPI1" -0.690290272975785 1.16634827998241 -1.12103985153137 0.267775849597045 0.686539801249699 -6.04955864857936
"KRT77" 0.952673908770317 1.11212838504281 1.11976579557902 0.268313172874809 0.686539801249699 -6.05095595886015
"CAPNS1" -0.595324345531838 0.739184125827107 -1.11810891783198 0.269013089983296 0.686539801249699 -6.05277087023291
"MDH1B" -1.10249933541258 1.30473120409333 -1.11618215693339 0.269828638209074 0.686539801249699 -6.05487819855127
"APOA1" -0.520519724883777 5.65700133956763 -1.1110025240001 0.272029707255309 0.687605495590545 -6.06052613649742
"OGN" -0.701905085766853 0.903564955960522 -1.10652989103773 0.273940510335465 0.687605495590545 -6.0653830778387
"P21291" 0.238503799220534 0.410715326481604 1.1063169241296 0.274031729589002 0.687605495590545 -6.06561387957404
"eIF4A1" 0.41522846606802 0.281091213558205 1.10392533083198 0.27505758072583 0.687605495590545 -6.06820285707652
"F12AI" -0.737306861213561 4.11224061514221 -1.10244008255028 0.275696022796209 0.687605495590545 -6.06980800650206
"P62979" 0.379134490199788 0.649622135978336 1.0933530070589 0.279624848790358 0.694113500539001 -6.07958391998549
"P63000" 0.534882630237425 0.56948871392229 1.09132853367012 0.280505455843812 0.694113500539001 -6.08175137418046
"PYGB" -0.504794595876523 0.383107542668964 -1.08689308771725 0.282441573018673 0.696174345995244 -6.08648671717982
"KRT27" -1.27432687637962 0.822600485886249 -1.08057805583093 0.285214235299103 0.700273083555386 -6.09319705482745
"AHCY" -0.938891111185856 2.07720855762668 -1.0717895918109 0.289104369866919 0.702046222862221 -6.10247366659805
"SeRPINA3-6" 1.47322479758478 3.76802438787071 1.06891945900588 0.29038275649178 0.702046222862221 -6.10548757906543
"S100A7" 0.430667883046919 0.524428888572263 1.06685343443726 0.291305409415352 0.702046222862221 -6.107652332012
"CFL1" -0.657806564154464 0.963123840118628 -1.06483579356457 0.292208414446255 0.702046222862221 -6.10976253469079
"KRT33B" 0.745381815616137 0.421834264019887 1.06457503261489 0.292325260610373 0.702046222862221 -6.11003498038698
"KRT31" 0.791357618164887 0.616384676505695 1.06393548782417 0.292611975614523 0.702046222862221 -6.11070291385221
"eNO1" -0.931212550289332 2.99192467694863 -1.05863741254674 0.294994648205874 0.705081905370858 -6.11622143956577
"UTRN" 0.473352465531774 0.277898308571694 1.04939375568791 0.299183760364113 0.712396048263227 -6.12578675849425
"IGFBP3" -0.917084139126157 1.43521702137938 -1.04551309072937 0.300954571963823 0.712955195530053 -6.12977858784925
"BCL2L14" 0.415625951270377 0.278345186011782 1.04393148135947 0.301678347395442 0.712955195530053 -6.13140145105935
"H2BC18" 0.360535890010583 0.730843712997558 1.03585555491585 0.305392665833728 0.715188628678879 -6.13965141879178
"AOC3" 0.79328552237986 0.499763080736666 1.03329535684841 0.306576667079474 0.715188628678879 -6.14225400313641
"KRT72" 1.16235721158471 1.78368945396979 1.03287103772739 0.306773202241023 0.715188628678879 -6.14268475224055
"BLVRB" -0.776366099361553 1.35086998416588 -1.03204277835108 0.307157081413591 0.715188628678879 -6.14352507526159
"PROC" -0.838045899207108 1.68102634411129 -1.02633785089568 0.309810091632962 0.717656828674905 -6.14929557610194
"SeRPINB12" 0.429038498765813 0.57571456833276 1.0248773514276 0.310491781661251 0.717656828674905 -6.15076794204656
"FGB" -0.894189611049533 2.91781616788423 -1.02185133316466 0.311907426103 0.71829775865326 -6.15381216012355
"KRT17" -1.49291895408699 3.15566229471789 -1.01473671221915 0.315253075591485 0.722316676734942 -6.16093561628251
"UBA52" -0.712061402992813 1.27572881511371 -1.01327805496788 0.315942001234301 0.722316676734942 -6.1623901964691
"H4C1" 0.429038498765813 0.852768548672937 1.00674289001614 0.319041072191985 0.7267686518164 -6.16888248063118
"AMBP" -0.520656229314833 3.34141423414827 -1.00177862422754 0.321408867353467 0.727165828355413 -6.17378726110568
"MYH14" 0.389580705207468 0.505922711842503 0.999697888819586 0.322404821659625 0.727165828355413 -6.17583614920049
"KRT5" -0.66321080800704 4.67624021226336 -0.996944214297043 0.323726070043611 0.727165828355413 -6.17854139458575
"S100A9" 0.555724131327389 0.734901277775447 0.99673825891489 0.323825036082204 0.727165828355413 -6.17874344011073
"F13A1" -0.594189388248199 1.66628805992448 -0.99380050427729 0.325238903314113 0.727750879401437 -6.18162106434005
"THBS1" -0.545185824739922 3.82406536567389 -0.982380388903675 0.330774398750735 0.7366361733444 -6.19272997472606
"KRT25" -1.27432687637962 0.870916214072822 -0.980801454752043 0.331544648541695 0.7366361733444 -6.19425618008828
"eeF1A1" -0.726682145461208 3.10639466574768 -0.976919262657925 0.333443574044569 0.738255772709204 -6.19799869710164
"PYGL" 0.350382932274211 0.289094199092255 0.972937696982671 0.335398608710616 0.739052940901556 -6.20182219639698
"YWHAG" 0.599012732931332 0.468170897201404 0.970034279009633 0.336829038974331 0.739052940901556 -6.20460088653794
"H2BC12L" 0.360535890010583 0.477914723900764 0.966676029584603 0.3384885894145 0.739052940901556 -6.20780490997064
"H2BC13" 0.360535890010583 0.477914723900764 0.966676029584603 0.3384885894145 0.739052940901556 -6.20780490997064
"ASL" -0.492123120082115 0.347499488022769 -0.952223447460391 0.345692297364376 0.749355711546401 -6.2214717510865
"FMOD" -0.84376835536575 1.06522880756232 -0.94649420596334 0.348575651773003 0.749355711546401 -6.22683465368308
"Q02413" 0.638096431167816 0.973412188118829 0.944753677928007 0.349454718809631 0.749355711546401 -6.22845771519962
"O60814" 0.360535890010583 0.497880389597874 0.935351688074078 0.354228329571013 0.749355711546401 -6.23717539438099
"H2BC14" 0.360535890010583 0.497880389597874 0.935351688074078 0.354228329571013 0.749355711546401 -6.23717539438099
"H2BC9" 0.360535890010583 0.497880389597874 0.935351688074078 0.354228329571013 0.749355711546401 -6.23717539438099
"H2BC5" 0.360535890010583 0.497880389597874 0.935351688074078 0.354228329571013 0.749355711546401 -6.23717539438099
"H2BC15" 0.360535890010583 0.497880389597874 0.935351688074078 0.354228329571013 0.749355711546401 -6.23717539438099
"H2BC4" 0.360535890010583 0.497880389597874 0.935351688074078 0.354228329571013 0.749355711546401 -6.23717539438099
"FHL1" 0.341666223566378 0.658231571395055 0.933677134188002 0.355082975835775 0.749355711546401 -6.23871925021433
"LYZ" 0.390077059658752 0.618327282928133 0.929348063807993 0.357298627144253 0.751518112426746 -6.24269807561353
"CCDC168" 0.791357618164887 0.497858398849557 0.925031948874883 0.359516564219038 0.753670936950874 -6.24664723682656
"PLeK" 0.321820548630142 0.356570434842956 0.918331857985855 0.362977190746969 0.758405984640191 -6.25274254419697
"eZR" -0.840330327440268 1.29807461408825 -0.915283986836969 0.364558521122411 0.759196128146011 -6.25550114462394
"B2M" 0.446894646777115 0.513877245340613 0.911495574189125 0.366530245409144 0.760791397543323 -6.25891765738325
"ILK" 0.566423404855806 0.589892980239292 0.902308690804906 0.371340080736941 0.768247839163967 -6.26714583080544
"P00488" 0.322609588078395 0.373297292501453 0.892723286695422 0.376401402372077 0.77617413364961 -6.27564504029648
"P0CG53" -0.712061402992813 1.03241699431888 -0.8807769955373 0.382770455015107 0.782559065706014 -6.28611467725318
"PPIe" -0.582858927929595 0.534199470938428 -0.880171245998573 0.38309520892663 0.782559065706014 -6.2866419147481
"CATHL4" -0.595324345531838 0.921576588262768 -0.879941722447404 0.383218306344149 0.782559065706014 -6.28684159769089
"KRT10" -1.56894821280867 1.86919749840774 -0.87383768756537 0.386501166028348 0.786716889560928 -6.29213353572087
"NCAM1" -0.456029144213883 0.308761910501216 -0.869121145389355 0.389049890713677 0.786806793279846 -6.29619813883931
"RAC1" 0.534882630237425 0.591880443610741 0.866474590106472 0.390484645014731 0.786806793279846 -6.29846954119535
"UBC" -0.712061402992813 1.09692025673344 -0.864549291109752 0.391530471132945 0.786806793279846 -6.30011770805195
"ACTC1" 1.10557153485485 3.14765073265295 0.864544610119298 0.391533015990288 0.786806793279846 -6.30012171091922
"HBB" -0.745984377588161 3.60338993350591 -0.860449795046748 0.393763158282065 0.788776358336454 -6.30361527274469
"TG" -0.697984282763992 0.830439203374032 -0.858106914190399 0.395042711336129 0.788835287509802 -6.30560690920456
"Q9BUF5" 0.482515089526528 0.589043054365598 0.854797229173421 0.396854691101144 0.789324374585518 -6.30841143244511
"KRT33A" 0.58268008355321 0.335776781552413 0.851056840597374 0.39890868418983 0.789324374585518 -6.31156826658805
"KRT19" -0.898155945771767 2.96099265043905 -0.850409350264351 0.39926491522484 0.789324374585518 -6.31211337542054
"TTR" -0.397698049771426 3.61322770476154 -0.848545810691234 0.400291283466507 0.789324374585518 -6.31368000462361
"MPV17L" -0.492466177518546 0.315558794847105 -0.834862379950031 0.407877581516514 0.801778049647726 -6.32508111749622
"H2B1" -0.522269155625438 0.855501407010386 -0.828364449449535 0.411510866301601 0.806407939864318 -6.33043218801779
"P00558" 0.369103663413791 0.750630568987068 0.823987996889677 0.413969061910935 0.808713554383281 -6.33401331503165
"HSP90AB1" -0.732678465191059 1.67089272268817 -0.820300606749794 0.416047159104824 0.810264683318346 -6.33701628797789
"AZGP1" 0.429038498765813 0.618569799322471 0.815437994209356 0.418797261865573 0.813046529291835 -6.34095632736663
"MAN2B1" 0.369103663413791 0.257721982999801 0.812785712261392 0.420301926195608 0.813046529291835 -6.34309579475715
"AKR1A1" -0.328521969016677 0.457750447432581 -0.810957362879205 0.421341069854881 0.813046529291835 -6.34456668754993
"P14923" 0.605666174003853 0.931804160540682 0.788438448039282 0.434266686755104 0.835433778483142 -6.36241850555169
"C9" -0.697130175337831 2.59736352446115 -0.781790484469551 0.438127260281608 0.840298787956519 -6.36759503454194
"CP" 0.566423404855806 0.486714698212137 0.778040690534853 0.440313770426897 0.84102626361697 -6.37049601631653
"P80209" -0.396815755152131 0.368808821772609 -0.776571428874331 0.441172255558189 0.84102626361697 -6.37162898428751
"Q0VCM4" -0.618342826935605 0.998684414612892 -0.771866889926792 0.443927746457233 0.84373014462203 -6.37524266924199
"AOCX" 0.714004567790511 0.648107272474439 0.765418743381776 0.447720898668052 0.847351111525871 -6.3801608652897
"LOXHD1" 0.238503799220534 0.305129942147082 0.762878152387947 0.449220613962996 0.847351111525871 -6.3820875944847
"Q3SWY2" -0.523813533980908 0.975216442046511 -0.761793931219946 0.449861525136556 0.847351111525871 -6.38290794099525
"LBP" -0.646842936336784 1.85962211188047 -0.755725827104797 0.453458389476719 0.851584058808958 -6.38747818165086
"HP20" -0.417099953091673 0.680981753881348 -0.745866866787049 0.459337815581005 0.860065761518143 -6.39482742470781
"AFP" 0.247437326355029 5.63990601640145 0.743091876227574 0.461000598184282 0.860625377083674 -6.39687900457275
"Q08554" 0.275086541405631 0.505329989393162 0.737260882283238 0.464505825976245 0.86461113920652 -6.40116556850884
"eeF2" -0.456029144213883 0.411835233384375 -0.733559217609872 0.466738947003609 0.865600820446811 -6.40386965928513
"HMGB1" -0.815244482359074 1.37648863820139 -0.73183517894638 0.467781108989481 0.865600820446811 -6.40512453848394
"P18065" 0.275086541405631 0.31297054960441 0.72768639174524 0.470294445318231 0.867707002911706 -6.40813248819112
"HRNR" 0.251759390969457 0.465822623919104 0.723561502757336 0.472800910064316 0.869583719467002 -6.41110652807184
"AGT" -0.347699559188231 5.10974841269168 -0.721481260162219 0.474067828045402 0.869583719467002 -6.41260010623164
"B4GAT1" -0.357809273316174 0.601513335851212 -0.716850773348003 0.476894801398102 0.872233680238267 -6.41590960675627
"YWHAB" -0.459752003816872 0.691992842911427 -0.711654448278573 0.480078528382837 0.875518934709741 -6.41959868614637
"CHIA" -0.681392206532828 2.43697362564595 -0.702324979139049 0.485824453461997 0.883368916974187 -6.4261560973936
"THBS2" -0.552083742750243 0.556608593747009 -0.69790899515627 0.488557535328503 0.883368916974187 -6.42923040619163
"KRT78" -0.600226306316151 1.21398713660327 -0.697868224556211 0.488582808278909 0.883368916974187 -6.42925870125157
"AOCY" 0.370156333089436 0.299076449280129 0.683889025164499 0.497290952788949 0.895726592531187 -6.43886483146697
"CPN1" -0.692790128644776 2.23358421359915 -0.682346905344698 0.498256789189298 0.895726592531187 -6.43991286327479
"TBA1B" -0.643022894457163 2.81683154113251 -0.674689012685111 0.503068163709673 0.90010229163694 -6.44508282603808
"YWHAe" 0.490994481480965 0.894440115061187 0.672490723287934 0.504453988046432 0.90010229163694 -6.44655635000609
"APCS" -0.514470794861233 0.693876707081285 -0.669508286857024 0.506337460343604 0.90010229163694 -6.44854794709544
"MAPRe2" -0.281356590181816 0.42282012260482 -0.669414590383419 0.506396693393207 0.90010229163694 -6.44861037452456
"P00742" 0.204165508921041 0.369009306496356 0.666244770991419 0.508402802040185 0.901129685638643 -6.45071728685137
"HNRNPR" 0.275086541405631 0.274976810390274 0.656966114481766 0.51429967192273 0.909028271661744 -6.45682817889683
"KNG2" -0.449505762199868 4.12277039415999 -0.649930147473846 0.518795575046749 0.911478673407946 -6.46140592698304
"COL10A1" -0.336884835877258 0.836743477537966 -0.648617567999623 0.51963660976981 0.911478673407946 -6.46225455918489
"VNN1" 0.522820318489555 2.79085309958901 0.648020332055764 0.520019528410238 0.911478673407946 -6.46264013677208
"P35625" -0.102492738707182 0.334972889619899 -0.639041531394605 0.525794331392081 0.917580852398502 -6.4683948056023
"GSN" -0.247387559718938 4.6420356331314 -0.638088440237296 0.526409300425131 0.917580852398502 -6.46900102463509
"FN1" -0.57349212629209 3.63302739964173 -0.629421918091984 0.532018590018589 0.922445377649025 -6.4744725861403
"PGK2" 0.220685685319671 0.431077244658023 0.629259824684259 0.5321237994679 0.922445377649025 -6.47457422189926
"ITIH4" -0.287246647947505 5.50207756163405 -0.618712069033376 0.538993276602195 0.927892051823944 -6.4811325064746
"Q14533" 0.400142789686101 0.451527797045678 0.6185514172211 0.539098258224066 0.927892051823944 -6.48123155165349
"HSPA1L" -0.59434297389288 1.39618597961092 -0.617091508196272 0.540052753350304 0.927892051823944 -6.48213045564289
"KRT80" -0.528655315120808 1.37415635638299 -0.614234457318578 0.541923225655374 0.927892051823944 -6.48388356694389
"H2AZ2" -0.436516518218006 0.622406535074498 -0.613174012756689 0.54261833141527 0.927892051823944 -6.48453222714526
"RPS4X" 0.288445841896998 0.513292028294379 0.609819688332852 0.544820054156122 0.929139065331116 -6.48657675849164
"RPS27A" -0.503670555436232 1.43074905315533 -0.606795392769393 0.546809066231636 0.930017576259198 -6.48841066394538
"GALK1" 0.2235531485585 0.276395954789196 0.599982203572014 0.5513034911894 0.935141136936859 -6.49250921902747
"FeRMT3" -0.591632144849224 1.78631223336103 -0.594784697295187 0.554744654008742 0.938455433457148 -6.4956051856138
"PGLYRP1" -0.612688551463274 1.52650722953648 -0.585222632637666 0.561103657477685 0.945325606581617 -6.50123161935631
"P05109" 0.291724180889914 0.687321161041491 0.581935152389445 0.563298284288508 0.945325606581617 -6.50314524791351
"P11021" 0.309499587831289 0.437578763486024 0.581932281057094 0.56330020297098 0.945325606581617 -6.50314691465865
"RAB8A" -0.209287725711972 0.302377082886402 -0.577463308967073 0.566290392260649 0.947822911184269 -6.50573122613054
"H2AZ1" -0.436516518218006 0.669371869306268 -0.572236520465021 0.569797570370891 0.949656522509232 -6.50872883779885
"KRT86" 0.400142789686101 0.501964950096177 0.571346385554738 0.57039591447068 0.949656522509232 -6.50923665934302
"SeRPINB3" 0.38380572425049 0.783301319974117 0.56275750215939 0.576185123661592 0.955990935550796 -6.51409654051792
"KRT35" -0.590188427637107 1.03842056043664 -0.561210838158711 0.577230659975996 0.955990935550796 -6.51496397739536
"HPX" 0.298130217188113 4.43467162277725 0.557249979311906 0.579912372333936 0.957918081001868 -6.51717465678561
"eRC1" -0.102492738707182 0.453126800778874 -0.550789797111976 0.584299139839856 0.95970925337377 -6.52074712163278
"C7" -0.451202444267273 3.19095786669979 -0.547891856006594 0.586272138629041 0.95970925337377 -6.52233631185978
"COL1A2" -0.444802148006193 1.33481183586698 -0.547086886562935 0.586820749014071 0.95970925337377 -6.52277627659274
"TF" 0.173203049487548 6.43319179890424 0.545174057806857 0.588125380973145 0.95970925337377 -6.52381919100754
"UBA1" -0.228917565517723 0.371507614924474 -0.544476636290951 0.588601396284705 0.95970925337377 -6.52419854237861
"ALDOB" 0.261479450490687 0.356123696946491 0.541439531706357 0.590676465703413 0.960610437780551 -6.52584493479283
"TUBA4A" -0.503824321531933 2.94213655683537 -0.5385675244231 0.592641921440857 0.961329183622572 -6.52739346004054
"SLC2A1" -0.102492738707182 0.273565477653511 -0.532568629557563 0.596757203515353 0.963894732267337 -6.53060168670714
"TUBB6" -0.471508774640474 0.781667074279942 -0.531809873580279 0.597278669281345 0.963894732267337 -6.5310049418811
"HSPA8" -0.499736017952447 2.18840594973386 -0.514984730734743 0.608896465184955 0.970790766078966 -6.53980093806989
"P27348" 0.184553675341 0.290054174300835 0.514661770200231 0.609120481679667 0.970790766078966 -6.53996704330946
"ARF1" -0.250943961944818 0.648213854274732 -0.510762402270848 0.611828195142929 0.970790766078966 -6.5419644340475
"GPLD1" 0.454041041667969 1.27736996011665 0.497195243062828 0.621291709322242 0.970790766078966 -6.54879687996934
"UBB" 0.170743642643207 0.577739721944097 0.493976281949701 0.623546630018233 0.970790766078966 -6.55039123722029
"P0CG48" 0.170743642643207 0.577739721944097 0.493976281949701 0.623546630018233 0.970790766078966 -6.55039123722029
"IQGAP1" 0.327407281004058 0.787962784654897 0.491137243918969 0.625538434816677 0.970790766078966 -6.55178891031352
"FAP" -0.34401637901082 0.55780279319837 -0.487691311134918 0.627959813960092 0.970790766078966 -6.55347464563884
"TUBB3" 0.565933555262114 1.54141251624483 0.477576323042811 0.635091195734327 0.970790766078966 -6.55835496639048
"HSP90AA1" -0.484714458968039 2.00619567514892 -0.47245673161696 0.638714073428022 0.970790766078966 -6.56078647208533
"ARF3" -0.250943961944818 0.662656135431604 -0.471462488555024 0.639418685171084 0.970790766078966 -6.56125566869316
"CA2" 0.204954548369294 0.345645323777982 0.453650190487504 0.652098458056891 0.970790766078966 -6.56949554499342
"P07737" -0.102492738707182 0.41744026887899 -0.453309179330915 0.652342238751285 0.970790766078966 -6.56965022647671
"P19827" 0.31196631888315 0.489176403833407 0.451872623154677 0.653369618550272 0.970790766078966 -6.57030057716738
"HBG1" -0.102492738707182 0.477156268145192 -0.450734093526521 0.65418434082528 0.970790766078966 -6.57081455287026
"HBG2" -0.102492738707182 0.477156268145192 -0.450734093526521 0.65418434082528 0.970790766078966 -6.57081455287026
"ACO1" 0.224271178888125 0.368919030414894 0.449861930623458 0.654808740847179 0.970790766078966 -6.57120741079257
"PGM1" -0.213504929851548 0.393637497378766 -0.44604029205295 0.657547664719566 0.970790766078966 -6.57291993656646
"KRT20" -0.329121481572379 1.22298441785712 -0.443814362551401 0.659145153354235 0.970790766078966 -6.5739107269511
"P16070" -0.102492738707182 0.292146950984891 -0.438776822022785 0.662766374290081 0.970790766078966 -6.57613484825241
"H2AC6" -0.102492738707182 0.321811550347599 -0.434526887182581 0.665827765166295 0.970790766078966 -6.57799164666812
"P62987" 0.170743642643207 0.600125432816278 0.431294877375337 0.668159759056538 0.970790766078966 -6.57939171024609
"Q14624" 0.31196631888315 0.627085872180991 0.427444298610527 0.670942384935627 0.970790766078966 -6.58104619000446
"RPS4" -0.309575387034516 0.663552093265655 -0.423819689084078 0.673565972738918 0.970790766078966 -6.58259012332493
"TUBB5" -0.473023851549216 2.02978074745611 -0.422423417245806 0.674577726849544 0.970790766078966 -6.58318139551677
"CSRP1" 0.238503799220534 0.533260908749307 0.420288368940781 0.676125979724446 0.970790766078966 -6.58408176874647
"P05786" -0.530929527515439 1.54148494534518 -0.416614128483021 0.678793699850097 0.970790766078966 -6.58562063283438
"RPL12" -0.102492738707182 0.361472331618091 -0.41478240672916 0.680125194547225 0.970790766078966 -6.58638279312332
"ITIH2" 0.141992084717631 0.271640739549629 0.410247733364689 0.683425908476595 0.970790766078966 -6.58825527756388
"NeFH" 0.228224382609202 0.384919047854502 0.405746261032633 0.686708638568622 0.970790766078966 -6.59009383605043
"PGK1" -0.35850714448651 1.44964417635107 -0.404393786701537 0.687696134952085 0.970790766078966 -6.59064229810804
"KLKB1" 0.29579009749957 2.45522538487941 0.402521510413561 0.689064066391103 0.970790766078966 -6.59139855112963
"SeRPINF2" -0.20494449546915 4.3277909011828 -0.394041848129052 0.695272592535673 0.970790766078966 -6.59478002067123
"O00299" -0.102492738707182 0.309808546473659 -0.393581966581705 0.695609910235689 0.970790766078966 -6.59496136483884
"KRT24" 0.204165508921041 0.307843755544185 0.386926328457959 0.700498666776869 0.970790766078966 -6.59756230952095
"P11171" -0.102492738707182 0.343269224856955 -0.385886346925796 0.701263726310625 0.970790766078966 -6.5979647400085
"C4" -0.166782914975472 4.59241938916497 -0.381095504281098 0.704792120378007 0.970790766078966 -6.59980469946177
"BLMH" -0.102492738707182 0.34131178630279 -0.381094327942236 0.704792987545013 0.970790766078966 -6.59980514843813
"P35443" -0.102492738707182 0.314705057137273 -0.378389678061074 0.706787830348467 0.970790766078966 -6.60083379660017
"P29279" -0.102492738707182 0.375357173522509 -0.37489004325287 0.709372105440057 0.970790766078966 -6.60215398946416
"TAGLN2" -0.378102176208701 1.7896858980515 -0.374799332099543 0.709439136331283 0.970790766078966 -6.60218804695514
"P07195" -0.102492738707182 0.331726118496806 -0.373378952587422 0.710489026121084 0.970790766078966 -6.60272025963441
"RPL30" -0.102492738707182 0.316838166991133 -0.371040107149323 0.712219044673743 0.970790766078966 -6.60359224140182
"P62851" 0.136142839248626 0.538293948984258 0.368358219390872 0.714204688675952 0.970790766078966 -6.60458541301961
"C3" -0.140778767316456 6.60985039740058 -0.361412237743719 0.719356681835939 0.970790766078966 -6.60712437993244
"KNG1" -0.179146686685527 4.54464354662345 -0.360663695462128 0.719912683366588 0.970790766078966 -6.60739512572023
"MFGe8" -0.102492738707182 0.28800563179801 -0.359458863553121 0.720807928069661 0.970790766078966 -6.60782973775476
"CST3" -0.123727943410865 0.296271887536228 -0.35906448405836 0.721101055711073 0.970790766078966 -6.60797168575797
"CATHL1" 0.199045071418655 0.572803420151975 0.357013031205782 0.722626505116454 0.970790766078966 -6.60870755996421
"F5" -0.311854106060496 4.62038982616386 -0.356642030822187 0.72290250066313 0.970790766078966 -6.6088401932578
"CSN2" -0.253830599562738 0.719409121077165 -0.353942225878144 0.724912063860775 0.970790766078966 -6.60980124703482
"AFM" 0.286570713185231 3.6330774368852 0.352750526824022 0.725799711798209 0.970790766078966 -6.61022314695152
"Q06830" -0.102492738707182 0.336582340418348 -0.346204434993375 0.730682373704721 0.970790766078966 -6.61251542871963
"HGFAC" 0.10303064561057 0.363443167339019 0.345672173162533 0.731079880580283 0.970790766078966 -6.61269993580548
"SeRPINA7" -0.23481377872475 3.61633860496395 -0.345546832345348 0.73117349917431 0.970790766078966 -6.61274334376076
"CD14" -0.311036444234241 0.896772712450706 -0.34247863398917 0.733466458290035 0.970790766078966 -6.61380103528634
"SeRPINC1" -0.226502812893651 4.95379030804966 -0.339784048618844 0.735482229817932 0.970790766078966 -6.61472218985647
"P23526" -0.102492738707182 0.434848844648397 -0.335683343660811 0.738553497549996 0.970790766078966 -6.61611013629696
"LGALS3BP" -0.199250594831905 0.705418077214483 -0.334338094701209 0.739561977070142 0.970790766078966 -6.61656180268191
"P04272" -0.334405219369429 1.21847887840817 -0.334209671236301 0.739658275203351 0.970790766078966 -6.61660482637607
"ACTN1" -0.320712819164852 0.758090282966487 -0.334025942540963 0.739796051193696 0.970790766078966 -6.61666634950655
"TUBB4B" -0.361744529456486 1.99452773543662 -0.331951738657913 0.741352068589863 0.970790766078966 -6.61735857842816
"P00338" 0.141992084717631 0.339952528327364 0.331065189868939 0.742017469224315 0.970790766078966 -6.61765313911952
"AHSG" -0.10144188591527 6.27250171719331 -0.329526450019987 0.74317284483712 0.970790766078966 -6.61816253222852
"GC" 0.105064633965902 4.99867536177431 0.326701085503491 0.745295845202815 0.970790766078966 -6.61909170551792
"P37802" 0.105898108849399 0.354293361291635 0.326535737851831 0.7454201506721 0.970790766078966 -6.61914583643047
"CLIC1" -0.157244242279898 0.656642505144377 -0.319678929226046 0.750580961257755 0.970790766078966 -6.62136656785755
"RPL22" 0.0829224575792456 0.348742198865514 0.315409699284324 0.753800058244435 0.970790766078966 -6.62272554891913
"IGKC" 0.238503799220534 0.647521334386395 0.31191760981619 0.75643646068799 0.970790766078966 -6.62382362204374
"CKB" -0.138214047841908 0.278064743634779 -0.309820288548609 0.758021271616195 0.970790766078966 -6.62447726385493
"HNRNPK" 0.170743642643207 0.431388864781368 0.305873970850711 0.761006089781404 0.970790766078966 -6.62569524782285
"P16403" 0.136142839248626 0.413501804493008 0.303945421801369 0.762466096443779 0.970790766078966 -6.62628481413911
"H1-4" 0.136142839248626 0.413501804493008 0.303945421801369 0.762466096443779 0.970790766078966 -6.62628481413911
"P62937" -0.102492738707182 0.554483106393435 -0.300298863091006 0.765229100278327 0.970790766078966 -6.62738943133982
"A2M" 0.100814496170791 6.85398639709391 0.297679715346424 0.767215537967307 0.970790766078966 -6.62817462851271
"P02656" -0.102492738707182 0.312947293834637 -0.295197815378893 0.769099339620625 0.970790766078966 -6.62891235626097
"PLG" -0.199877823756824 5.08341324061474 -0.294311493207767 0.769772413679334 0.970790766078966 -6.62917431817855
"P09210" 0.136142839248626 0.330527392169844 0.292808719183941 0.770914030502089 0.970790766078966 -6.62961668541229
"CAP1" 0.319381799948056 1.32920007249191 0.291141709379198 0.772181011560897 0.970790766078966 -6.63010475840479
"B4GALT1" -0.212653802318856 0.604090201189785 -0.284763109279798 0.777034710337366 0.970790766078966 -6.63194666569209
"F11" 0.186984762291874 0.767003666770929 0.278335474881019 0.781934815267134 0.970790766078966 -6.63376159744174
"K2C4" 0.32871295844548 1.07211431784201 0.274358792315107 0.784970926778347 0.970790766078966 -6.63486378859435
"YWHAQ" 0.184553675341 0.514867348909609 0.27131470580444 0.787297305768536 0.970790766078966 -6.63569681421907
"MBL" 0.105636300390677 0.373473500404577 0.25990375841604 0.796035149294589 0.970790766078966 -6.63873698754662
"P46781" -0.102492738707182 0.294764093673969 -0.259486238887728 0.796355369767748 0.970790766078966 -6.638845755833
"HSPA1B" -0.221259668885037 2.41794247840277 -0.259309024186126 0.796491296918315 0.970790766078966 -6.63889186943639
"HSPA1A" -0.221259668885037 2.41794247840277 -0.259309024186126 0.796491296918315 0.970790766078966 -6.63889186943639
"P05452" -0.102492738707182 0.63467875107243 -0.258562496646522 0.79706396802397 0.970790766078966 -6.63908578083533
"DCD" 0.0829224575792457 0.409362076418307 0.256643503668835 0.798536569133029 0.970790766078966 -6.63958168299937
"THeMIS" -0.102492738707182 0.314023317558594 -0.256432417419145 0.798698598199512 0.970790766078966 -6.63963600656288
"HBe1" -0.102492738707182 0.355476418673161 -0.254918656885087 0.799860816982232 0.970790766078966 -6.64002427047021
"P05543" -0.102492738707182 0.424580065328214 -0.253296569889983 0.801106712853011 0.970790766078966 -6.64043777447896
"HPD" 0.127378918489282 0.415668077339158 0.251677595211324 0.802350738556778 0.970790766078966 -6.64084786011835
"Q00610" 0.141992084717631 0.270744400877645 0.247496155241052 0.805566154668085 0.970790766078966 -6.64189488284133
"FGG" -0.260748304938286 1.88977614221664 -0.246971428518808 0.805969896310028 0.970790766078966 -6.64202503762572
"P08697" -0.102492738707182 0.422768746850354 -0.245050308747386 0.807448522027088 0.970790766078966 -6.64249920680112
"CATHL2" -0.102492738707182 0.348458948683919 -0.244481962732553 0.807886096424527 0.970790766078966 -6.64263877750672
"P61284" -0.102492738707182 0.272669072133968 -0.243973394264267 0.808277700131954 0.970790766078966 -6.64276339437135
"LPA" 0.105898108849399 0.288490087895019 0.242159205969875 0.809675049289239 0.970790766078966 -6.64320582454639
"Q86UX7" -0.102492738707182 0.290262389270065 -0.241228036594419 0.810392510771252 0.970790766078966 -6.64343163161627
"GGH" 0.151379943033884 0.577545365003286 0.237905119865033 0.812954137073138 0.970790766078966 -6.6442303590488
"WDR1" 0.129158244802904 0.49446527816826 0.236136410655081 0.814318473449865 0.970790766078966 -6.64465099535541
"HMGB2" 0.243292430690933 1.45785418284916 0.23380513279674 0.816117647598329 0.970790766078966 -6.64520063818281
"P51884" -0.102492738707182 0.355631198281322 -0.232130773963759 0.817410459099639 0.970790766078966 -6.64559204276123
"F12" -0.155704476765643 1.40352742793015 -0.230656128563881 0.818549491637505 0.970790766078966 -6.64593443701613
"IGFBP2" -0.291648111949255 2.40775523204748 -0.228974742092236 0.819848695130126 0.970790766078966 -6.64632217749318
"P01009" 0.184553675341 0.384859138319171 0.227890697147796 0.820686604825711 0.970790766078966 -6.64657066567616
"MSN" -0.264716913002672 1.31140299204594 -0.227217521777136 0.821207040248668 0.970790766078966 -6.64672438082652
"P02649" -0.102492738707182 0.591694934187602 -0.2267939907273 0.821534515942083 0.970790766078966 -6.64682085879649
"CSN1S2" 0.184553675341 0.825354632457218 0.226217837512004 0.821980051105277 0.970790766078966 -6.6469518148629
"RDX" -0.102492738707182 0.501332519865363 -0.225434501052268 0.822585894530868 0.970790766078966 -6.64712932921809
"FLG2" 0.0829224575792457 0.546101704521524 0.221943960991473 0.825286848233011 0.970790766078966 -6.64791286214393
"S100A12" -0.102492738707182 0.286516449992109 -0.221221524882477 0.825846131483725 0.970790766078966 -6.64807350575272
"H2AC4" 0.0530886029341064 0.328575956505916 0.221151822741221 0.82590009712247 0.970790766078966 -6.64808897733534
"H2AC25" 0.0530886029341064 0.328575956505916 0.221151822741221 0.82590009712247 0.970790766078966 -6.64808897733534
"O75083" 0.0829224575792457 0.280586141774954 0.219844108582138 0.826912728413242 0.970790766078966 -6.64837834488605
"ARHGDIB" 0.0829224575792456 0.279676009478865 0.219303814158182 0.827331193328136 0.970790766078966 -6.64849739982744
"ANG1" -0.102492738707182 0.327357710119103 -0.218813402419564 0.827711067240864 0.970790766078966 -6.64860520989855
"P35580" -0.102492738707182 0.441271939685429 -0.216319058229353 0.829643832684484 0.970790766078966 -6.6491498277967
"ReG1" -0.102492738707182 0.282004772270175 -0.21347708993018 0.831847253442704 0.970790766078966 -6.64976275125861
"P06733" -0.102492738707182 1.00307738353785 -0.212886600592201 0.832305240351918 0.970790766078966 -6.64988908618898
"LOX" -0.102492738707182 0.69202037673911 -0.211505236230676 0.833376863484614 0.970790766078966 -6.65018326422076
"PGAM1" 0.0882174909083191 0.402911325504952 0.21015838433235 0.834422020264259 0.970790766078966 -6.65046825195888
"IGFBP4" -0.102492738707182 0.316080397760248 -0.209168716983236 0.835190194299952 0.970790766078966 -6.65067650282963
"IGLC3" -0.102492738707182 0.303549571080174 -0.207810156345478 0.836244965100241 0.970790766078966 -6.65096078012678
"TIMP3" -0.102492738707182 0.303581002833819 -0.207553529612838 0.836444241291486 0.970790766078966 -6.65101427135472
"CLTC" 0.141992084717631 0.392360977696785 0.207131287369635 0.836772145045847 0.970790766078966 -6.65110213986013
"eDIL3" 0.105898108849399 0.874239341804051 0.205689166788553 0.837892283352177 0.970790766078966 -6.65140089796618
"RPS25" 0.136142839248626 0.528543909319453 0.20560677871862 0.83795628689084 0.970790766078966 -6.65141790304008
"Q08380" -0.102492738707182 0.393787616540834 -0.203689420013824 0.839446106885029 0.970790766078966 -6.65181172919608
"F9" -0.181335779732079 1.26479360370761 -0.203009297458271 0.83997471641886 0.970790766078966 -6.65195054159695
"P02753" -0.102492738707182 0.304305999228133 -0.20211998763104 0.840666024174366 0.970790766078966 -6.65213134970415
"ACTN3" -0.102492738707182 0.28601249898022 -0.199488041508952 0.842712716105153 0.970790766078966 -6.65266181499693
"ACO2" -0.102492738707182 0.361765483052936 -0.194255884017816 0.846784663681214 0.970790766078966 -6.65369573370111
"Q32Le4" -0.102492738707182 0.358614391703744 -0.193676137195067 0.847236115831085 0.970790766078966 -6.65380860826305
"KRT18" -0.102492738707182 0.340387878901831 -0.192573528706722 0.848094865867181 0.970790766078966 -6.65402235252697
"HABP2" -0.121409243835881 1.13805930585204 -0.192294027787897 0.848312580539688 0.970790766078966 -6.65407634111635
"GAPDHS" -0.102492738707182 0.322370115713481 -0.191938785869364 0.848589310187781 0.970790766078966 -6.65414484689416
"RASA1" -0.102492738707182 0.310522415542501 -0.185621703034648 0.853513431562043 0.970790766078966 -6.65534192663787
"P01042" -0.102492738707182 0.328975594078848 -0.184686132262584 0.854243207950666 0.970790766078966 -6.6555158155521
"P13929" -0.102492738707182 0.395447519903641 -0.184682695247448 0.854245889174531 0.970790766078966 -6.65551645275186
"ASS1" -0.102492738707182 0.346997363117123 -0.183198989569356 0.855403493264481 0.970790766078966 -6.65579041601432
"PRDX2" -0.0986601336755379 0.559004630605749 -0.182582021412915 0.855884953476687 0.970790766078966 -6.65590368833687
"H2AC7" 0.0530886029341064 0.298618059715194 0.178424233438351 0.859130978190372 0.970790766078966 -6.65665708690507
"P02749" -0.102492738707182 0.451919943200276 -0.175489626335063 0.861423536224917 0.970790766078966 -6.65717840976522
"O43707" -0.102492738707182 0.363742985490342 -0.174095417109011 0.862513136132489 0.970790766078966 -6.6574230607375
"DYNC1H1" -0.102492738707182 0.327439591398445 -0.173007009294746 0.863363934280542 0.970790766078966 -6.65761269611999
"COL1A1" 0.165631900996469 1.249747684195 0.172803013409703 0.863523414159091 0.970790766078966 -6.65764810654068
"P00751" -0.102492738707182 0.338174304148422 -0.171827174155603 0.864286384860341 0.970790766078966 -6.65781691940837
"HMGCR" -0.102492738707182 0.299332174844075 -0.170611022700318 0.865237428882928 0.970790766078966 -6.6580259679894
"ARHGeF9" -0.102492738707182 0.399278493642343 -0.169011100565645 0.866488892230774 0.970790766078966 -6.65829872538085
"P68871" -0.102492738707182 0.444238308283867 -0.168792261813882 0.866660095393054 0.970790766078966 -6.65833583382137
"H1-2" 0.136142839248626 1.01099196772226 0.168616409877439 0.866797673542945 0.970790766078966 -6.65836561819735
"CHI3L1" -0.102492738707182 0.759499594345939 -0.168460131651199 0.86691994164964 0.970790766078966 -6.65839206131278
"CATHL3" -0.102492738707182 0.337409403174493 -0.16844784625504 0.866929553570147 0.970790766078966 -6.65839413902951
"P02763" 0.0829224575792456 0.32012740065791 0.167996928708615 0.867282359118711 0.970790766078966 -6.65847029386866
"K2CA" -0.102492738707182 0.49157497204076 -0.167365683616387 0.867776301780167 0.970790766078966 -6.65857656147237
"H1-3" 0.136142839248626 1.0433624240056 0.167338791268108 0.867797345944064 0.970790766078966 -6.65858107981827
"SPON1" -0.102492738707182 0.468705315670895 -0.165882236778004 0.868937292551428 0.970790766078966 -6.65882472094884
"MAP4" -0.102492738707182 0.337161908363979 -0.165409584934954 0.869307265651976 0.970790766078966 -6.65890332527517
"PRDX1" -0.102492738707182 0.546049595625712 -0.165254298393883 0.869428824235196 0.970790766078966 -6.65892910129754
"CDH1" -0.102492738707182 0.600999147693407 -0.163850286509365 0.870528031342493 0.970790766078966 -6.65916105556413
"Q06033" -0.102492738707182 0.590504811827602 -0.162990041584935 0.871201648476735 0.970790766078966 -6.65930219837885
"DSC1" -0.102492738707182 0.453335524236637 -0.162354450739144 0.871699411539078 0.970790766078966 -6.65940600482464
"GAL3ST4" -0.102492738707182 0.370598323564226 -0.16066388913818 0.873023629583574 0.970790766078966 -6.65968014003611
"LeCT2" -0.102492738707182 0.40535114520609 -0.159754877032792 0.873735811309401 0.970790766078966 -6.65982635709605
"BRN" -0.102492738707182 0.463884710841 -0.15706588842432 0.875843162744945 0.970790766078966 -6.66025403638505
"PKP1" -0.102492738707182 0.315565674847234 -0.156954512974907 0.87593046700348 0.970790766078966 -6.66027159405868
"KRT40" -0.102492738707182 0.28844792166748 -0.154973863975725 0.877483304183957 0.970790766078966 -6.66058175349681
"P78385" -0.102492738707182 0.434649580733642 -0.154266863503942 0.87803771362343 0.970790766078966 -6.66069151316314
"MAML2" -0.102492738707182 0.395914935966484 -0.151704363938255 0.880047667025865 0.970790766078966 -6.66108513150031
"IGFBP5" -0.102492738707182 0.517686905947146 -0.150385068622308 0.881082797287854 0.970790766078966 -6.66128521618513
"TUBA1C" -0.102492738707182 0.335330475246119 -0.148624163413932 0.882464744549457 0.970790766078966 -6.6615495550753
"IGHG4" -0.102492738707182 0.354738482674643 -0.146238610179887 0.884337499369291 0.970790766078966 -6.66190270174948
"P02647" -0.102492738707182 0.803771327597334 -0.145467234791687 0.884943203071903 0.970790766078966 -6.66201567124244
"ARG1" -0.102492738707182 0.789853158760867 -0.143797201938304 0.886254792702423 0.970790766078966 -6.6622582057498
"KPRP" -0.102492738707182 0.531270244173194 -0.142725288492752 0.887096808305914 0.970790766078966 -6.66241240259841
"CCN2" -0.102492738707182 0.732630820155657 -0.141712857422111 0.887892219675332 0.970790766078966 -6.66255698421071
"PF4" -0.102492738707182 0.493140774575256 -0.141404676618434 0.888134363522567 0.970790766078966 -6.6626007902321
"BPT2" -0.102492738707182 0.60882521501471 -0.141275572667648 0.888235806290516 0.970790766078966 -6.66261911325058
"P02790" -0.102492738707182 0.311598705911339 -0.141033948687689 0.888425666165643 0.970790766078966 -6.662653360686
"IGF2" -0.102492738707182 0.705943254415119 -0.140357944724556 0.888956882032697 0.970790766078966 -6.66274886533029
"P00738" -0.102492738707182 0.333793307575117 -0.140147865230743 0.889121976697826 0.970790766078966 -6.66277845160737
"LASP1" -0.102492738707182 0.588559131748599 -0.138589069202872 0.890347138390105 0.970790766078966 -6.66299659941039
"SeRPINA3-8" -0.128283752872298 2.76356503180944 -0.138170375038219 0.890676264171342 0.970790766078966 -6.66305477876331
"KRT84" -0.102492738707182 0.579494009436698 -0.134710518902263 0.893396715027253 0.970790766078966 -6.66352880840957
"P08603" -0.102492738707182 0.361869046592644 -0.134651864745522 0.893442845458962 0.970790766078966 -6.66353674098896
"P02774" -0.102492738707182 0.817341281900046 -0.130986011133419 0.896326704007421 0.970790766078966 -6.66402567279341
"FeTUB" 0.0506836567852824 4.53036562922424 0.130403165907433 0.896785348655604 0.970790766078966 -6.66410216710163
"Q08188" 0.0829224575792457 0.494699043019943 0.128777380238296 0.898064877301185 0.970790766078966 -6.66431373831122
"IGHG3" -0.102492738707182 0.378716402118438 -0.127831980925606 0.898809053003392 0.970790766078966 -6.66443554795272
"IGHG2" -0.102492738707182 0.404079427542237 -0.125696779501884 0.90049012388649 0.970790766078966 -6.66470735675983
"CPB2" -0.096717736860104 2.49092361437449 -0.122052779131219 0.903360150208579 0.970790766078966 -6.6651606667497
"P63267" -0.102492738707182 0.706404285464378 -0.12127089050656 0.903976139226981 0.970790766078966 -6.66525619640171
"CTSC" 0.0693608438942382 0.512298981811556 0.120838661014682 0.904316684708444 0.970790766078966 -6.66530874203127
"P00734" -0.102492738707182 0.971546688862607 -0.120047106948299 0.904940382261338 0.970790766078966 -6.66540448421861
"IGHG1" -0.102492738707182 0.493334150531808 -0.117249666382641 0.907145080969189 0.970790766078966 -6.6657378094538
"JUP" 0.112834567179197 1.93676595742777 0.116294336057976 0.907898158925732 0.970790766078966 -6.66584984137832
"ADORA1" -0.102492738707182 0.406560103967575 -0.112427166881865 0.91094747724136 0.970790766078966 -6.66629398630246
"KRT83" -0.102492738707182 0.457778587254636 -0.111580659656823 0.911615142408701 0.970790766078966 -6.66638920522588
"eeF1A2" -0.102492738707182 0.504483922437861 -0.110543658463153 0.912433143424067 0.970790766078966 -6.66650487148058
"P62736" -0.102492738707182 0.638998481544567 -0.109829942277163 0.912996188353932 0.970790766078966 -6.66658385167174
"P02751" -0.102492738707182 0.622009498720353 -0.107627793200581 0.914733728531955 0.970790766078966 -6.66682431980264
"CRYZL1" -0.102492738707182 0.725116975696209 -0.106103739634385 0.915936484200561 0.970790766078966 -6.66698789160189
"C4B" -0.102492738707182 0.648270272682259 -0.104828012629595 0.916943417722763 0.970790766078966 -6.66712301856148
"KRT81" -0.102492738707182 0.615608932666368 -0.0991538214264682 0.921423708323057 0.973900100421858 -6.66770424347551
"UTP15" -0.102492738707182 0.509960648013274 -0.0956052375652139 0.924226955229798 0.975229446070238 -6.66805130772923
"KRT74" -0.102492738707182 0.857335682092491 -0.0930131909960237 0.926275189318003 0.975759005775726 -6.66829682916615
"SeRPINA1" -0.0317968924266143 6.29018619540095 -0.0849252551061336 0.932669449011512 0.98011428993735 -6.66901956357355
"PRDX6" 0.0593942753580142 0.846047017692961 0.083854726022188 0.933516146200233 0.98011428993735 -6.66911030340876
"ACTG2" -0.102492738707182 1.10752783647369 -0.0769820701683396 0.938953635753524 0.982553472902942 -6.66966543305843
"ACTA2" -0.102492738707182 1.10752783647369 -0.0769820701683396 0.938953635753524 0.982553472902942 -6.66966543305843
"GSTP1" 0.0351970977128405 0.538057025454663 0.0740229788337937 0.941295721308853 0.983373510175308 -6.66988984258522
"F2" -0.0455273773820721 4.46967325870573 -0.0702056595383667 0.944317854456172 0.984566403795241 -6.67016634947982
"RAN" 0.0390650599544483 0.736928979129569 0.0668261844538831 0.946994042014735 0.984566403795241 -6.67039892892006
"CFB" -0.0451729493117385 4.57360680274049 -0.064433543707647 0.948889135711915 0.984566403795241 -6.67055665847904
"ITIH1" -0.049171687066309 3.80924768927212 -0.0592064906860124 0.953030250786506 0.984566403795241 -6.67088124050849
"SeRPINA3-2" 0.0451581082240784 4.68780865363659 0.0590164698835716 0.953180819460621 0.984566403795241 -6.67089252324536
"SeRPINA3-4" -0.0631944331155765 4.28063114130312 -0.0588245503592522 0.953332894392914 0.984566403795241 -6.67090388191159
"PFKL" -0.0245241916795349 0.353274024389126 -0.058242255536921 0.953794309140838 0.984566403795241 -6.670938118367
"P50395" 0.015162301001919 0.305060164883725 0.0541163513761521 0.957064154491126 0.984566403795241 -6.67117094893092
"CNTN1" 0.0393930896097652 0.660028748805807 0.0536942942878899 0.957398684481805 0.984566403795241 -6.67119380226994
"LDHA" -0.0521608945271046 1.61294037748063 -0.0528841474173932 0.958040842995686 0.984566403795241 -6.67123716838718
"CSTA" 0.015162301001919 0.381212035195322 0.0490593024806984 0.96107295755528 0.98607648165428 -6.67143300447924
"PROS1" 0.0542958198190071 2.03387790338065 0.0422031428334477 0.96650954557393 0.990044680612257 -6.67174727033815
"CTSD" 0.0151623010019191 0.404874234398911 0.0388140883978474 0.96919750362013 0.990854887215452 -6.67188517666912
"TUBB2B" -0.0440446797242442 0.765486657853197 -0.0365642301218935 0.970982133170497 0.990854887215452 -6.67197035554095
"LDHB" 0.0322014039239948 1.58525526685111 0.0352667703947061 0.972011371135284 0.990854887215452 -6.6720171653932
"P05089" 0.0151623010019191 0.390389495787338 0.0310376690805106 0.975366521559074 0.991954231254823 -6.67215800469386
"CASP14" 0.0151623010019191 0.43547856288609 0.0299444773689253 0.976233878936997 0.991954231254823 -6.67219148841939
"ATIC" -0.0134662274914703 0.543629985578278 -0.024066541266724 0.980898006330143 0.994731540973365 -6.67235094546272
"FABP1" 0.015162301001919 0.585698847704855 0.0223704946232558 0.98224394747383 0.994731540973365 -6.67239050403032
"IGHA1" 0.0151623010019191 0.533600844183805 0.0205401982665326 0.983696484258922 0.994731540973365 -6.67242995211584
"SeRPINA3-1" 0.0217743313317991 3.84999949266226 0.0131160986899219 0.989588824470105 0.997920901803425 -6.67255545410145
"TGFBI" 0.0120090194990177 2.44310842150736 0.0112336575508383 0.991082981669637 0.997920901803425 -6.67257847688562
"THBS4" 0.00783016759723232 2.70759369313272 0.0105886706319824 0.9915949372912 0.997920901803425 -6.67258554647321
"SeRPINA3-7" 0.00262597267256037 4.02428387310896 0.00455856237618043 0.996381453419813 1 -6.67263142410418
"SeRPINA6" -0.00348029576946907 1.96150691123315 -0.00341196584298519 0.997291607417831 1 -6.67263601440082
"ITIH3" -0.000248554492513264 4.69375702630809 -0.00030839781236699 0.999755195677144 1 -6.67264181389051
"ALB" 0 7.83356785233269 0 1 1 -6.67264186166167
