"logFC" "AveExpr" "t" "P.Value" "adj.P.Val" "B"
"P13645" 6.43768230809781 2.97643993189695 19.3118331026975 1.87739437754295e-24 1.1846358522296e-21 44.1062882524776
"KRT1" 7.17668392521288 3.24960602826261 17.9337252829668 4.45070588532063e-23 1.40419770681866e-20 41.2537795745074
"P63261" 4.65721842769948 2.45979019689723 17.1842949487524 2.68879034160173e-22 4.24156676387674e-20 39.6154452478814
"P60709" 4.65721842769948 2.45979019689723 17.1842949487524 2.68879034160173e-22 4.24156676387674e-20 39.6154452478814
"KRT9" 5.94521160372345 2.75795260815414 16.4449603968356 1.67762037456733e-21 2.11715691270397e-19 37.9355860112452
"P02768" 6.13683300791614 3.23301415862248 15.7689200492453 9.41989911795936e-21 9.90659390572059e-19 36.3419585398754
"TLN1" 5.20336827479619 2.71389669310979 12.1388671884439 2.49184448358227e-16 2.24621981305773e-14 26.7634269089573
"eeF1A1P5" 4.21265441361442 1.86671378928113 11.3390186755984 2.93480647838443e-15 2.31482860982572e-13 24.4076410343954
"KRT2" 6.31727635674127 2.86031237617989 9.43418850574743 1.44500431639053e-12 1.01310858182491e-10 18.4424219867726
"P68104" 4.21265441361442 1.79940580014137 9.27841097629871 2.44551189317950e-12 1.54311800459627e-10 17.9338664655267
"KRT14" 5.39794307329314 2.44276934440136 8.89602993153349 8.99642417538429e-12 5.16067604969772e-10 16.6736673542908
"PKM" 3.18750783636445 1.39826985526521 8.36921714574684 5.54339498601081e-11 2.91490186347735e-09 14.9121042917034
"P19823" 3.29699309500712 1.72378064659439 8.31908699650488 6.59919296477017e-11 3.20314673905383e-09 14.7430908146414
"P13647" 5.61793254387642 2.44539382196407 7.91763728386263 2.68513096903857e-10 1.21022688675953e-08 13.382014139605
"KRT16" 5.28229381912175 2.30697925096178 7.82170879844022 3.76145644963987e-10 1.58231934648184e-08 13.0549668534843
"VTN" 2.41647198659649 1.30500717022259 7.34867773934676 1.9982303004507e-09 7.88052074740245e-08 11.4341806335227
"Q04695" 4.58556872414338 2.00730714342483 6.90469240239545 9.66133891389731e-09 3.58606167921718e-07 9.90465271707509
"KRT13" 3.60931142894812 1.5651524960697 6.77583291175911 1.52756784281178e-08 5.35497393785686e-07 9.46008130492071
"GPX3" -2.96223435170181 0.481329126730382 -6.6206016769909 2.652913614181e-08 8.81046573972744e-07 8.92453849845924
"eHD3" 2.07136230985543 0.929085257842862 6.43284649931941 5.17092942245563e-08 1.63142823278475e-06 8.2772251198099
"KRT3" 3.83944679341317 1.58048859238809 6.37510986351918 6.34810522279125e-08 1.90745447408632e-06 8.07834806284058
"H2BC18" 2.12974343960652 0.730843712997558 6.11896522256702 1.57494775845266e-07 4.51723652538014e-06 7.19768094718538
"KRT6A" 5.2854750580305 2.4219735959836 6.08188805639872 1.79592691147697e-07 4.92708643974768e-06 7.07048734567316
"P02788" 2.70885972822573 1.24423163318215 6.00125925468298 2.38880519845532e-07 6.28056700093877e-06 6.79419751663383
"P62826" 1.6655111407949 0.748294253470853 5.84908139926372 4.08822622873688e-07 1.03186830013319e-05 6.27405248841053
"HBA1" 3.4912073333062 1.70191375070829 5.81804110764234 4.56084742537455e-07 1.10688258669667e-05 6.1681962102508
"H2BC12L" 2.12974343960652 0.477914723900764 5.7103106494398 6.66310732032718e-07 1.50157882825945e-05 5.80151721911314
"H2BC13" 2.12974343960652 0.477914723900764 5.7103106494398 6.66310732032718e-07 1.50157882825945e-05 5.80151721911314
"O60814" 2.12974343960652 0.497880389597874 5.52527273038526 1.27456585808565e-06 2.34352130114205e-05 5.17463951986212
"H2BC14" 2.12974343960652 0.497880389597874 5.52527273038526 1.27456585808565e-06 2.34352130114205e-05 5.17463951986212
"H2BC9" 2.12974343960652 0.497880389597874 5.52527273038526 1.27456585808565e-06 2.34352130114205e-05 5.17463951986212
"H2BC5" 2.12974343960652 0.497880389597874 5.52527273038526 1.27456585808565e-06 2.34352130114205e-05 5.17463951986212
"H2BC15" 2.12974343960652 0.497880389597874 5.52527273038526 1.27456585808565e-06 2.34352130114205e-05 5.17463951986212
"H2BC4" 2.12974343960652 0.497880389597874 5.52527273038526 1.27456585808565e-06 2.34352130114205e-05 5.17463951986212
"P07996" 3.69515130391278 1.8511055360765 5.51964356279797 1.29989295625946e-06 2.34352130114205e-05 5.1556334285408
"P62979" 1.84264346329552 0.649622135978336 5.31383934621706 2.66201033657912e-06 4.66268996195466e-05 4.46375050929844
"QSOX1" 1.30275587574158 0.805070645396471 5.30614112044892 2.73406542935535e-06 4.66268996195466e-05 4.43799094295276
"KRT79" -4.40294252917932 2.41563447401021 -5.28214257711286 2.97129493551569e-06 4.93391343239579e-05 4.35774767890571
"P35900" 1.78467221717981 0.909107359925009 5.2475809845082 3.34909354836852e-06 5.41866161287317e-05 4.24234755491165
"C4A" 2.93176769189928 1.69571761681544 5.23291527908004 3.52340527045671e-06 5.47466412196457e-05 4.19343839395087
"KRT6C" 5.26489502850228 2.16427141361773 5.22907895130676 3.57046256655853e-06 5.47466412196457e-05 4.18065040058912
"SYNCRIP" 2.58232065850592 0.978798074633221 5.22318336757166 3.64399196707626e-06 5.47466412196457e-05 4.16100290241666
"KRT71" -3.61823519270724 2.06923573706999 -5.13151630834841 4.99960964583462e-06 7.3366364802829e-05 3.85628588504266
"LIMS1" 1.52541434153748 0.626390033840329 5.10887135725177 5.40482395899274e-06 7.75100890482822e-05 3.78124065493369
"P08727" 3.92534837509745 1.29650660735389 5.01971614789421 7.33973806374929e-06 0.000100790590384768 3.486717243984
"P61224" 1.65423300674828 0.922756113454085 5.01940156752052 7.34765001220182e-06 0.000100790590384768 3.48568075213353
"KRT8" 3.75777323341701 1.37402142304736 5.00527092584591 7.71184726352673e-06 0.000103535651559263 3.43914281600267
"UBB" 1.64064318627977 0.577739721944097 4.74652413769875 1.85795134806894e-05 0.000239258632781939 2.59448296334503
"P0CG48" 1.64064318627977 0.577739721944097 4.74652413769875 1.85795134806894e-05 0.000239258632781939 2.59448296334503
"FKBP4" -2.50032255146471 0.307773610383954 -4.71446440338072 2.06988903320042e-05 0.000257796201533935 2.49089023098407
"KRT6B" 5.28072458800877 2.22641661277503 4.71250077790931 2.08361430716809e-05 0.000257796201533935 2.48455342606177
"LYSM" -2.32859816400255 1.03729602438514 -4.70552045268788 2.13313178679399e-05 0.000258847337974424 2.46203493527856
"P09429" 2.98951406231604 1.13960692870907 4.68213243305727 2.3076038191436e-05 0.00027473547356219 2.38667328779236
"Q5XKe5" 3.16534781632331 1.3958302434628 4.59467448005062 3.09293860813021e-05 0.000361415604024104 2.10609544823604
"O95678" 4.09015657082632 1.40815289159792 4.5496599350884 3.59375756777397e-05 0.000412302004593704 1.96246581550175
"H4C1" 1.92774316259078 0.852768548672937 4.52346754032169 3.92082157048092e-05 0.000441792573388118 1.87914609678603
"TUBB1" 1.7507824849706 1.29215683445709 4.48387708170938 4.47113769064797e-05 0.000494962786455943 1.75356822446673
"P04406" 2.29803607672808 1.46040235764334 4.42084090335916 5.50666271130028e-05 0.000599086926005254 1.55454531210924
"P68366" 1.97731893637149 1.76508982753113 4.39642825350909 5.96770283496809e-05 0.000638240760824554 1.4777801440263
"Q14CN4" 2.83445369868994 1.04825329384874 4.36826318261708 6.5464969124256e-05 0.000688473258623426 1.3894372567375
"P62851" 1.5826715797635 0.538293948984258 4.28219426170155 8.67533118561452e-05 0.000896863557279644 1.12098469756776
"APOA4" -3.7646857039645 2.28641850567132 -4.27738760824929 8.81228851843708e-05 0.000896863557279644 1.10606127462808
"DSP" 3.40791082963122 1.36211428931009 4.20079062476806 0.000113007792311496 0.00113187169759609 0.86925982934628
"P62987" 1.64064318627977 0.600125432816278 4.14423044330762 0.000135642224379576 0.00133734755599239 0.69565722135273
"Q7RTS7" 3.08555048115676 1.14685695489893 4.09497428753238 0.00015889187665497 0.00154247344875825 0.545370617351339
"KRT18" 2.17600490820306 0.340387878901831 4.08849396495291 0.000162224676556661 0.00154864036335019 0.525661803777985
"FN1" -3.72134205183669 3.63302739964173 -4.08426575494157 0.000164435664571256 0.00154864036335019 0.512810451218794
"PSMe4" -2.32652798550681 0.337757591140528 -4.01146507509105 0.000207413893087884 0.00192467891968316 0.292548109944286
"P26583" 2.63553767608487 1.11725100709765 3.99087722764576 0.000221422570408231 0.00202132156104191 0.23061079305419
"HP" -3.6971039320883 0.619022881242853 -3.98689579437404 0.000224235355424617 0.00202132156104191 0.218651114362157
"RPL12" 0.982029908991253 0.361472331618091 3.9742203620408 0.000233422325354359 0.00207449982110705 0.180615447607467
"F10" -2.71777715904615 1.80481524069034 -3.94775815494059 0.000253789513701557 0.00222418309924559 0.101404897887419
"FHL1" 1.43395311760693 0.658231571395055 3.91858821580906 0.000278230571542596 0.00240497932388189 0.0143992592860158
"ANXA2" 1.88510103266671 1.02910085649948 3.8369565841681 0.000359319388166446 0.0030639261342301 -0.227316275230318
"KRT222" -2.44252055627033 0.871570823600914 -3.82743087147211 0.000370148983102645 0.00311418677783692 -0.255349241656084
"Q86Y46" 3.08555048115676 1.05126095261204 3.79310453552747 0.000411842703042049 0.00341937823183596 -0.356060939233429
"LUM" -2.16923671246053 3.19119097981736 -3.76990806861049 0.00044253962564301 0.00360565778206952 -0.423843664347969
"Q02413" 2.54467825951996 0.973412188118829 3.76760318252377 0.000445707301111605 0.00360565778206952 -0.43056659638085
"P01024" 2.45886637538782 2.16965196404416 3.7102220052841 0.000531976367741768 0.00424907706386146 -0.597216263146443
"P11171" 0.981577749863161 0.343269224856955 3.69565158367454 0.0005563138741229 0.00438792568214438 -0.639309293315623
"KPRP" 2.64588687782009 0.531270244173194 3.68450460705269 0.000575651115708249 0.00448439325940623 -0.671450375299074
"APOH" -1.6981569556341 3.60746490795528 -3.65110037142798 0.000637538173542994 0.00490593399397109 -0.76744388622826
"KRT77" 3.08852865072728 1.11212838504281 3.63023350373294 0.00067938253562139 0.00516494433707346 -0.827159865626391
"IQGAP1" 2.38824339473202 0.787962784654897 3.58255709860596 0.000785085686209893 0.00589748890474336 -0.96286860468972
"Q8N1N4" 2.56475216074278 0.896992418578169 3.53947466115659 0.000893989237777081 0.00663655540043927 -1.08461291834829
"KRT76" 3.11785517698657 1.50032032286503 3.39395671270992 0.00137861972890302 0.00989225131847748 -1.4893707495061
"H2A1" -2.41547881866047 1.08487554912278 -3.38988235609277 0.00139526207186132 0.00989225131847748 -1.50055621062977
"H2AJ" -2.41547881866047 1.08487554912278 -3.38988235609277 0.00139526207186132 0.00989225131847748 -1.50055621062977
"H2AC20" -2.41547881866047 1.08487554912278 -3.38988235609277 0.00139526207186132 0.00989225131847748 -1.50055621062977
"P01023" 2.98345589895886 2.29391897658004 3.33944337637044 0.00161775100425911 0.0113422320409722 -1.63834418435341
"MDH1B" -3.2820123956846 1.30473120409333 -3.32274456521684 0.00169855118153067 0.0117778658851193 -1.68368001573745
"P68032" 2.42285676961071 1.87318986533482 3.2989729555516 0.00182019802727277 0.0124841842957513 -1.74797321760758
"SeRPINF1" -1.15144615506165 4.38231994384435 -3.25462673758661 0.00206950143252092 0.0140414559561365 -1.86713575590336
"SeRPINB3" 2.18483921262472 0.783301319974117 3.20353392414262 0.00239670040509613 0.0160884888895283 -2.0031521216047
"P14923" 2.4513735163031 0.931804160540682 3.19112609175747 0.00248322589858668 0.0164938478106126 -2.03597455913318
"P0DMV8" 1.95830075283137 0.839672292936283 3.15394174052831 0.00276050565583858 0.0179575161735479 -2.13384267070112
"P0DMV9" 1.95830075283137 0.839672292936283 3.15394174052831 0.00276050565583858 0.0179575161735479 -2.13384267070112
"LYZ" 1.31761815569818 0.618327282928133 3.13918968448852 0.00287838631640108 0.0185332833229498 -2.17246197594971
"C9" -2.78631532286267 2.59736352446115 -3.12468873562979 0.00299886427965227 0.0191139733379857 -2.21030793721801
"P46781" 1.21433624869724 0.294764093673969 3.07439873198939 0.00345443348246156 0.0217974752743325 -2.34065963022663
"RPS4X" 1.43395311760693 0.513292028294379 3.03160148717014 0.00389248634980011 0.0240796487038281 -2.45047457299184
"RPL30" 0.837242846657389 0.316838166991133 3.03095301630372 0.00389950738907905 0.0240796487038281 -2.45213052473728
"P05089" 1.4792634180916 0.390389495787338 3.0280950396527 0.00393059241916686 0.0240796487038281 -2.45942587104773
"APOC3" -2.44472494570715 1.19778688740857 -3.00424915275343 0.00419914405963772 0.0254774990541481 -2.52011342972835
"DCD" 0.966141024691478 0.409362076418307 2.99018896513118 0.00436543271870038 0.0262341718619042 -2.55574330946619
"COLeC11" -1.40345735340597 0.487477162491397 -2.98393828395263 0.004441317663547 0.026438409865077 -2.57154645788443
"RBP4" -2.76054512026533 1.85734450256641 -2.96520741881441 0.00467615827173473 0.0275762230791085 -2.6187665035777
"TPI1" -1.81982741119124 1.16634827998241 -2.95542198799911 0.00480340470216719 0.0280643367321065 -2.64335397061525
"GARIN1B" -1.73740418774971 0.931787480834391 -2.93631776628459 0.00506118846980353 0.0292991736187709 -2.69119454207239
"SeRPINB12" 1.21235617848502 0.57571456833276 2.89604870604127 0.00564733381936324 0.0323951603638019 -2.7913288262809
"CSTA" 0.878169588191262 0.381212035195322 2.84141486512982 0.00654380067345903 0.0371994434680419 -2.92562875295054
"GSN" -1.09848926131003 4.6420356331314 -2.83334093340458 0.00668696103619623 0.0376738608378555 -2.94532232356323
"Q06830" 0.837242846657388 0.336582340418348 2.82807533816983 0.0067818841423954 0.0378705211845265 -2.95814444400228
"KRT73" -2.25977416112311 2.38515311888049 -2.79874779983568 0.00733379989198137 0.0405932257178969 -3.02924738537031
"SeRPINA1" -1.04234324367211 6.29018619540095 -2.78395966150817 0.00762758894126425 0.0418522488864152 -3.06489872399154
"APCS" -2.13201833440407 0.693876707081285 -2.77450917889255 0.00782099344487162 0.0425435074458103 -3.08761076640008
"P16402" 1.06954918636338 0.535435086540311 2.7611351160136 0.0081024411059644 0.0436977806655003 -3.11965687890467
"SeRPINA7" -1.82910659478648 3.61633860496395 -2.69167334763321 0.00972040998702849 0.0519794805238557 -3.28428090307728
"KRT84" 2.0431053107531 0.579494009436698 2.68533927432494 0.00988183856814773 0.0523986566092539 -3.29913958139535
"AGT" -1.28669769771089 5.10974841269168 -2.66991502249711 0.0102852876936219 0.0540834711222952 -3.33521423499319
"TUBA1B" 1.50519571518207 1.66164867095912 2.62919949982957 0.0114239375716404 0.0595744182454967 -3.42969972590645
"P05109" 1.31576434015692 0.687321161041491 2.62470364802141 0.011556500075288 0.0597717339959568 -3.44006658030899
"CKM" -1.76355376189404 1.31106230670835 -2.61748694312566 0.0117722331703486 0.0603925132560161 -3.45667962957715
"ADIPOQ" -1.21820554365391 2.93752513994763 -2.57203485080845 0.0132177037571259 0.0672610570221486 -3.5605210721134
"Q08554" 0.943611618668238 0.505329989393162 2.52897844786317 0.0147343570124665 0.0743790341989309 -3.65761801578041
"FLG2" 0.943611618668238 0.546101704521524 2.52559929358897 0.0148598366150657 0.0744171182865594 -3.66518553285342
"PRDX6" -1.78176906011605 0.846047017692961 -2.51555819934223 0.0152384452196685 0.0757122750678017 -3.68762661708836
"APOA2" -1.32247138294384 2.08661494538222 -2.46016525632952 0.0174888691030902 0.0862146594066399 -3.81018897947652
"KRT4" 1.25983168479126 0.841445248595557 2.45183055140334 0.0178523459037848 0.0873242656223893 -3.8284477486772
"SeRPINA3-2" -1.86553999975623 4.68780865363659 -2.438046887746 0.0184684466357735 0.0896429986705619 -3.85853788071149
"AMBP" -1.25922059477512 3.34141423414827 -2.42282758566597 0.0191709474965821 0.092342502827048 -3.8916085509146
"YWHAZ" -1.63550876424577 1.67445722854013 -2.40666860562158 0.0199430950153374 0.0934374557285031 -3.92654396627139
"ACTB" -0.717200184447212 4.58489953713887 -2.39759475593727 0.0203888509615447 0.0934374557285031 -3.94608115974677
"ACTG1" -0.717200184447212 4.58489953713887 -2.39759475593727 0.0203888509615447 0.0934374557285031 -3.94608115974677
"ARHGeF9" -1.45284987648373 0.399278493642343 -2.39575758905903 0.0204801857093342 0.0934374557285031 -3.95002977285219
"ORM1" -1.0984281138966 3.86425014046426 -2.39459016823927 0.0205384150169333 0.0934374557285031 -3.95253766932411
"GSTP1" -1.13685323585559 0.538057025454663 -2.3909148334173 0.020722708672899 0.0934374557285031 -3.96042688852672
"FABP1" -1.62007614449516 0.585698847704855 -2.39026416076999 0.0207554900095751 0.0934374557285031 -3.96182258515402
"P09210" 1.11092808702534 0.330527392169844 2.38932456574751 0.0208029096938748 0.0934374557285031 -3.96383749498592
"P16403" 1.06954918636338 0.413501804493008 2.38781988373882 0.0208790511215831 0.0934374557285031 -3.96706290527033
"H1-4" 1.06954918636338 0.413501804493008 2.38781988373882 0.0208790511215831 0.0934374557285031 -3.96706290527033
"KRT78" -2.04608858890572 1.21398713660327 -2.37893640415062 0.0213337064072345 0.0943233859305752 -3.98607278590785
"APOA1" -1.11418097840604 5.65700133956763 -2.37811906067231 0.0213759812806216 0.0943233859305752 -3.98781902712693
"HSPA1L" -2.24398581795552 1.39618597961092 -2.32987459026106 0.0240084415107691 0.104757822844029 -4.0900509684931
"RAP1BL" 1.1887199776641 0.558280460192407 2.32875702067445 0.0240727168183584 0.104757822844029 -4.09239943291358
"MYH9" 1.46523627367758 1.83979858127324 2.32066129827779 0.0245429409179345 0.106009023791653 -4.1093850145218
"RPL22" 0.609425028374478 0.348742198865514 2.31805195537335 0.0246962385061378 0.106009023791653 -4.11484961317848
"CFL1" -1.42988348903917 0.963123840118628 -2.31464871700242 0.0248974617216546 0.10615066450246 -4.12196945270979
"OGN" -1.45825132752448 0.903564955960522 -2.29888444359736 0.0258487732435981 0.109466952461144 -4.15484049346811
"KRT15" 2.32488329538429 0.898171136215576 2.28541054438722 0.0266874136189031 0.112265053290186 -4.18279312550259
"OMD" -1.24808662038998 0.579161880070687 -2.2601772202794 0.0283233689323043 0.118357919180689 -4.23478619960505
"A1BG" -0.801611512318408 4.15117798268516 -2.24038914196461 0.0296679926058191 0.123161206146525 -4.27523346152356
"APOD" -1.25221017890274 2.04941190125326 -2.23508201450438 0.0300381121634133 0.12388267173277 -4.28603239408626
"KRT20" -1.65035186260207 1.22298441785712 -2.22546962412472 0.0307189080887372 0.125867733792163 -4.30553878816936
"P68371" 1.32338809734049 1.45345865388749 2.20872395750512 0.0319375892394861 0.130016895549134 -4.33935749924117
"RAC1" -1.36137709453334 0.591880443610741 -2.20534112211218 0.0321889034336163 0.130199987606487 -4.34616405685447
"CASP14" 1.11092808702534 0.43547856288609 2.19400478569997 0.0330438736653557 0.132806906260124 -4.36891169987177
"FGB" -1.91407986651314 2.91781616788423 -2.18734934874091 0.0335550999506506 0.134008025752282 -4.38222197585441
"FGA" -1.53095386287667 3.17249349353836 -2.18047705098083 0.0340902909049453 0.135289141893211 -4.39593124036284
"SeRPINA5" -1.04386734165134 4.39741935957571 -2.17193622663158 0.0347658941351393 0.137107994995456 -4.41291972833889
"TUBB" 1.42880800280766 1.37916446976825 2.16314899877652 0.0354732645134019 0.139028757192277 -4.43034124430322
"TRAP1" -1.49046295051644 0.607607333279489 -2.1502171403467 0.0365372980887634 0.141795661441895 -4.45587429115551
"ARF1" -1.05566440268338 0.648213854274732 -2.14866172562045 0.0366671480539104 0.141795661441895 -4.45893685922283
"CSN1S1" -1.58818896166715 1.04968891000601 -2.14643925204534 0.0368533890276874 0.141795661441895 -4.46330967969985
"COL6A1" 0.752273563053888 0.906037327762269 2.11400162456856 0.0396676502847185 0.151698711088833 -4.52670669385343
"CATHL1" -1.17223881864545 0.572803420151975 -2.10256165078034 0.0407041095083786 0.154724657227632 -4.54887454933782
"DSG1" -1.4316939849244 1.03087995997917 -2.09557655385039 0.0413485284952075 0.156233062757341 -4.56236082465393
"CAPNS1" -1.11396880083318 0.739184125827107 -2.09220143564843 0.0416630839759473 0.156484559457278 -4.56886386538167
"TIMP3" 1.01401614194717 0.303581002833819 2.05343941434535 0.0454280061216895 0.169193577691116 -4.64292171708419
"PPIe" -1.35879295467732 0.534199470938428 -2.05190386672242 0.0455830557963387 0.169193577691116 -4.645831648514
"THBS2" -1.62007614449516 0.556608593747009 -2.0479967557979 0.0459796452650389 0.169667579896138 -4.6532275710434
"GALK1" -0.761894388315707 0.276395954789196 -2.04480713842949 0.0463056239308944 0.169877027327874 -4.65925655790779
"ARFIP2" -1.28505364623114 0.436516442761799 -2.01133081179839 0.0498496572694315 0.181821582294863 -4.72205635895146
"FLNA" 1.25023886828791 1.75658537855711 2.00350793060259 0.0507108745846766 0.183899780821442 -4.7366056850548
"ARF3" -1.05566440268338 0.662656135431604 -1.98333589105246 0.0529911116869552 0.191070808425536 -4.77390117438261
"POTee" 1.09394761798142 1.22222899345803 1.97396186968235 0.0540804651493457 0.193890758575211 -4.79112364428519
"KRT7" -1.2364005196653 3.18158863035919 -1.95871376176284 0.0558936057533352 0.199259125595223 -4.81899017679079
"P07900" 1.16246921775778 1.26570801424459 1.95214937229135 0.056690104355419 0.200087079272304 -4.83093022559987
"CRYZ" -1.60380881350821 0.771489576565082 -1.95157675562607 0.0567600430899246 0.200087079272304 -4.83197014564392
"P02771" 0.976062034002501 1.20445681963199 1.9363349074016 0.0586490562052123 0.205597524808272 -4.85955493585855
"PeBP1" -1.1743473119438 0.681304612077119 -1.92707290209534 0.0598230459148915 0.20855437553755 -4.87622709282863
"CFD" -1.18065815228827 1.75420206290034 -1.89712846698642 0.0637570209225614 0.221047693418331 -4.9296598322874
"RGN" -1.11136179873144 1.02697867734299 -1.87861273425493 0.0662981443636315 0.228601798324871 -4.96233915140161
"C1S" -1.11898737362131 0.664569223577313 -1.86519725584955 0.068192604011154 0.232833339952618 -4.98584404348021
"KRT35" -1.96098463663765 1.03842056043664 -1.86470249162605 0.0682633405566313 0.232833339952618 -4.98670812410908
"C7" -1.52305425344851 3.19095786669979 -1.84943373495188 0.0704770875589353 0.239091624998324 -5.01327671527008
"GFAP" -1.57283678706335 1.07772854627193 -1.84646373726695 0.0709146753943143 0.239289626597927 -5.0184227182569
"FBLN1" 1.01817207190266 1.2055395696611 1.84180278097766 0.0716060320088279 0.240337267008353 -5.02648412503036
"CFL2" -1.04039901646366 0.374442757648552 -1.83010607003455 0.0733661088655378 0.244941876688647 -5.04663641606956
"P08238" 1.22919630361408 1.08591880466753 1.82379504634345 0.0743308282809942 0.246856592870039 -5.05746335488607
"P06396" 1.42189510286404 1.8637240805787 1.81547813119267 0.0756184760508358 0.248636085829628 -5.07168181648755
"KNG1" -0.901657881133115 4.54464354662345 -1.81524576015668 0.0756547202524384 0.248636085829628 -5.07207826166121
"FGG" -1.90443647172198 1.88977614221664 -1.80381381982834 0.0774559547464578 0.252991707554136 -5.09152752427927
"HBBF" -0.664023837360042 5.04709494072043 -1.80176892884226 0.0777819195966758 0.252991707554136 -5.09499521563185
"THBS1" -0.997917563545765 3.82406536567389 -1.79816605583529 0.0783590361232786 0.253561804070712 -5.10109655233171
"HMGCR" -1.07513706593161 0.299332174844075 -1.78969004707412 0.0797309246942803 0.256684762663729 -5.11540829332784
"PROC" -1.45073421423552 1.68102634411129 -1.77668482963528 0.0818749881174995 0.262249327422041 -5.13725257446783
"COMP" -1.6126460461377 2.11674356416753 -1.75912065130639 0.0848469901046187 0.270396215939467 -5.1665326265182
"B4GAT1" -0.868473706122545 0.601513335851212 -1.73993826961614 0.0881950349242 0.279502251147936 -5.19821815371214
"P08729" 1.09097246739081 0.723712998452794 1.73460728804826 0.0891447594063152 0.279502251147936 -5.20696956650478
"CRYZL1" -1.67432938627043 0.725116975696209 -1.73331897950922 0.0893755440484532 0.279502251147936 -5.20908092015982
"C4" -0.757955609791023 4.59241938916497 -1.73191286036989 0.0896279990123777 0.279502251147936 -5.2113837698388
"C4B" 1.69174939558799 0.648270272682259 1.73029552379773 0.0899191077385595 0.279502251147936 -5.21403049933788
"HPD" -0.869483977408367 0.415668077339158 -1.71794233381977 0.0921685692880281 0.285090035395812 -5.23417416134775
"LBP" -1.46464081182016 1.85962211188047 -1.71118339050383 0.0934189421079115 0.28708189626884 -5.2451416130176
"P63000" 0.837242846657389 0.56948871392229 1.70823832466354 0.0939681378434193 0.28708189626884 -5.24990848531399
"CSN2" -1.22426545221764 0.719409121077165 -1.7071197876461 0.0941774208045163 0.28708189626884 -5.25171704118821
"H1-2" -1.37403205930801 1.01099196772226 -1.70177406447294 0.0951829551533908 0.287694291477202 -5.26034602537716
"SeRPINF2" -0.884812010172109 4.3277909011828 -1.70120675325716 0.095290185291181 0.287694291477202 -5.261260363704
"APOe" -1.01374597681084 3.49230270079397 -1.68918111114188 0.097586771727654 0.292009256225664 -5.28057856594531
"H1-3" -1.37403205930801 1.0433624240056 -1.68887960055198 0.097644933539802 0.292009256225664 -5.2810613558522
"eeF1A2" -1.56308847743198 0.504483922437861 -1.68587083315808 0.098226894923383 0.292364012720069 -5.28587491532066
"AKR1A1" -0.66717734660905 0.457750447432581 -1.64692907204435 0.106019913600961 0.314077772216932 -5.34748638513877
"ITIH2" -0.567718973761888 0.271640739549629 -1.64027046040703 0.107401763239914 0.316684638338252 -5.3578927240318
"CAPN1" -0.84080978513948 0.388832623725532 -1.63702484883247 0.108080631830267 0.317204086906505 -5.36295143891444
"PGAM1" -0.680788275264786 0.402911325504952 -1.62182536058235 0.111306572337005 0.323831339926012 -5.38652256639583
"P15311" 0.752273563053888 0.776083929513556 1.62099958737825 0.111484055230958 0.323831339926012 -5.38779752476369
"P11142" 0.795884598604106 1.29353643577238 1.61916892520159 0.111878339308828 0.323831339926012 -5.39062191428117
"P50395" 0.452305656107595 0.305060164883725 1.61434150477831 0.11292349908312 0.325364054435838 -5.3980560579112
"P00747" 1.17862700218787 1.01723332705427 1.61042943904013 0.113776287810727 0.326331080038949 -5.40406597051961
"BLMH" 0.431547596303562 0.34131178630279 1.60460480676832 0.115055676401207 0.328507383751863 -5.41298982147201
"AZGP1" 0.837242846657389 0.618569799322471 1.59127824078345 0.118026775404777 0.335472501263127 -5.43329803259258
"UTRN" 0.716145367123883 0.277898308571694 1.58765091796947 0.118846128647467 0.336286579267049 -5.43879930318383
"HRG" -1.13150198920175 1.90016836831577 -1.58500703578857 0.119446230471158 0.336475765300448 -5.44280194977066
"eZR" -1.44875704625465 1.29807461408825 -1.57797961343763 0.121053202344464 0.339486980797141 -5.45341175586282
"SeRPINA6" -1.59430097660922 1.96150691123315 -1.56299947933979 0.12453693923996 0.347271350803041 -5.47588645801434
"ITIH4" -0.724872592418787 5.50207756163405 -1.56133213266592 0.124929630162108 0.347271350803041 -5.47837601452556
"HSPA8" -1.50949836141928 2.18840594973386 -1.55555849343246 0.126297124969876 0.349532832701719 -5.4869782328493
"SeRPINA3-3" 1.71487115960902 0.50964773980268 1.53826094479759 0.130466115571942 0.359493969108715 -5.51257752902395
"TTR" -0.717496514180263 3.61322770476154 -1.5308816868555 0.132277816775328 0.361700215624733 -5.5234194888009
"CORO1A" -0.75721477783987 0.546552496626269 -1.52901329619591 0.132739703960326 0.361700215624733 -5.52615712055079
"HRNR" 0.531245357394511 0.465822623919104 1.52680973547423 0.133286102717905 0.361700215624733 -5.52938195893888
"SeRPINA3-4" -1.63771857461509 4.28063114130312 -1.52447065377634 0.13386806762743 0.361700215624733 -5.53280051188561
"P01008" 1.0690011570707 1.58182119686144 1.52340896190905 0.134132885033578 0.361700215624733 -5.53435059872316
"P26038" 0.927759862735894 1.1333406550057 1.50838438364455 0.137925408397761 0.370344394463776 -5.55618156743872
"CAP1" -1.64991762056719 1.32920007249191 -1.50403008707733 0.139040312405444 0.371756089524726 -5.56247167582115
"CCN2" 1.08573025356927 0.732630820155657 1.5011984123335 0.139769185344191 0.372128084186433 -5.56655336605931
"ACTN4" -0.911662170033863 0.364055589207912 -1.49113745207381 0.142383420842048 0.377495540131649 -5.5809989950589
"VCL" 1.30975810202826 0.917727114954689 1.48735703058289 0.143375672226433 0.378535770606188 -5.58640408833355
"SeRPINA3-7" -0.854609692614458 4.02428387310896 -1.48356136062639 0.144377420223614 0.379592300671253 -5.59181839880357
"SeRPIND1" 0.761552272863102 0.688028441939677 1.47842138244112 0.14574276274892 0.380231371898864 -5.59913017432312
"P36955" 0.77421142850907 0.746790949493321 1.47811052985598 0.145825660855032 0.380231371898864 -5.59957162908351
"P68871" 0.894135512814232 0.444238308283867 1.47252534647563 0.147321466051531 0.382550802792248 -5.60748894138424
"RDX" 0.666373448237134 0.501332519865363 1.46569959699292 0.149165906789249 0.385752816327935 -5.61712764953341
"APOB" 1.21766787885012 1.56865439369341 1.45992779138804 0.150739691087092 0.386855156728582 -5.62524612897974
"CLU" -1.02661844336168 3.10692691815279 -1.45964061719499 0.150818333684994 0.386855156728582 -5.62564929609125
"POSTN" 1.0690011570707 0.858096457429997 1.45334658406346 0.152550062404424 0.388215454720046 -5.63446733473924
"HSPA2" -1.29504374769847 0.692878943111484 -1.45324140650059 0.152579132758433 0.388215454720046 -5.63461439388154
"Q08188" 0.929114563474876 0.494699043019943 1.44290151206866 0.155458281925269 0.392690306025375 -5.64902403420827
"GSTA1" -1.14837243661309 1.18884112702396 -1.44032767479459 0.156181537616034 0.392690306025375 -5.6525962679732
"IGFBP5" 0.981577749863161 0.517686905947146 1.44024483230009 0.156204860241472 0.392690306025375 -5.65271114810688
"BLVRB" -1.07879028738133 1.35086998416588 -1.43406277832424 0.157952990346273 0.395509273446422 -5.66126688410018
"PCYOX1" -0.767020573156357 0.410504855434628 -1.428740876623 0.159470095863688 0.397729764782559 -5.66860514989762
"PZP" 1.38093302626171 1.58382233784497 1.41498115402857 0.163445233145321 0.405289619856366 -5.68746197829564
"H2AZ2" -1.00648970629676 0.622406535074498 -1.41381438330832 0.163785821019609 0.405289619856366 -5.68905324792383
"RAB1B" -0.761894388315707 0.359511205731281 -1.4016072847789 0.167382290715808 0.411336495774596 -5.70562913635977
"KRT80" -1.20470267532718 1.37415635638299 -1.39972090101984 0.167943475864232 0.411336495774596 -5.70817882916544
"YWHAQ" -0.951455446542085 0.514867348909609 -1.39874675531455 0.168233846759486 0.411336495774596 -5.70949427500398
"COL6A3" 0.687710911152513 0.260466421892031 1.3967274000494 0.168837008566752 0.411336495774596 -5.71221844050773
"KRT28" -1.66387031584742 1.15356301224141 -1.39133818212874 0.170454905332931 0.413672895357269 -5.71947088130097
"IGHG1" 1.21433624869724 0.493334150531808 1.3891766561422 0.171107172247618 0.413672895357269 -5.72237245048827
"K2CA" -0.84080978513948 0.49157497204076 -1.37300169998634 0.176049474165388 0.423997016024275 -5.74395304364845
"ACTBL2" 0.874504688430794 0.466625960054164 1.37071071496701 0.17675827753803 0.424085449150177 -5.74699079300157
"H4" -0.985015654535252 1.60037448391229 -1.36423101830573 0.178774888490558 0.425865162532709 -5.75555720080841
"AHSG" -0.419658335778512 6.27250171719331 -1.36322900902981 0.179088303019575 0.425865162532709 -5.75687854362723
"ASS1" -0.761894388315707 0.346997363117123 -1.36183581255224 0.179524775330746 0.425865162532709 -5.75871424957421
"H2AZ1" -1.00648970629676 0.669371869306268 -1.31942353468392 0.193205487208631 0.455416874041721 -5.81376438986812
"SeRPINA3-8" -1.22439698071906 2.76356503180944 -1.31875928349261 0.193425867263362 0.455416874041721 -5.81461370839525
"eIF4A1" -0.493979665315709 0.281091213558205 -1.31329306639729 0.195246639212566 0.457994904621298 -5.82158776515991
"P63104" 0.452305656107595 0.884129142970355 1.30958707395771 0.196488439779941 0.458233384297596 -5.826300713581
"eNO3" -1.29504374769847 0.800492843654084 -1.30865793326407 0.196800708628603 0.458233384297596 -5.8274803678377
"CHIA" -1.25318036387092 2.43697362564595 -1.29167880770399 0.202573274755255 0.469056229513696 -5.84890000610586
"TBA1B" -1.22962429116974 2.81683154113251 -1.29017801097627 0.203089572793477 0.469056229513696 -5.85078075951422
"CSRP1" -0.731175580365201 0.533260908749307 -1.28846833084142 0.203678933259513 0.469056229513696 -5.8529207942307
"SULT1e1" -0.70729194422117 0.516658063393535 -1.25988902162705 0.213721623443917 0.490393979611316 -5.88830140276982
"TUBA8" -1.08400388299717 0.601496485451664 -1.25557416407764 0.215269332546846 0.492155611728478 -5.89357862238728
"ATIC" -0.697332167740604 0.543629985578278 -1.24625648884764 0.218639891384578 0.498056936691946 -5.90491662042044
"P62258" 0.523344289057095 0.499107347535886 1.23885309877922 0.221345727054224 0.502407027954012 -5.91386883433175
"MST1" -0.873763827216503 1.60785553826297 -1.23489141160687 0.222803793419323 0.503561961691411 -5.91863877867662
"AMY2B" 0.638237664976405 0.74822742113586 1.2331400216229 0.223450632763225 0.503561961691411 -5.92074291542648
"SeRPINA3-6" -1.68631951256313 3.76802438787071 -1.22353339696369 0.227023283552347 0.50979249794139 -5.9322345426046
"GNPTG" -0.567718973761888 0.334506007324156 -1.21807238228683 0.229072836768718 0.512570780145608 -5.93872947623748
"IGKC" 0.929114563474876 0.647521334386395 1.21510514646572 0.230192136873823 0.513255259248701 -5.9422470415923
"VASP" -0.66717734660905 0.502140227184709 -1.20936885193614 0.232367338770421 0.516280953394843 -5.9490243667512
"GAPDHS" -0.640620004008964 0.322370115713481 -1.1996930448351 0.236070416286039 0.522668184829791 -5.96038777068459
"HSPA5" -0.84080978513948 0.826080446789921 -1.19752010176618 0.236907921089211 0.522688455270252 -5.96292788891814
"CCDC168" 1.01817207190266 0.497858398849557 1.19015938476232 0.239761005427083 0.527140050259545 -5.9715001521928
"P00734" 1.01020519551185 0.971546688862607 1.18322734542014 0.242470690587343 0.531246547779908 -5.97952762583583
"P63267" 0.99544362787335 0.706404285464378 1.17782329484014 0.244598448642538 0.534054052226441 -5.98575497021688
"KRT5" -0.781469200171891 4.67624021226336 -1.17471125071658 0.245829881236863 0.534891914001589 -5.98932892046677
"AFP" -0.389480215366335 5.63990601640145 -1.16966824792967 0.247834897278532 0.534929988641753 -5.99510147879176
"KRT81" -1.20711254794663 0.615608932666368 -1.16778830901084 0.248585342068639 0.534929988641753 -5.99724738160611
"AMY1A" 0.638237664976405 0.755503261094872 1.16404093067587 0.250086127811913 0.534929988641753 -6.00151519089763
"AMY1B" 0.638237664976405 0.755503261094872 1.16404093067587 0.250086127811913 0.534929988641753 -6.00151519089763
"AMY1C" 0.638237664976405 0.755503261094872 1.16404093067587 0.250086127811913 0.534929988641753 -6.00151519089763
"S100A9" 0.638237664976405 0.734901277775447 1.14473326440401 0.257922070765625 0.548080807197608 -6.02329867564792
"MYLK" -0.798022686337194 0.407756496006438 -1.1446128792064 0.257971473435324 0.548080807197608 -6.02343341632872
"ILK" 0.716145367123883 0.589892980239292 1.14081477406473 0.25953358323475 0.549549298728615 -6.02767754179146
"HBA" -0.423707141237378 4.52126570357216 -1.13593065468667 0.261552266743065 0.551971506069813 -6.03311557662298
"APOM" 0.609425028374477 0.449846401681055 1.12168869140725 0.267502499609344 0.562646924178321 -6.04884645944297
"YWHAB" -0.721501826215532 0.691992842911427 -1.11681945876177 0.269558691440507 0.565088153817143 -6.05418155346713
"CSN1S2" -0.903616541403079 0.825354632457218 -1.10761370402721 0.27347661660867 0.571005965364396 -6.06420784742099
"O43505" 0.261957874558335 0.29264576963563 1.10594414038903 0.274191454049781 0.571005965364396 -6.06601778032985
"P12814" 0.82771298833992 0.537805322538134 1.09863389011842 0.277336891604607 0.574273894984078 -6.07391208759661
"F2" -0.712082394497932 4.46967325870573 -1.09806927229401 0.277580884263302 0.574273894984078 -6.07451974541077
"P04272" 1.09109390234195 1.21847887840817 1.0904558699091 0.280885646216325 0.579211904452618 -6.08268449204954
"YWHAG" -0.66717734660905 0.468170897201404 -1.08041926458291 0.285284197557617 0.586110490556593 -6.09336530613328
"UBA52" -0.757961638727632 1.27572881511371 -1.07859503661084 0.286088797292283 0.586110490556593 -6.095296523918
"KRT31" 0.799882927369824 0.616384676505695 1.07539728309801 0.287503019938469 0.587101636185029 -6.09867432231876
"ALDOB" -0.517409564890895 0.356123696946491 -1.07138817979462 0.289282927384746 0.588830732837982 -6.1028956507531
"P62736" 0.99544362787335 0.638998481544567 1.0667049936274 0.291371778830294 0.589903248436751 -6.10780771254473
"P61204" 0.347857989375088 0.540338427439164 1.06601688168391 0.291679577673956 0.589903248436751 -6.10852772495003
"PYGB" -0.493979665315709 0.383107542668964 -1.06360703559485 0.292759300030251 0.59019526619517 -6.11104579691443
"COLGALT1" -0.448372161025485 0.276744504294037 -1.06122993978413 0.29382705635903 0.590461377587732 -6.11352432224959
"F11" -0.706970623117272 0.767003666770929 -1.05235850076981 0.297835737782266 0.594343077180225 -6.12272756972118
"MBL" -0.427052962283665 0.373473500404577 -1.05070576619724 0.298586693020579 0.594343077180225 -6.12443396967724
"AOCX" 0.976062034002501 0.648107272474439 1.0463464930494 0.300573670933093 0.594343077180225 -6.12892250328156
"KRT25" -1.35846151675922 0.870916214072822 -1.04555672218687 0.300934622273256 0.594343077180225 -6.12973378506364
"KRT74" -1.15031952646621 0.857335682092491 -1.04392653734561 0.301680611744689 0.594343077180225 -6.13140652034986
"IGFBP2" -1.32628254680901 2.40775523204748 -1.04127265582938 0.302897768583178 0.594343077180225 -6.13412433739331
"TLN2" 0.687710911152513 0.966455129892931 1.04121208909066 0.30292558571022 0.594343077180225 -6.1341862861041
"Q9BUF5" 0.58728985128261 0.589043054365598 1.04041044206649 0.303293931619703 0.594343077180225 -6.13500590013483
"GAPDH" -0.566046700552316 3.07871804506745 -1.03088005189224 0.307696531561903 0.597079048217785 -6.14470364896823
"HNRNPR" 0.431547596303562 0.274976810390274 1.03062892902289 0.307813125557526 0.597079048217785 -6.14495802761517
"CLeC3B" -0.67724180578545 2.73407577761207 -1.0297970361008 0.308199580968159 0.597079048217785 -6.14580028244089
"C3" -0.400899908387741 6.60985039740058 -1.02920444441716 0.308475070870044 0.597079048217785 -6.14639985852631
"HNRNPK" -0.567718973761888 0.431388864781368 -1.01702443583628 0.314174631881348 0.606251353875017 -6.15865025051679
"P12259" 0.638237664976405 0.759135697267659 0.997827583872333 0.323301822252011 0.621639341143279 -6.1776743406826
"P19827" 0.687710911152513 0.489176403833407 0.996125910345393 0.324119402909887 0.621639341143279 -6.17934392731299
"P68133" 0.99544362787335 1.11980822651831 0.990638543678479 0.326765295533829 0.624028490483959 -6.18470919762209
"P02774" 0.77421142850907 0.817341281900046 0.989444404291277 0.327342995800619 0.624028490483959 -6.18587299838695
"P84077" 0.347857989375088 0.497523308665411 0.976500748020707 0.333648716480486 0.633372279716858 -6.19840130265182
"F12AI" -0.652256835441668 4.11224061514221 -0.975271108049563 0.334251932085124 0.633372279716858 -6.19958324096805
"TUBA4A" -0.908612002420826 2.94213655683537 -0.971268944137077 0.336220261465476 0.633612155736929 -6.20342023695794
"TUBA1D" -1.17857014513346 1.70209257780935 -0.970931034742556 0.336386802174123 0.633612155736929 -6.20374350660209
"ACTN3" -0.493979665315709 0.28601249898022 -0.961463584855629 0.341075131744349 0.639794582170283 -6.2127568079734
"HABP2" -0.606253370945657 1.13805930585204 -0.960214386284453 0.341696948005365 0.639794582170283 -6.21393973856506
"SPP2" -0.761894388315707 0.907685424247359 -0.957433842814955 0.343083708664368 0.640490592210698 -6.21656746548543
"RPS4" -0.694069662913863 0.663552093265655 -0.950205995239689 0.346705827703546 0.643723846244356 -6.22336375858909
"LeCT2" 0.609425028374477 0.40535114520609 0.949907492928066 0.346855955187133 0.643723846244356 -6.22364337193419
"PFN1" -0.906954898801146 1.79396376116169 -0.945975724797513 0.348837363034912 0.645502569134984 -6.22731844401302
"TG" 0.761552272863102 0.830439203374032 0.936257859952708 0.353766403508989 0.652709358520971 -6.23633883659455
"C5" 0.638237664976405 0.771532167322534 0.92570948361874 0.359167808140824 0.66074311060309 -6.24602847925195
"P21291" 0.198789097469482 0.410715326481604 0.922097440718684 0.36102961237579 0.662237457584661 -6.2493221248271
"ITIH3" -0.739163781015035 4.69375702630809 -0.917128838593751 0.36360082507898 0.665020639492279 -6.25383244377975
"SePTIN7" -0.448372161025485 0.378903709138505 -0.911345669041144 0.366608406104726 0.668583538300816 -6.25905256519588
"ITIH1" -0.749825158528319 3.80924768927212 -0.902847124294877 0.371057072152792 0.674746433799457 -6.26666580833545
"VNN1" -0.723860657909502 2.79085309958901 -0.897203890728265 0.374030095772738 0.678198248369533 -6.27168309173325
"RAB8A" -0.323234150337075 0.302377082886402 -0.891862441477763 0.376858087636556 0.6795363871675 -6.27640404075394
"FAM124B" -0.493979665315709 0.542232326333978 -0.891742159332735 0.376921926321117 0.6795363871675 -6.27651003617711
"P0CG53" 0.717899209525217 1.03241699431888 0.887998010012355 0.378912538006204 0.681178950090926 -6.2798025516679
"AHCY" -0.770343897037622 2.07720855762668 -0.879384798858249 0.383517097848188 0.685801233070264 -6.28732590543374
"CKB" -0.391923368652398 0.278064743634779 -0.878534512669205 0.383973563055985 0.685801233070264 -6.28806475234202
"Q32LP2" 0.666373448237134 0.846657908552228 0.877100308859734 0.384744273386487 0.685801233070264 -6.28930941990957
"TUBB4A" -0.890532096026981 0.741573985655821 -0.873023927012958 0.386940154338608 0.687167722400903 -6.29283633622216
"UBC" 0.717899209525217 1.09692025673344 0.871637263408227 0.387688921037594 0.687167722400903 -6.29403246047902
"CPB2" 0.686900922460452 2.49092361437449 0.866833419555329 0.390289921837523 0.689840169970524 -6.29816196969681
"KRT27" -1.01150539658117 0.822600485886249 -0.857715987286894 0.395256466238576 0.694539026364719 -6.30593871579188
"F13A1" -0.508071732098064 1.66628805992448 -0.849766006519763 0.399619060338667 0.694539026364719 -6.3126545946498
"PPIA" 0.695738658449461 1.35382875730019 0.845711577255557 0.40185540487109 0.694539026364719 -6.31605627744885
"H2AC6" 0.198789097469482 0.321811550347599 0.842783682227782 0.403475179523518 0.694539026364719 -6.31850297455675
"IGFBP6" -0.493979665315709 0.599377808165143 -0.839946932638844 0.405048369959074 0.694539026364719 -6.32086564908461
"CL43" -0.567718973761888 0.940884828078096 -0.838459862660908 0.405874570314211 0.694539026364719 -6.32210111121629
"PRDX2" -0.452847344315791 0.559004630605749 -0.838046538519417 0.406104393027642 0.694539026364719 -6.32244412458722
"LOXHD1" 0.261957874558335 0.305129942147082 0.83789834794938 0.406186811688436 0.694539026364719 -6.32256706638834
"LDHA" -0.824410276643795 1.61294037748063 -0.835841390331012 0.407331886148541 0.694539026364719 -6.32427137816814
"AOCY" 0.452305656107595 0.299076449280129 0.83566549206406 0.407429897850114 0.694539026364719 -6.32441693152093
"AOC3" 0.638237664976405 0.499763080736666 0.831337516166211 0.409846039535007 0.694539026364719 -6.327988897219
"P02787" 0.762264717619946 0.814725741700157 0.831178314605928 0.409935082800803 0.694539026364719 -6.3281199458897
"RPS25" 0.550007093006396 0.528543909319453 0.830636317631953 0.410238316844658 0.694539026364719 -6.32856591436795
"TCN2" -0.493979665315709 0.440545433393437 -0.830260837303348 0.410448469470018 0.694539026364719 -6.32887470311876
"LRP1" 0.452305656107595 0.614868001325349 0.829682350667748 0.410772371762909 0.694539026364719 -6.32935017537248
"H2AC4" 0.198789097469482 0.328575956505916 0.828098100472235 0.411660215309675 0.694539026364719 -6.33065066067657
"H2AC25" 0.198789097469482 0.328575956505916 0.828098100472235 0.411660215309675 0.694539026364719 -6.33065066067657
"PARVB" 0.213062081607283 0.408945657906606 0.823851643256893 0.414045793600485 0.696701055365083 -6.33412459316269
"SeRPINA3-1" -1.36059584189951 3.84999949266226 -0.81957553908393 0.416456530276694 0.698893804799452 -6.33760523511362
"THBS3" 0.261957874558334 0.323629307052341 0.811569428786262 0.420993028830517 0.704632894408638 -6.34407464413247
"MYH11" 0.347857989375089 0.652544957969425 0.807503734687891 0.423308177283149 0.706633491708114 -6.34733631060732
"Q14624" 0.58728985128261 0.627085872180991 0.804682054977234 0.424919448212416 0.707451640691385 -6.3495906069302
"P05786" -1.01255317510248 1.54148494534518 -0.794538515426173 0.430742175233409 0.711524978624763 -6.35763103323997
"KRT75" -0.546237568902423 3.74408656908985 -0.793018821736224 0.431618623459437 0.711524978624763 -6.35882708531734
"eNO1" -0.697121388861631 2.99192467694863 -0.7925137855006 0.431910127216398 0.711524978624763 -6.35922407271098
"ANXA5" -0.427052962283665 0.794981727204845 -0.791410483947972 0.432547354938504 0.711524978624763 -6.36009047392578
"RAN" 0.46217852986694 0.736928979129569 0.790620255633212 0.433004107435672 0.711524978624763 -6.36071030213625
"TUBB2B" -0.938161045556537 0.765486657853197 -0.778825878083147 0.439855393036772 0.717627191928674 -6.36988969124775
"B4GALT1" -0.580945048717479 0.604090201189785 -0.777939150814913 0.440373067982918 0.717627191928674 -6.3705743821649
"P00558" 0.347857989375089 0.750630568987068 0.776559097832407 0.441179464730254 0.717627191928674 -6.37163848408804
"TAGLN2" -0.783251679516795 1.7896858980515 -0.776409724197679 0.441266799474367 0.717627191928674 -6.37175354943915
"C4BPA" -0.646046647453879 1.09352212121896 -0.772184879757095 0.443741178210511 0.719796101416021 -6.3749990874412
"MAN2B1" 0.347857989375088 0.257721982999801 0.766001618746012 0.447377240538915 0.723833432769374 -6.3797179436413
"P01009" 0.609425028374477 0.384859138319171 0.752530635431464 0.455359043003403 0.73486331492365 -6.3898703221619
"F9" -0.669836688182434 1.26479360370761 -0.749896549266802 0.456929395590572 0.735516450555231 -6.3918349366178
"CLIC1" -0.36661504642422 0.656642505144377 -0.745331617741749 0.459658268542877 0.736681983464735 -6.39522372159291
"CALD1" -0.427052962283665 0.613608729397705 -0.741795678370287 0.461778470900277 0.736681983464735 -6.39783473691268
"HSPA1B" -0.632175145903919 2.41794247840277 -0.740888391567837 0.462323400082465 0.736681983464735 -6.39850274127057
"HSPA1A" -0.632175145903919 2.41794247840277 -0.740888391567837 0.462323400082465 0.736681983464735 -6.39850274127057
"CTSD" 0.286760533969698 0.404874234398911 0.734080448152627 0.466424130682184 0.739611721066551 -6.4034897018699
"P35625" -0.117655039709101 0.334972889619899 -0.733578375408642 0.466727373796261 0.739611721066551 -6.40385569864329
"TUBB3" -0.865373937962937 1.54141251624483 -0.73026612312819 0.468730740068807 0.739611721066551 -6.40626410026696
"COL1A2" -0.593572909083313 1.33481183586698 -0.730068315169135 0.468850536333789 0.739611721066551 -6.40640759293008
"TUBB4B" -0.782149378670184 1.99452773543662 -0.717732612376674 0.476355694418265 0.749577165032233 -6.41528094654374
"COL3A1" 0.187753759379105 0.302753326489726 0.705694439659635 0.483744821680726 0.756511617528761 -6.42379757861727
"eeF2" -0.438619726993222 0.411835233384375 -0.705554782723485 0.48383091893495 0.756511617528761 -6.42389555381109
"TF" 0.2238841951018 6.43319179890424 0.704698072485408 0.484359260668176 0.756511617528761 -6.42449615634392
"PRDX1" 0.432827272978589 0.546049595625712 0.697869607389096 0.488581951074153 0.758856922065175 -6.42925774158315
"HPX" -0.372035464459366 4.43467162277725 -0.695389943457039 0.490120413146738 0.758856922065175 -6.43097560256476
"CFB" -0.487411077942778 4.57360680274049 -0.695230740359394 0.490219279503501 0.758856922065175 -6.43108569053615
"O75083" 0.261957874558335 0.280586141774954 0.694502998338084 0.490671353728354 0.758856922065175 -6.43158860515579
"A2M" -0.234053274512678 6.85398639709391 -0.691100137174702 0.49278827803036 0.760267490066399 -6.43393334148635
"CD14" -0.618490853912985 0.896772712450706 -0.681013131128111 0.499092966856151 0.768116248990808 -6.44081743113722
"DSC1" -0.427052962283665 0.453335524236637 -0.676476694862973 0.501942721290669 0.770622523441393 -6.44388105547697
"H2AC7" 0.198789097469482 0.298618059715194 0.668105588988994 0.507224610847518 0.776482615714825 -6.44948163001229
"ACTC1" -0.852354970897963 3.14765073265295 -0.666532081160149 0.508220792852968 0.776482615714825 -6.45052672236039
"ARHGDIB" -0.249494841890897 0.279676009478865 -0.659835369533967 0.51247226394227 0.78108695301346 -6.45494748499762
"FeRMT3" -0.652290803105728 1.78631223336103 -0.655766579370952 0.51506468160477 0.783146539982193 -6.45761204517837
"PLG" -0.438103515312354 5.08341324061474 -0.645088571346566 0.521901404479759 0.791634101506557 -6.46452782942029
"TUBB5" -0.71908030710427 2.02978074745611 -0.64215865564983 0.523785697747784 0.791762918172423 -6.46640592962727
"K2C4" 0.768057611682748 1.07211431784201 0.641055831100296 0.524495879233079 0.791762918172423 -6.4671106724733
"CTSC" -0.36661504642422 0.512298981811556 -0.63870721332758 0.526010002418396 0.792153488128898 -6.46860755179012
"eRC1" -0.117655039709101 0.453126800778874 -0.632271088352099 0.530171063699218 0.794992374237273 -6.47268189676031
"CATHL4" -0.427052962283665 0.921576588262768 -0.631221823915913 0.530851061477658 0.794992374237273 -6.47334227950239
"CFH" -0.39231016428131 4.64711187182647 -0.629951744249275 0.531674773261694 0.794992374237273 -6.47414019508259
"P31946" 0.213062081607283 0.416300648724564 0.625978706801508 0.534255797582723 0.796260331101004 -6.47662601134896
"KNG2" 0.431624044437311 4.12277039415999 0.624075378881722 0.535494572845908 0.796260331101004 -6.47781138795798
"IGF2R" -0.521096557614154 0.877479878395385 -0.622826113560386 0.536308463895288 0.796260331101004 -6.47858748937068
"CST3" 0.213062081607283 0.296271887536228 0.618316479654678 0.539251802600949 0.798750909486382 -6.48137634996605
"SLC2A1" -0.117655039709101 0.273565477653511 -0.611354365672988 0.543812149916327 0.802239245273949 -6.48564271055267
"TIe1" -0.291979388299967 0.329321550699608 -0.610840389275962 0.544149599013074 0.802239245273949 -6.48595578851667
"ADAMTS13" 0.213062081607283 0.332982228000967 0.595878684518359 0.554019448442638 0.810612320783079 -6.49495574207429
"P02790" 0.431547596303562 0.311598705911339 0.593826082911642 0.555380513913771 0.810612320783079 -6.49617329865003
"UBA1" -0.249494841890897 0.371507614924474 -0.59341934716749 0.555650417263627 0.810612320783079 -6.49641407359958
"FTL" -0.332509657253005 0.686434797671335 -0.589834522213165 0.558032101632942 0.810612320783079 -6.49852914783972
"GGH" -0.37529675605529 0.577545365003286 -0.589807460254537 0.558050100496972 0.810612320783079 -6.4985450665698
"P00488" 0.213062081607283 0.373297292501453 0.589584094185079 0.558198672018085 0.810612320783079 -6.49867643031401
"BPT2" -0.427052962283665 0.60882521501471 -0.588648060019225 0.558821488970902 0.810612320783079 -6.49922638768505
"IGF2" -0.427052962283665 0.705943254415119 -0.584824611291887 0.561369137884555 0.812440197259528 -6.50146387137531
"WDR1" -0.317719253473168 0.49446527816826 -0.580877234942719 0.564005426026049 0.81438769753418 -6.5037587967982
"COL2A1" -0.323234150337075 0.598477585239702 -0.567923014760333 0.572699959262435 0.825054050900905 -6.51118242334224
"YWHAe" -0.411219618765721 0.894440115061187 -0.563227061167425 0.575867886802525 0.826449842277239 -6.51383272506947
"CDH5" -0.448372161025485 0.991980297507352 -0.562604781337128 0.576288321080801 0.826449842277239 -6.51418229787265
"FAP" -0.381494750725389 0.55780279319837 -0.540822142559968 0.591098714421427 0.845767094784401 -6.5261785043889
"HSP90B1" -0.237001852445504 0.401908665735753 -0.537784804844833 0.593178110634919 0.84682214436795 -6.52781407488395
"P07737" -0.117655039709101 0.41744026887899 -0.520369639522 0.605166892716691 0.85908375832928 -6.53701618652063
"CNTN1" -0.381494750725389 0.660028748805807 -0.519991999044838 0.605428101001158 0.85908375832928 -6.53721241343514
"HBG1" -0.117655039709101 0.477156268145192 -0.517413607451904 0.607212925855561 0.85908375832928 -6.53854841513504
"HBG2" -0.117655039709101 0.477156268145192 -0.517413607451904 0.607212925855561 0.85908375832928 -6.53854841513504
"MYH10" -0.49460008029256 1.59849695958135 -0.505622526210451 0.615405682241412 0.865933112650775 -6.54457429718039
"FeTUB" -0.195783072552378 4.53036562922424 -0.503727120560257 0.616727322762126 0.865933112650775 -6.54553013205977
"P16070" -0.117655039709101 0.292146950984891 -0.50368743258986 0.616755010355352 0.865933112650775 -6.54555010835695
"eeF1A1" -0.373827888401694 3.10639466574768 -0.50255764143836 0.617543424235894 0.865933112650775 -6.54611811723731
"PROS1" -0.642144329189439 2.03387790338065 -0.499126985001954 0.619940257880579 0.866299580875385 -6.54783516374875
"KLKB1" -0.366138722134218 2.45522538487941 -0.498254379373098 0.620550571403604 0.866299580875385 -6.54827004683284
"S100A7" 0.198789097469482 0.524428888572263 0.492441716023891 0.62462289550826 0.870059706546826 -6.55114770225802
"P61981" 0.126829783715711 0.3862453650712 0.484946832849162 0.629891256905365 0.875465601557897 -6.5548088253178
"SeRPINA3-5" -0.425238726602641 4.1074092998534 -0.48271870425376 0.631461237726356 0.875718771440287 -6.55588650707386
"CP" 0.347857989375089 0.486714698212137 0.47781865639955 0.634919930772082 0.877741820071815 -6.55823922880347
"ASL" -0.246371884009743 0.347499488022769 -0.476712178671719 0.63570207887927 0.877741820071815 -6.55876720535136
"CA2" 0.213062081607283 0.345645323777982 0.471595554603894 0.639324362909794 0.880815879904105 -6.56119292980464
"CHAD" -0.291979388299968 0.459959781554867 -0.46926095571006 0.640980086673753 0.881173060329277 -6.56229111644278
"HSPA6" 0.261957874558335 0.711514689119529 0.466227521097834 0.64313418593969 0.882212328973792 -6.56370996582079
"FMOD" -0.411219618765721 1.06522880756232 -0.461284171259887 0.646651181973295 0.884809699960946 -6.56600261427921
"GPI" -0.379058992005463 1.05996408749265 -0.459626832757408 0.647832141651279 0.884809699960946 -6.56676584036361
"GSTA2" -0.463575298712417 1.47844549928175 -0.454742607407824 0.65131777354327 0.885772497304427 -6.568999252015
"P61284" 0.190955928075821 0.272669072133968 0.454550893216367 0.651454751632267 0.885772497304427 -6.56908643478937
"O00299" -0.117655039709101 0.309808546473659 -0.451806659584477 0.653416809915116 0.885772497304427 -6.57033039072471
"KRT72" -0.505515486688592 1.78368945396979 -0.449201243920066 0.655281906348175 0.885772497304427 -6.57150450890046
"TUBB2A" 0.292980891195894 0.306442143454817 0.448818791236466 0.655555873599314 0.885772497304427 -6.57167629265185
"HBB" -0.387099961567895 3.60338993350591 -0.44649739672911 0.657219812421173 0.886123294097779 -6.57271586488634
"PKP1" 0.286760533969698 0.315565674847234 0.439137060023593 0.662507146973965 0.891347568743223 -6.57597663588618
"P35443" -0.117655039709101 0.314705057137273 -0.434366894273165 0.665943126832077 0.893238399030455 -6.57806119744735
"ARF4" -0.175106974924774 0.30652531458429 -0.432196387779901 0.667508958295425 0.893238399030455 -6.57900223092294
"P29279" -0.117655039709101 0.375357173522509 -0.430349539702291 0.6688424751148 0.893238399030455 -6.57979925748509
"P07195" -0.117655039709101 0.331726118496806 -0.428614905283406 0.670095949853267 0.893238399030455 -6.5805447726295
"ACO1" 0.213062081607283 0.368919030414894 0.42737778367107 0.670990493091024 0.893238399030455 -6.58107464013738
"GDI2" -0.270849089322784 0.851446839452645 -0.422317161768219 0.674654745624263 0.893827082086611 -6.5832263116913
"JUP" 0.404433981843055 1.93676595742777 0.416834863406937 0.678633315349073 0.893827082086611 -6.58552856223577
"Q13509" 0.292980891195894 0.919595553811429 0.416688183501632 0.678739890302725 0.893827082086611 -6.58558974919131
"TUBB6" -0.367439022443746 0.781667074279942 -0.414430675703264 0.680380988833682 0.893827082086611 -6.58652876312988
"P00742" 0.126829783715711 0.369009306496356 0.413878331619887 0.680782754291501 0.893827082086611 -6.58675774035045
"SeRPINC1" -0.275486469489734 4.95379030804966 -0.413265984413554 0.681228274159142 0.893827082086611 -6.58701123778945
"MFGe8" -0.117655039709101 0.28800563179801 -0.412635542757404 0.681687078646492 0.893827082086611 -6.58727183655739
"LTF" -0.443607904560629 2.26415786302272 -0.411155163925742 0.682764902639852 0.893827082086611 -6.58788221165523
"COL1A1" 0.385428245807499 1.249747684195 0.402115546148152 0.689360812468964 0.89910905353361 -6.59156206905891
"ACe" -0.182568138858852 0.353554485651329 -0.40172078506862 0.689649416656525 0.89910905353361 -6.59172091730071
"HGFAC" -0.117655039709101 0.363443167339019 -0.394737633824909 0.694762360143151 0.903574203057603 -6.59450525292461
"IGHA1" 0.286760533969698 0.533600844183805 0.388471263168357 0.699362718196696 0.903574203057603 -6.59696249560184
"P23526" -0.117655039709101 0.434848844648397 -0.385342782584158 0.701663722289354 0.903574203057603 -6.5981746489427
"AFM" -0.307145513661223 3.6330774368852 -0.378076812355908 0.707018722083688 0.903574203057603 -6.60095231756604
"ACTG2" -0.497423128525161 1.10752783647369 -0.373613415608687 0.710315680986305 0.903574203057603 -6.6026325453643
"ACTA2" -0.497423128525161 1.10752783647369 -0.373613415608687 0.710315680986305 0.903574203057603 -6.6026325453643
"P02647" 0.261957874558335 0.803771327597334 0.371794998597674 0.711660492217669 0.903574203057603 -6.60331139383817
"P62937" 0.126829783715712 0.554483106393435 0.371605250638478 0.711800873814762 0.903574203057603 -6.60338204050124
"HP252" -0.182568138858852 0.395237456647379 -0.369352071673898 0.713468616359893 0.903574203057603 -6.6042181995758
"P37802" -0.117655039709101 0.354293361291635 -0.362788114167685 0.718335109110925 0.903574203057603 -6.6066252728748
"ACTA1" -0.497423128525161 2.17781526642366 -0.362371992196998 0.718644020324974 0.903574203057603 -6.60677642245988
"F5" 0.313132620356445 4.62038982616386 0.358104163037481 0.721815003315928 0.903574203057603 -6.60831668346134
"KRT19" -0.377741532295614 2.96099265043905 -0.357660529398759 0.72214490577395 0.903574203057603 -6.60847574960992
"CLeC11A" 0.084345237306641 0.313556625083039 0.347087633640547 0.730022942719595 0.903574203057603 -6.61220864714701
"PIP" -0.117655039709101 0.463104733121213 -0.345913777576226 0.730899434932138 0.903574203057603 -6.61261621931486
"FTH1" -0.117655039709101 0.282484824372127 -0.34507057414078 0.731529259901494 0.903574203057603 -6.61290813837224
"P02675" -0.117655039709101 0.361465457081215 -0.344973898962444 0.731601482687492 0.903574203057603 -6.61294156225272
"FLNC" 0.126829783715711 0.271711608969947 0.339741346612847 0.735514189598082 0.903574203057603 -6.61473672941981
"P02656" -0.117655039709101 0.312947293834637 -0.338868012783522 0.736167928818477 0.903574203057603 -6.61503369104802
"PLeK" -0.117655039709101 0.356570434842956 -0.33573484253062 0.738514900103022 0.903574203057603 -6.6160928097121
"MSN" -0.386703632359346 1.31140299204594 -0.331923789871411 0.741373042555985 0.903574203057603 -6.61736787653588
"PGK1" -0.291005698791841 1.44964417635107 -0.328252583793591 0.744129789469512 0.903574203057603 -6.61858245268564
"P27348" -0.117655039709101 0.290054174300835 -0.328102655760073 0.744242444163144 0.903574203057603 -6.61863176884196
"PYGL" -0.117655039709101 0.289094199092255 -0.326702623983385 0.745294688632672 0.903574203057603 -6.61909120172787
"TGFBI" -0.341850090881791 2.44310842150736 -0.319778551030175 0.750505897317253 0.903574203057603 -6.62133463902516
"TRPC4" -0.117655039709101 0.269665615237759 -0.319254034931481 0.750901141792186 0.903574203057603 -6.62150263544167
"P18065" -0.117655039709101 0.31297054960441 -0.311232861044674 0.756953765586617 0.903574203057603 -6.62403751069495
"AMY2A" -0.117655039709101 0.570364073266519 -0.306397702757683 0.760609750133654 0.903574203057603 -6.62553449923413
"MYH14" -0.117655039709101 0.505922711842503 -0.301913039413837 0.764005653669235 0.903574203057603 -6.62690210271565
"GPLD1" 0.272919634304243 1.27736996011665 0.298859203159319 0.76632078406656 0.903574203057603 -6.62782187670464
"KRT10" -0.53541260433021 1.86919749840774 -0.298202138376328 0.766819190758788 0.903574203057603 -6.62801855785603
"P05452" -0.117655039709101 0.63467875107243 -0.296813034698419 0.767873201902664 0.903574203057603 -6.62843294265722
"BCL2L14" -0.117655039709101 0.278345186011782 -0.295515233150175 0.768858335804504 0.903574203057603 -6.62881834920141
"THeMIS" -0.117655039709101 0.314023317558594 -0.294367841417006 0.769729617455407 0.903574203057603 -6.62915768723058
"HBe1" -0.117655039709101 0.355476418673161 -0.292630142161514 0.771049724715703 0.903574203057603 -6.62966910261396
"P49747" -0.117655039709101 0.476961206766378 -0.291919280615296 0.771589954243453 0.903574203057603 -6.62987744388995
"P05543" -0.117655039709101 0.424580065328214 -0.290768091130116 0.772465059519194 0.903574203057603 -6.63021376675945
"LPA" 0.126829783715712 0.288490087895019 0.290024062295631 0.773030810377838 0.903574203057603 -6.63043043211792
"TUBA1C" 0.198789097469482 0.335330475246119 0.288262989943326 0.774370404405736 0.903574203057603 -6.63094106197755
"P23528" 0.084345237306641 0.716620014092231 0.287815321102663 0.77471104306815 0.903574203057603 -6.6310703712622
"P08697" -0.117655039709101 0.422768746850354 -0.281301916312057 0.779672227217135 0.903574203057603 -6.63292911310952
"CATHL2" -0.117655039709101 0.348458948683919 -0.280649491820456 0.780169685365235 0.903574203057603 -6.63311296018684
"DDBX" -0.197781695519983 1.09075362379658 -0.278801792941502 0.781579014783692 0.903574203057603 -6.63363131546079
"Q3SWY2" 0.190979230169937 0.975216442046511 0.277745436294546 0.782385081892544 0.903574203057603 -6.63392613345509
"FLNB" -0.117655039709101 0.413331594768217 -0.277462190653454 0.782601257289458 0.903574203057603 -6.63400499466312
"Q86UX7" -0.117655039709101 0.290262389270065 -0.276914194922142 0.783019541259064 0.903574203057603 -6.63415733985517
"P00338" -0.117655039709101 0.339952528327364 -0.274321545019859 0.784999380321172 0.903574203057603 -6.63487403744627
"P51884" -0.117655039709101 0.355631198281322 -0.266471125397848 0.791002939638098 0.903574203057603 -6.6370031766876
"P02649" -0.117655039709101 0.591694934187602 -0.260344843170204 0.795696893720528 0.903574203057603 -6.63862189085009
"ARG1" 0.185400825406071 0.789853158760867 0.260117158217539 0.79587149401027 0.903574203057603 -6.63868132728405
"HSP90AA1" -0.26250372849559 2.00619567514892 -0.255865389009305 0.799133891460993 0.903574203057603 -6.63978171201233
"TUBA1A" 0.198789097469482 1.19948842838369 0.255663174679793 0.799289141827077 0.903574203057603 -6.63983359584871
"S100A12" -0.117655039709101 0.286516449992109 -0.253948012540833 0.800606288580224 0.903574203057603 -6.64027202439687
"ANG1" -0.117655039709101 0.327357710119103 -0.251183643595556 0.802730395699248 0.903574203057603 -6.64097245572931
"P35580" -0.117655039709101 0.441271939685429 -0.248320297680039 0.804932140850864 0.903574203057603 -6.6416899038665
"LDHB" -0.226630792382701 1.58525526685111 -0.248204585681912 0.805021150266393 0.903574203057603 -6.64171872452668
"ReG1" -0.117655039709101 0.282004772270175 -0.245057901755129 0.807442676526454 0.903574203057603 -6.64249733997155
"P06733" -0.117655039709101 1.00307738353785 -0.244380058159728 0.807964560172544 0.903574203057603 -6.6426637683888
"LOX" -0.117655039709101 0.69202037673911 -0.242794341153255 0.809185775269375 0.903574203057603 -6.64305130744802
"PGK2" 0.084345237306641 0.431077244658023 0.240500733718402 0.810953008413125 0.903574203057603 -6.64360739774267
"IGFBP4" -0.117655039709101 0.316080397760248 -0.240112168071473 0.811252498407048 0.903574203057603 -6.64370108479009
"B2M" -0.117655039709101 0.513877245340613 -0.2399716549511 0.811360807002184 0.903574203057603 -6.64373492669705
"IGLC3" -0.117655039709101 0.303549571080174 -0.238552628266029 0.81245481198865 0.903574203057603 -6.64407558486142
"P02763" -0.117655039709101 0.32012740065791 -0.238363477099432 0.812600667493698 0.903574203057603 -6.64412084113126
"CD44" -0.117655039709101 0.274022207389356 -0.237352340820009 0.813380473817992 0.903574203057603 -6.64436215796322
"Q08380" -0.117655039709101 0.393787616540834 -0.233822289289367 0.816104403334143 0.903574203057603 -6.64519661308821
"P02753" -0.117655039709101 0.304305999228133 -0.232020682349731 0.817495481391356 0.903574203057603 -6.64561767986171
"PFKL" -0.0963358409672809 0.353274024389126 -0.22878701733777 0.819993781335307 0.903574203057603 -6.64636529258808
"eDIL3" -0.117655039709101 0.874239341804051 -0.228525016633255 0.820196283565624 0.903574203057603 -6.64642540779035
"GDF6" -0.117655039709101 0.295749412812816 -0.227269513975036 0.821166841911705 0.903574203057603 -6.64671252492087
"COL10A1" -0.117655039709101 0.836743477537966 -0.226525855698713 0.821741855468899 0.903574203057603 -6.64688184558214
"Q7Z3Y7" -0.117655039709101 0.378250244393938 -0.224408786729082 0.823379361277803 0.903574203057603 -6.647360840539
"NCAM1" -0.117655039709101 0.308761910501216 -0.224232341661138 0.823515873530018 0.903574203057603 -6.64740055929379
"Q9BQe3" 0.198789097469482 0.969807632327124 0.224194982574073 0.823544778264155 0.903574203057603 -6.64740896503034
"ACO2" -0.117655039709101 0.361765483052936 -0.222993199675726 0.824474729425786 0.903574203057603 -6.64767861867819
"KRT24" -0.117655039709101 0.307843755544185 -0.222975138062246 0.824488707617461 0.903574203057603 -6.64768266027516
"Q32Le4" -0.117655039709101 0.358614391703744 -0.222327687793498 0.824989818326917 0.903574203057603 -6.64782732266738
"P11021" -0.117655039709101 0.437578763486024 -0.221219246576517 0.825847895408038 0.903574203057603 -6.64807401153863
"P54652" -0.117655039709101 0.339616098038885 -0.220195165126411 0.826640857799157 0.903574203057603 -6.64830083218959
"P34931" -0.117655039709101 0.704760182144938 -0.220112700038161 0.826704719758307 0.903574203057603 -6.64831905143428
"POTeI" -0.117655039709101 0.510637212644928 -0.217248496283577 0.828923524152576 0.903574203057603 -6.64894762164558
"IGFBP3" 0.188539334497178 1.43521702137938 0.2149424833822 0.830710940511254 0.903574203057603 -6.64944772211092
"PGM1" -0.102205944677698 0.393637497378766 -0.213521858466153 0.831812533108532 0.903574203057603 -6.64975315880643
"RASA1" -0.117655039709101 0.310522415542501 -0.213081717952787 0.832153899708847 0.903574203057603 -6.64984737955424
"LGALS3BP" 0.126829783715712 0.705418077214483 0.212817574144012 0.832358781495396 0.903574203057603 -6.64990383156603
"P01042" -0.117655039709101 0.328975594078848 -0.212007743174414 0.832986995855835 0.903574203057603 -6.65007647056514
"P13929" -0.117655039709101 0.395447519903641 -0.212003797703179 0.832990056766162 0.903574203057603 -6.65007731004884
"CDH1" -0.131928023846902 0.600999147693407 -0.210907082575738 0.833840993232924 0.903574203057603 -6.65031005512693
"NeFH" -0.117655039709101 0.384919047854502 -0.209171745401794 0.835187843411376 0.903574203057603 -6.65067586707096
"PGLYRP1" -0.215448448743358 1.52650722953648 -0.205790214408547 0.83781378556912 0.903574203057603 -6.65138003223579
"Q00610" -0.117655039709101 0.270744400877645 -0.205076008501763 0.838368644579542 0.903574203057603 -6.65152729211604
"P02749" -0.117655039709101 0.451919943200276 -0.201450748759632 0.841186342680934 0.903574203057603 -6.65226689200463
"H2B1" -0.126807188977156 0.855501407010386 -0.201127265801314 0.841437869227562 0.903574203057603 -6.65233224677614
"O43707" -0.117655039709101 0.363742985490342 -0.199850286678874 0.842430956428158 0.903574203057603 -6.65258921688509
"MPV17L" -0.117655039709101 0.315558794847105 -0.199456878357816 0.842736956237726 0.903574203057603 -6.6526680543095
"DYNC1H1" -0.117655039709101 0.327439591398445 -0.198600864854242 0.843402862915556 0.903574203057603 -6.65283906006633
"P00751" -0.117655039709101 0.338174304148422 -0.197246490369795 0.844456688269172 0.903574203057603 -6.65310812340269
"H2BC12" -0.126807188977156 0.94148834362549 -0.194116658576391 0.846893074600093 0.903574203057603 -6.65372287111255
"CHI3L1" -0.117655039709101 0.759499594345939 -0.193381343193958 0.847465693433142 0.903574203057603 -6.65386587437717
"CATHL3" -0.117655039709101 0.337409403174493 -0.193367240353199 0.847476676679118 0.903574203057603 -6.65386861178487
"SPON1" -0.117655039709101 0.468705315670895 -0.190422086494435 0.849771018791471 0.903574203057603 -6.65443590837982
"MAP4" -0.117655039709101 0.337161908363979 -0.189879512727122 0.850193839904239 0.903574203057603 -6.65453947082533
"NACA" -0.117655039709101 0.816083855863542 -0.187981010916137 0.851673668072658 0.903574203057603 -6.65489952021321
"Q06033" -0.117655039709101 0.590504811827602 -0.187102033341605 0.852358988849517 0.903574203057603 -6.65506499411639
"GAL3ST4" -0.117655039709101 0.370598323564226 -0.184431760676979 0.85444164853048 0.903574203057603 -6.65556294236165
"HP20" -0.102205944677698 0.680981753881348 -0.182766809630905 0.855740745450938 0.903574203057603 -6.65586980215664
"Q14533" -0.117655039709101 0.451527797045678 -0.181874304451067 0.856437298966867 0.903574203057603 -6.65603315179065
"BRN" -0.117655039709101 0.463884710841 -0.180301488404014 0.85766507980435 0.903574203057603 -6.65631907090713
"RNASe4" -0.117655039709101 0.790744822982162 -0.179843381622804 0.858022756710883 0.903574203057603 -6.65640188287879
"KRT40" -0.117655039709101 0.28844792166748 -0.177899979549079 0.859540443769316 0.903574203057603 -6.65675085225302
"P78385" -0.117655039709101 0.434649580733642 -0.177088388702437 0.860174409060856 0.903574203057603 -6.65689546573712
"ACTN1" -0.168600772784159 0.758090282966487 -0.17559956658114 0.861337627456879 0.903574203057603 -6.6571590349338
"F12" -0.117655039709101 1.40352742793015 -0.174290788094534 0.862360433847264 0.903574203057603 -6.65738889513624
"MAML2" -0.117655039709101 0.395914935966484 -0.174146804820901 0.862472970898259 0.903574203057603 -6.65741407799431
"KRT33A" -0.117655039709101 0.335776781552413 -0.171845802184591 0.864271819106063 0.903574203057603 -6.65781370583862
"CLTC" -0.117655039709101 0.392360977696785 -0.171629565753151 0.864440903084226 0.903574203057603 -6.65785098792537
"MAPRe2" -0.0706593081922677 0.42282012260482 -0.168115386313634 0.867189673233207 0.903574203057603 -6.65845030747386
"KRT33B" -0.117655039709101 0.421834264019887 -0.16803819882846 0.86725006754143 0.903574203057603 -6.65846333229191
"KRT86" -0.117655039709101 0.501964950096177 -0.167994484500964 0.867284271582648 0.903574203057603 -6.65847070611191
"IGHG4" -0.117655039709101 0.354738482674643 -0.167872472769749 0.867379740362985 0.903574203057603 -6.65849127715585
"Q9NY65" -0.117655039709101 0.771076784687933 -0.166275784623004 0.868629261490043 0.903574203057603 -6.65875910107961
"P80209" 0.084345237306641 0.368808821772609 0.165064266233207 0.869577586080896 0.903574203057603 -6.6589606118435
"PF4" -0.117655039709101 0.493140774575256 -0.162323429468751 0.871723707194098 0.903574203057603 -6.6594110609344
"P00738" -0.117655039709101 0.333793307575117 -0.160880691226112 0.872853787772176 0.903574203057603 -6.65964514443523
"LASP1" -0.117655039709101 0.588559131748599 -0.159091294134466 0.874255773803827 0.903574203057603 -6.65993257289173
"HBD" -0.117655039709101 0.814906290238242 -0.158478347275294 0.874736109259401 0.903574203057603 -6.66003029129448
"POTeF" -0.117655039709101 0.49537561069465 -0.157600499911814 0.875424116694931 0.903574203057603 -6.66016958488678
"RAP1A" -0.117655039709101 0.599993751912971 -0.154609759686166 0.877768816577032 0.903574203057603 -6.66063834219236
"P08603" -0.117655039709101 0.361869046592644 -0.154571637887444 0.877798710735833 0.903574203057603 -6.66064425935099
"IGHG3" -0.117655039709101 0.378716402118438 -0.146742852045979 0.883941593395801 0.908415546307411 -6.66182853186131
"IGHG2" -0.117655039709101 0.404079427542237 -0.14429177881422 0.885866334410801 0.908913263436123 -6.66218667126099
"THBS4" 0.102587921909566 2.70759369313272 0.138728795064857 0.890237307460421 0.911915163973256 -6.66297714475815
"HMGB1" -0.148421206635757 1.37648863820139 -0.13323593433396 0.89455656149287 0.913430878417395 -6.66372718850835
"HSP90AB1" 0.116097636031626 1.67089272268817 0.129981930414899 0.897116843716605 0.913430878417395 -6.66415723906301
"ADORA1" -0.117655039709101 0.406560103967575 -0.129059121170119 0.897843121392089 0.913430878417395 -6.66427726402478
"KRT83" -0.117655039709101 0.457778587254636 -0.128087385587358 0.898608000898212 0.913430878417395 -6.66440272885306
"RPS27A" -0.105897427659103 1.43074905315533 -0.127579566675323 0.899007757665134 0.913430878417395 -6.66446791847285
"P02751" -0.117655039709101 0.622009498720353 -0.123549750377876 0.902180971053767 0.913430878417395 -6.66497605781843
"P02765" -0.117655039709101 1.06939274474532 -0.121345565670782 0.903917305913756 0.913430878417395 -6.66524709923476
"HMGB2" -0.125386768937699 1.45785418284916 -0.120497255418828 0.904585684582973 0.913430878417395 -6.66535011376524
"KRT17" 0.176982035832199 3.15566229471789 0.120294654087266 0.904745323313585 0.913430878417395 -6.66537460980673
"UTP15" -0.117655039709101 0.509960648013274 -0.109748633552174 0.913060335012663 0.92035314919008 -6.66659281689225
"RAP1B" 0.0800150032481231 1.39753022001263 0.101093335746431 0.919891988439567 0.925760517871398 -6.66750920890422
"Q0VCM4" 0.0789517596025088 0.998684414612892 0.0985541458298222 0.921897359662816 0.92630132794146 -6.66776378159257
"GC" -0.0165620946767593 4.99867536177431 -0.0515002442293273 0.959137851047843 0.962187573944657 -6.67130972211571
"CPN1" 0.0462132594879541 2.23358421359915 0.0455166338169139 0.963881898175881 0.965411869442827 -6.67160128507747
"ALB" 0 7.83356785233269 0 1 1 -6.67264186166167
