"logFC" "AveExpr" "t" "P.Value" "adj.P.Val" "B"
"P50395" 1.44973372585986 0.305060164883725 5.17430037172856 4.31414952202064e-06 0.00272222834839502 4.1391621193007
"MFGe8" -1.309417834897 0.28800563179801 -4.59234334827353 3.11710657607618e-05 0.00983447124752033 2.30832665722131
"POTeI" 2.3809180901649 0.510637212644928 4.39633419989131 5.96954992397075e-05 0.0108907070721132 1.70859784348965
"S100A9" 2.41725209578432 0.734901277775447 4.33554619907449 7.28773862853068e-05 0.0108907070721132 1.52469782606255
"eHD3" -1.37937778312597 0.929085257842862 -4.28381143231295 8.62972034240349e-05 0.0108907070721132 1.36901911020184
"ANXA5" -2.13438441353514 0.794981727204845 -3.95542087476457 0.000247721400740098 0.0260520339778337 0.400357222663702
"KRT6C" 3.86122279728461 2.16427141361773 3.83495563468631 0.00036156858622468 0.0325928254153962 0.0543150509266876
"eDIL3" -1.92209454997429 0.874239341804051 -3.73334359573197 0.000495441477632032 0.0390779465482265 -0.233293228427892
"AKR1A1" -1.49364576633456 0.457750447432581 -3.68706858590901 0.00057114693093812 0.0400437459357726 -0.362915190263493
"P02788" 1.61531829428508 1.24423163318215 3.57860680707395 0.000794517076308602 0.0501340275150728 -0.663257962098146
"P49747" -1.32953771194103 0.476961206766378 -3.29877660472806 0.00182123636225436 0.104417073234783 -1.41406222828024
"P26038" -2.00155406409996 1.1333406550057 -3.25419649477564 0.00207207132102895 0.104417073234783 -1.53025425037998
"P00338" 1.38857313145723 0.339952528327364 3.23756234952804 0.00217377421470414 0.104417073234783 -1.57335608192222
"P05109" 1.60854684834099 0.687321161041491 3.20874996532465 0.00236118262772383 0.104417073234783 -1.64768451790549
"FTH1" -1.088094550574 0.282484824372127 -3.1912735078273 0.00248218082174603 0.104417073234783 -1.69256403440678
"SeRPINB3" 2.14776955708098 0.783301319974117 3.14918031386116 0.00279804724542053 0.110347988241272 -1.8000155199717
"P37802" 1.01427718164794 0.354293361291635 3.12751333800203 0.00297503095794917 0.110426149086231 -1.854966275764
"DSP" 2.42951203070213 1.36211428931009 2.99475892168198 0.00431072078687929 0.140740582741168 -2.18618795295023
"S100A7" 1.20394697461906 0.524428888572263 2.98242570508274 0.00445986505011448 0.140740582741168 -2.21647181606886
"KRT2" -1.99702269219128 2.86031237617989 -2.98234357094145 0.00446087425487061 0.140740582741168 -2.21667321109664
"O43707" 1.71272140874038 0.363742985490342 2.90924949227935 0.00544856568835235 0.151492333979841 -2.39440103275631
"HBG1" -0.660416993860026 0.477156268145192 -2.90432726095307 0.00552190757771211 0.151492333979841 -2.40626060076898
"HBG2" -0.660416993860026 0.477156268145192 -2.90432726095307 0.00552190757771211 0.151492333979841 -2.40626060076898
"PZP" -2.79534627232955 1.58382233784497 -2.86426801235814 0.00615384733109788 0.161260940417161 -2.50226079141083
"P16070" -0.661468690019503 0.292146950984891 -2.83178236170983 0.00671492841168873 0.161260940417161 -2.57942711287947
"Q08188" 1.82075680996025 0.494699043019943 2.82760905649284 0.00679034970930229 0.161260940417161 -2.58929554529318
"RDX" -1.28282957751266 0.501332519865363 -2.82160521212997 0.00690023041404653 0.161260940417161 -2.60347457871618
"HSPA5" -1.84720156335277 0.826080446789921 -2.63086972014949 0.0113750457806486 0.251260862322524 -3.04260855494818
"HBA" -0.979137480430921 4.52126570357216 -2.62500243901019 0.0115476466043632 0.251260862322524 -3.05576072714061
"Q04695" 1.72929595703513 2.00730714342483 2.6038769396623 0.0121891331402876 0.252489417301762 -3.10293546234138
"KRT14" 1.5756098271626 2.44276934440136 2.5966691372137 0.0124153437312153 0.252489417301762 -3.11896612329167
"H2AC6" 0.609621698355978 0.321811550347599 2.5845442544216 0.0128045346333699 0.252489417301762 -3.14585792377655
"KRT13" 1.36692278151011 1.5651524960697 2.56615162008583 0.0134161896981486 0.254160877559152 -3.18647114152143
"H2AC4" 0.609621698355978 0.328575956505916 2.53950833743658 0.0143494959434119 0.254160877559152 -3.24491595784103
"H2AC25" 0.609621698355978 0.328575956505916 2.53950833743658 0.0143494959434119 0.254160877559152 -3.24491595784103
"FeTUB" -0.983942332406345 4.53036562922424 -2.53156941220132 0.0146387985285603 0.254160877559152 -3.26224179311575
"DYNC1H1" 1.49195657221588 0.327439591398445 2.51841201447594 0.0151299584712689 0.254160877559152 -3.2908659040109
"P00558" -1.12604654732069 0.750630568987068 -2.51378929797054 0.0153060433395369 0.254160877559152 -3.3008958284325
"Q5XKe5" 1.62229778319618 1.3958302434628 2.35485344929717 0.0226113020558609 0.36490821666816 -3.63708369230317
"P14923" 1.80059538507592 0.931804160540682 2.34396222191356 0.0232112715501776 0.36490821666816 -3.65949422904404
"LIMS1" -0.696055952004597 0.626390033840329 -2.33120944218783 0.0239318706404317 0.36490821666816 -3.68563110585372
"P23528" 0.681355367672625 0.716620014092231 2.32502178183188 0.0242886610143625 0.36490821666816 -3.6982721543011
"IGHG1" 2.02162275607086 0.493334150531808 2.3126964572394 0.0250135524743666 0.367059339798263 -3.72337284453037
"KRT16" 1.55208166681457 2.30697925096178 2.29823089076853 0.0258889030426539 0.371270404998059 -3.75269710000393
"FLNB" 0.963727425632093 0.413331594768217 2.27272816676471 0.0274988327115154 0.385594743132582 -3.80403856197384
"TUBB1" -0.870036296425526 1.29215683445709 -2.22822414736645 0.030522436517666 0.41868820527494 -3.89253265447759
"SeRPINF1" -0.778401697379404 4.38231994384435 -2.20019578487209 0.0325745055165481 0.43187865019664 -3.94754099422445
"KRT3" 1.32286351208217 1.58048859238809 2.19651441411631 0.0328528925664639 0.43187865019664 -3.95472412333388
"P0DMV8" 1.34652376322271 0.839672292936283 2.16864416525456 0.035029436592148 0.442071489792908 -4.00878736596684
"P0DMV9" 1.34652376322271 0.839672292936283 2.16864416525456 0.035029436592148 0.442071489792908 -4.00878736596684
"KRT7" 1.35211611372213 3.18158863035919 2.1420311600692 0.0372252414329091 0.443486603907991 -4.05988547910366
"UTRN" 0.964103390293307 0.277898308571694 2.13735884205177 0.0376229740858311 0.443486603907991 -4.06880318448542
"Q00610" 1.22528135250418 0.270744400877645 2.13569949646417 0.0377651208428068 0.443486603907991 -4.07196640805906
"CTSD" 0.831181151047036 0.404874234398911 2.12774688137908 0.0384529336488107 0.443486603907991 -4.08709852467457
"Q9BQe3" -1.88457164882814 0.969807632327124 -2.12542595819914 0.0386557261726458 0.443486603907991 -4.09150599392193
"ANXA2" -1.03368254677289 1.02910085649948 -2.10396948760313 0.0405752956095662 0.453904728329155 -4.13206444323896
"Q9BUF5" -1.18501952702509 0.589043054365598 -2.09931550371079 0.0410024873451059 0.453904728329155 -4.14081688668361
"Q9NY65" -1.4756471943774 0.771076784687933 -2.08545588593989 0.0422980216480469 0.460173304481338 -4.16678677268389
"TLN1" -0.884038741963679 2.71389669310979 -2.06236197620597 0.0445361013270965 0.476309829447422 -4.20974259965854
"HBBF" -0.745672034631433 5.04709494072043 -2.02331396482236 0.0485549622291605 0.50460431879754 -4.28146621302349
"CSTA" 0.624673836923459 0.381212035195322 2.02120131459781 0.0487810831167194 0.50460431879754 -4.28531403288682
"eIF4A1" 0.749080217446928 0.281091213558205 1.99150273750578 0.0520575041523084 0.5298110503243 -4.33904723414855
"CCDC168" 1.69730323705542 0.497858398849557 1.98400784318713 0.0529137553917233 0.529977454796467 -4.35250179299713
"O95678" 1.77613689767357 1.40815289159792 1.97567470649299 0.0538799896678734 0.531223023131689 -4.36741086060373
"F12" 1.32253528946554 1.40352742793015 1.95916569705557 0.0558391249046848 0.542069043305479 -4.39679088764246
"P54652" 1.03551841596322 0.339616098038885 1.93800579353187 0.0584393794509326 0.549987572418783 -4.43414201486211
"O75083" 0.73010783635009 0.280586141774954 1.93566267977316 0.0587335944611465 0.549987572418783 -4.43825684442881
"TF" -0.610935778863513 6.43319179890424 -1.92298194868883 0.0603479520846458 0.549987572418783 -4.46045239873955
"eeF1A1P5" 0.713520426496642 1.86671378928113 1.9205519007966 0.0606616087800517 0.549987572418783 -4.4646916051637
"TUBA1C" 1.3225641668175 0.335330475246119 1.91784311097465 0.0610128844204672 0.549987572418783 -4.46941168593371
"F2" -1.22540344777929 4.46967325870573 -1.88963788820857 0.0647748730124224 0.575675279870965 -4.51822092773174
"P07195" -0.510812498844136 0.331726118496806 -1.86087949441849 0.0688120149853292 0.596742532835486 -4.5673483887803
"MYH14" -0.724574445346519 0.505922711842503 -1.85932088941568 0.0690367747971323 0.596742532835486 -4.569992407507
"GALK1" -0.687260133448383 0.276395954789196 -1.8445002987093 0.0712052201026573 0.607058019334688 -4.59503859205406
"P68104" -0.834563323717751 1.79940580014137 -1.83813357159657 0.0721542812204462 0.607058019334688 -4.60574494676637
"FLNC" -0.680678082328353 0.271711608969947 -1.8233452862968 0.0743999858799818 0.612449311835651 -4.63048946851508
"TLN2" 1.20286136761626 0.966455129892931 1.82116319103221 0.0747362868642554 0.612449311835651 -4.63412600452645
"CLTC" 1.22528135250418 0.392360977696785 1.78738205329474 0.0801079542565983 0.647870416452412 -4.6899406393498
"GAPDH" -0.978083807526336 3.07871804506745 -1.78127897446249 0.0811121440566412 0.647870416452412 -4.69992736353542
"P68366" -0.791698336555083 1.76508982753113 -1.76028503599633 0.0846472195795198 0.667654944433463 -4.73405278682486
"GSN" -0.676486263918651 4.6420356331314 -1.74486568959338 0.0873247001675296 0.675335547640327 -4.75889117804567
"ACTBL2" 1.1116321578839 0.466625960054164 1.74238758244684 0.0877615133225147 0.675335547640327 -4.7628651872471
"RAB8A" -0.626061859533861 0.302377082886402 -1.72741976049779 0.0904386619594815 0.679874024871401 -4.78676281253299
"O00299" -0.447564700057963 0.309808546473659 -1.71869146091049 0.0920308414051848 0.679874024871401 -4.80061471103058
"IGHG3" 1.37735924260294 0.378716402118438 1.71788326323442 0.0921794367402827 0.679874024871401 -4.80189420394854
"P23526" 0.522964964299863 0.434848844648397 1.71281039074559 0.0931166794563278 0.679874024871401 -4.80991318052895
"THBS1" -0.948693121741331 3.82406536567389 -1.70946762662269 0.0937385739521583 0.679874024871401 -4.8151858515735
"Q32LP2" -1.28282957751266 0.846657908552228 -1.68849797606335 0.0977185903844548 0.681094696865127 -4.84805459110796
"P12259" 1.07994752373896 0.759135697267659 1.68840149595558 0.0977372191318148 0.681094696865127 -4.84820498953274
"C4A" 0.944984143481359 1.69571761681544 1.68670320522853 0.0980656108812969 0.681094696865127 -4.85085113244293
"P68032" -1.23815938347381 1.87318986533482 -1.68588352888843 0.0982244333038456 0.681094696865127 -4.85212744454791
"IQGAP1" 1.11929162172582 0.787962784654897 1.67902741976346 0.0995612008611547 0.68282143864002 -4.86278153223905
"HSP90AB1" -1.49330049705103 1.67089272268817 -1.67188659417101 0.100969352193193 0.68282143864002 -4.87383716019493
"TUBB2A" 1.08891516958991 0.306442143454817 1.6681142178915 0.101719833965391 0.68282143864002 -4.87966079345749
"HSPA1B" -1.40671800930563 2.41794247840277 -1.64862704593318 0.105669871772568 0.694559261338442 -4.90955816123645
"HSPA1A" -1.40671800930563 2.41794247840277 -1.64862704593318 0.105669871772568 0.694559261338442 -4.90955816123645
"KNG1" -0.808014105056691 4.54464354662345 -1.62671919032937 0.110259458478976 0.711963061109013 -4.94279584415318
"IGHG4" 1.13582711161176 0.354738482674643 1.62061996100316 0.111565725300759 0.711963061109013 -4.95197875064422
"QSOX1" 0.397736115205731 0.805070645396471 1.61998421598321 0.111702603882397 0.711963061109013 -4.952934145775
"F5" -1.39420020266317 4.62038982616386 -1.5944327234673 0.117317948882993 0.720270045626878 -4.99105516326901
"PGK1" -1.41325874291005 1.44964417635107 -1.5941469045283 0.117382031425458 0.720270045626878 -4.99147851488866
"ILK" -0.998344057396451 0.589892980239292 -1.5903553978875 0.118234796062301 0.720270045626878 -4.99708800990601
"FGB" -1.38461056673992 2.91781616788423 -1.5822887406133 0.120065772025263 0.720270045626878 -5.00898266769633
"POTee" 0.876828307150519 1.22222899345803 1.5821832929871 0.120089857347867 0.720270045626878 -5.00913779553793
"P34931" -0.84522828776311 0.704760182144938 -1.58127931475066 0.120296495366317 0.720270045626878 -5.01046728987335
"IGKC" 1.20379534167885 0.647521334386395 1.57433536451609 0.121893379979405 0.720270045626878 -5.02065709817237
"SeRPINF2" -0.815628479064755 4.3277909011828 -1.56818924334439 0.12332100391276 0.720270045626878 -5.02964250520064
"CASP14" 0.794007130324761 0.43547856288609 1.56810820084404 0.123339918039883 0.720270045626878 -5.02976077522098
"AMY2B" 0.809219352905516 0.74822742113586 1.563494016569 0.124420657643946 0.720270045626878 -5.03648544939969
"eZR" -1.41509633593778 1.29807461408825 -1.54131652020804 0.129721767981042 0.744131232691249 -5.0685574851791
"Q0VCM4" -1.22451982271293 0.998684414612892 -1.52854737863655 0.132855084370582 0.75523926340394 -5.08683591564274
"P63267" -1.28647582071079 0.706404285464378 -1.52217679379684 0.134440747781955 0.757429570092981 -5.09590368672456
"P07737" -0.342150714511324 0.41744026887899 -1.51327851669307 0.136680774123238 0.763235119219145 -5.10851192239196
"H4C1" 0.6428390251731 0.852768548672937 1.50842784477293 0.137914316226139 0.763367838058718 -5.11535677035041
"RPS4X" 0.711151642933032 0.513292028294379 1.50348595909273 0.139180136218198 0.763675356118984 -5.12230983327528
"eeF2" -0.923161543773197 0.411835233384375 -1.48497890621696 0.144002658333166 0.778183091510093 -5.14816447127063
"FTL" -0.835665290863375 0.686434797671335 -1.48237570493021 0.14469146806055 0.778183091510093 -5.15177782612814
"P61224" -0.486725198082942 0.922756113454085 -1.47685919229213 0.146159743788304 0.778183091510093 -5.15941591151977
"MYH9" -0.927330671519215 1.83979858127324 -1.46871903102648 0.148347771759437 0.778183091510093 -5.17063928589876
"KRT9" -0.530529501296841 2.75795260815414 -1.46748967399502 0.148680446465092 0.778183091510093 -5.17232936752605
"IGHG2" 1.19339797873168 0.404079427542237 1.46357961044628 0.149742449418879 0.778183091510093 -5.17769622125439
"KRT75" 1.00632152066971 3.74408656908985 1.46096122281156 0.15045695271669 0.778183091510093 -5.18128285194757
"KRT71" 1.02418258016404 2.06923573706999 1.45253399321059 0.152774769862914 0.783746990109748 -5.19278655615154
"ACTN4" -0.883000168936198 0.364055589207912 -1.44425716605018 0.155078394572154 0.789148927217978 -5.20402577105541
"TUBB6" -1.26056053871911 0.781667074279942 -1.42177320294338 0.161473509325733 0.8151182750763 -5.23426028596336
"P12814" 1.05932814141153 0.537805322538134 1.40605960436241 0.166063519374448 0.829816932980638 -5.25513232215357
"IGLC3" 0.691887379951152 0.303549571080174 1.40284303468453 0.167015452438258 0.829816932980638 -5.25937855671879
"Q14CN4" 0.904412426215107 1.04825329384874 1.39381761824609 0.169709072391539 0.832858623162368 -5.27124538292562
"P35443" 0.377034200648753 0.314705057137273 1.39196055838733 0.170267452278836 0.832858623162368 -5.27367834862096
"Q06830" 0.410075158183875 0.336582340418348 1.38516972260318 0.172321408507473 0.835102494037876 -5.28254971526175
"P62736" -1.28647582071079 0.638998481544567 -1.37857146673875 0.174335370353483 0.835102494037876 -5.29113122169802
"C3" -0.536528252767235 6.60985039740058 -1.37739433397261 0.174696559767036 0.835102494037876 -5.29265819838237
"GC" -0.437907520484269 4.99867536177431 -1.36168429748476 0.17957229236064 0.851955763004242 -5.31292205082679
"P07996" -0.90462177013991 1.8511055360765 -1.35128153616671 0.182857829634991 0.861069332087157 -5.326222074774
"HSPA8" -1.30553385588621 2.18840594973386 -1.34537030969544 0.184745153526691 0.863512532409942 -5.33373760902751
"PPIA" -1.09511064892821 1.35382875730019 -1.33117190330988 0.18933907106088 0.876514713591026 -5.35166482978075
"UBA1" -0.555321070983922 0.371507614924474 -1.32082196535244 0.192742148542104 0.876514713591026 -5.36462179078004
"C7" -1.08725274568355 3.19095786669979 -1.32024312445427 0.192933832283074 0.876514713591026 -5.36534366452974
"DDBX" -0.936259148361212 1.09075362379658 -1.3197921503035 0.193083272882968 0.876514713591026 -5.36590587188399
"PLG" -0.885140066072974 5.08341324061474 -1.30333065293375 0.198598355816449 0.885291327977323 -5.3863055050921
"POTeF" -0.970775413441069 0.49537561069465 -1.30036665525494 0.199603877553906 0.885291327977323 -5.38995330797996
"IGHA1" 0.953599769564047 0.533600844183805 1.29183085939833 0.202521021601222 0.885291327977323 -5.40041517603286
"AHSG" -0.396755022673158 6.27250171719331 -1.28882929343691 0.203554395559428 0.885291327977323 -5.40407879340485
"P00734" -1.10014619802149 0.971546688862607 -1.28857292680965 0.203642840143625 0.885291327977323 -5.4043913386422
"P46781" 0.507426116253577 0.294764093673969 1.28467729598118 0.204990354798289 0.885291327977323 -5.40913350795628
"TPI1" -0.789371647192435 1.16634827998241 -1.28194921588113 0.205937980842885 0.885291327977323 -5.41244644819767
"A1BG" -0.458370571762068 4.15117798268516 -1.28107996977461 0.206240610479662 0.885291327977323 -5.41350066910483
"TUBA8" -1.10231575685731 0.601496485451664 -1.27678434244993 0.207741031306761 0.885706694287609 -5.41870061545525
"CLU" -0.890800809664645 3.10692691815279 -1.26653583132503 0.21135368017096 0.886565409332532 -5.43104084642384
"CFB" -0.88493828585046 4.57360680274049 -1.26225341910759 0.212877049028282 0.886565409332532 -5.43616979827967
"ACO1" -0.628457643003493 0.368919030414894 -1.26061302213803 0.213462742527589 0.886565409332532 -5.43813016858171
"P68133" 1.2664471762081 1.11980822651831 1.26033393670398 0.213562507477884 0.886565409332532 -5.43846345496826
"WDR1" -0.681285018713036 0.49446527816826 -1.24557436652591 0.218888168300699 0.902734864037522 -5.45599117077228
"Q3SWY2" -0.842765013519874 0.975216442046511 -1.22565231918451 0.226231679541704 0.922114052894873 -5.47934303118594
"PYGL" -0.441124442563449 0.289094199092255 -1.22490726487374 0.226509791123146 0.922114052894873 -5.48020951070472
"Q86UX7" 0.518118689977559 0.290262389270065 1.21944984476642 0.228554590173625 0.92447401538178 -5.48654128677462
"GPI" -0.995171982108088 1.05996408749265 -1.20669277297783 0.233387237154433 0.938008577353169 -5.50123869166039
"FeRMT3" -1.19249545372032 1.78631223336103 -1.19884974750263 0.236395186735513 0.944084574874104 -5.5102025469549
"KRT80" 1.02844900902077 1.37415635638299 1.19493515125511 0.237907041006093 0.944146810533614 -5.51465600910289
"PYGB" -0.547633227527563 0.383107542668964 -1.17913062949983 0.244082471498709 0.962600246973035 -5.532496696989
"P11021" -0.619126366156334 0.437578763486024 -1.16410371026517 0.250060931616161 0.972904195059601 -5.54925198398657
"eRC1" 0.216160271579724 0.453126800778874 1.16163226418618 0.251054212133946 0.972904195059601 -5.55198827914854
"APOH" -0.539976885017965 3.60746490795528 -1.16097030896384 0.251320735015396 0.972904195059601 -5.5527202400089
"KRT8" 0.858767011254762 1.37402142304736 1.14385868611887 0.258281126852966 0.987008548106538 -5.57150474063781
"TUBB4A" 1.16015272929575 0.741573985655821 1.13734372537864 0.260967075198189 0.987008548106538 -5.57858731466632
"ATIC" -0.628621691540718 0.543629985578278 -1.12345865909404 0.266757835134757 0.987008548106538 -5.59355434078531
"eeF1A1" -0.834563323717751 3.10639466574768 -1.12194993635111 0.267392495499149 0.987008548106538 -5.59517013969347
"RPL30" 0.309397922574564 0.316838166991133 1.12006996585213 0.268184822061885 0.987008548106538 -5.59718065524843
"FLNA" -0.698380834054332 1.75658537855711 -1.1191553671058 0.268570886798256 0.987008548106538 -5.59815760835689
"P06733" 0.53866449226819 1.00307738353785 1.11885440925059 0.268698011270024 0.987008548106538 -5.59847891914959
"ITIH4" -0.518487798499484 5.50207756163405 -1.11679165229737 0.269570465647876 0.987008548106538 -5.60067896995653
"Q13509" 0.783756265603594 0.919595553811429 1.11468694524526 0.270462726727863 0.987008548106538 -5.60291979612782
"P02765" 1.08045800026385 1.06939274474532 1.11434909672974 0.270606147103694 0.987008548106538 -5.60327912125753
"KNG2" -0.764454903365393 4.12277039415999 -1.10530794010258 0.274464194493493 0.994811708712334 -5.61285663404175
"RPL12" 0.27229660545015 0.361472331618091 1.10196920072036 0.275898651386146 0.994811708712334 -5.61637472166531
"BLMH" 0.293859074528278 0.34131178630279 1.09264351728396 0.279933242435831 0.999486807330287 -5.62614781556174
"P26583" -0.720918878163715 1.11725100709765 -1.09165532329535 0.280363177333535 0.999486807330287 -5.62717879593615
"SeRPINA3-5" -0.956040546789624 4.1074092998534 -1.0852695793899 0.283152581002168 1 -5.63381965016927
"CST3" 0.372588603447455 0.296271887536228 1.08127017207931 0.28490943366327 1 -5.63795996820117
"GDI2" -0.690958375814119 0.851446839452645 -1.07736592692044 0.286631802871607 1 -5.64198774596678
"H2BC12L" -0.399208349521391 0.477914723900764 -1.07036540046272 0.289738229873497 1 -5.64917505228439
"H2BC13" -0.399208349521391 0.477914723900764 -1.07036540046272 0.289738229873497 1 -5.64917505228439
"CFH" -0.664094255189041 4.64711187182647 -1.06636883897375 0.291522115780113 1 -5.65325824195318
"K2C4" 1.27578714476424 1.07211431784201 1.06483000227297 0.292211009154577 1 -5.65482655490058
"UBC" 0.871173451844117 1.09692025673344 1.05773517151732 0.295401739687869 1 -5.66202937546701
"P02787" 0.967523188866719 0.814725741700157 1.05499346208143 0.296641179668869 1 -5.66480052137633
"LGALS3BP" -0.62749147895317 0.705418077214483 -1.0529168341577 0.297582341357803 1 -5.66689488107061
"PARVB" -0.270545140300302 0.408945657906606 -1.04612259830635 0.300675967992152 1 -5.67371962523175
"P05089" 0.503357121162608 0.390389495787338 1.0303865985767 0.307925665891226 1 -5.6893643071304
"TUBA1B" -0.589752009197628 1.66164867095912 -1.03014888493642 0.308036089412943 1 -5.68959890471967
"P05786" 1.30820186867899 1.54148494534518 1.0265305528401 0.309720223919303 1 -5.69316341976563
"P61981" 0.26728032567449 0.3862453650712 1.02197404758863 0.311849932124221 1 -5.69763509807743
"K2CA" 0.624673836923459 0.49157497204076 1.02006215340444 0.312746508140781 1 -5.6995057339196
"F10" -0.701773802667872 1.80481524069034 -1.01937469125618 0.313069318537738 1 -5.70017754189826
"CA2" 0.449950239921992 0.345645323777982 0.995928188345053 0.32421448975173 1 -5.72283055499268
"SeRPINA1" -0.366606085773937 6.29018619540095 -0.979155916876743 0.332348660876286 1 -5.73872520919369
"Q08380" -0.491108620002113 0.393787616540834 -0.976006995557143 0.333890846005869 1 -5.74168048047571
"HSPA6" -0.547029841737848 0.711514689119529 -0.973593053883109 0.33507629205235 1 -5.74393978308686
"RPS4" 0.711151642933032 0.663552093265655 0.973591831982122 0.335076892814379 1 -5.7439409253516
"LUM" -0.558103510102719 3.19119097981736 -0.969925925451237 0.336882499830043 1 -5.74736171175183
"ACTC1" -1.23815938347381 3.14765073265295 -0.968226829023279 0.337721557355829 1 -5.7489429946664
"ACTG2" -1.28647582071079 1.10752783647369 -0.966269153786311 0.338690022747098 1 -5.7507616244899
"ACTA2" -1.28647582071079 1.10752783647369 -0.966269153786311 0.338690022747098 1 -5.7507616244899
"POSTN" 0.705738178777491 0.858096457429997 0.959477138621655 0.342064280117613 1 -5.75704380566634
"P06396" -0.749458163209534 1.8637240805787 -0.956909481444944 0.343345642237861 1 -5.75940762889682
"BCL2L14" 0.379612914267436 0.278345186011782 0.953477208829509 0.345063412935064 1 -5.76255791675133
"ADIPOQ" -0.450716286650023 2.93752513994763 -0.951611165398024 0.345999690476123 1 -5.76426608317433
"MAPRe2" 0.394748687898008 0.42282012260482 0.93920149886262 0.352268577536912 1 -5.77554390433862
"ORM1" -0.43012774003628 3.86425014046426 -0.937685083208651 0.353039665025708 1 -5.77691224093253
"FGA" -0.65819470586394 3.17249349353836 -0.937440693684065 0.353164038425743 1 -5.77713256641296
"PFKL" -0.394428616019946 0.353274024389126 -0.93672454307548 0.35352866244163 1 -5.77777788206149
"KRT6B" 1.03964560521989 2.22641661277503 0.927776224966151 0.358105322916167 1 -5.78580105634867
"TUBA1A" -0.719602982912969 1.19948842838369 -0.925483265745107 0.359284227758563 1 -5.78784500688735
"TTR" -0.432951213520165 3.61322770476154 -0.923763490108564 0.360170083693948 1 -5.78937482008236
"ACTA1" 1.2664471762081 2.17781526642366 0.922604840702694 0.360767700140188 1 -5.79040394104134
"C4BPA" -0.763543138444854 1.09352212121896 -0.912622128561522 0.365943201691135 1 -5.79921905269668
"SeRPINA3-3" 0.998344057396451 0.50964773980268 0.895527144624589 0.374916375865847 1 -5.81409954838066
"H4" 0.6428390251731 1.60037448391229 0.890321827760528 0.377676274686577 1 -5.81857657914446
"KRT72" 1.00119796535292 1.78368945396979 0.889664873360879 0.378025512141697 1 -5.81913982500226
"SeRPINC1" -0.585001681116352 4.95379030804966 -0.87757956344619 0.384486623818769 1 -5.82942954253792
"APOB" 0.729173917590259 1.56865439369341 0.874245995591666 0.386281019790299 1 -5.83224386322552
"P09429" -0.557132822681366 1.13960692870907 -0.872573135373132 0.387183471691407 1 -5.83365224728154
"P02768" 0.336221423828378 3.23301415862248 0.86393889883496 0.391862403030295 1 -5.8408798989786
"AMY2A" -0.329829855469152 0.570364073266519 -0.858944166493104 0.394585152687896 1 -5.84502916696329
"HBD" -0.633214364352762 0.814906290238242 -0.852923650204157 0.397882722685945 1 -5.84999959722267
"PGAM1" -0.357807387789071 0.402911325504952 -0.852395842884243 0.398172628727117 1 -5.85043372990779
"AHCY" -0.743979858562959 2.07720855762668 -0.849288974434525 0.399881780664257 1 -5.852983914589
"TUBA4A" -0.791698336555083 2.94213655683537 -0.846293033079254 0.401534210366775 1 -5.85543449644937
"SeRPINA3-7" -0.481949862476239 4.02428387310896 -0.836641802577254 0.406886074127979 1 -5.86327176513871
"KRT24" 0.439117073313143 0.307843755544185 0.832197161205953 0.409365435067273 1 -5.86685169291462
"P08727" 0.65075435329171 1.29650660735389 0.832181458403615 0.409374210981911 1 -5.86686430789265
"HBB" -0.7187416190701 3.60338993350591 -0.829026850159938 0.411139584251573 1 -5.86939390212181
"CPB2" -0.648611189853962 2.49092361437449 -0.818513758358406 0.417056450690396 1 -5.87775669405161
"P15311" -0.37875838312485 0.776083929513556 -0.816148822602519 0.418394558246044 1 -5.87962362933372
"ACe" 0.367840706016316 0.353554485651329 0.809392362351427 0.422231772317027 1 -5.88492840544332
"P01024" 0.531013049673375 2.16965196404416 0.801253911848069 0.426881992416647 1 -5.89126129913741
"P00747" -0.584558565815867 1.01723332705427 -0.798717763537962 0.428337386915703 1 -5.89322206595579
"P63000" -0.388766672291715 0.56948871392229 -0.793206094996212 0.43151056039332 1 -5.89746243093899
"APOM" -0.429527319493523 0.449846401681055 -0.790574581768411 0.433030515753819 1 -5.89947688705395
"P62826" -0.223423238599842 0.748294253470853 -0.784636426048696 0.436472093059639 1 -5.90399866842338
"P13647" 0.55600356972298 2.44539382196407 0.783604032127058 0.437072091815465 1 -5.90478142670576
"CLeC3B" 0.514663682523885 2.73407577761207 0.782584787773308 0.437664928492408 1 -5.90555323024332
"GPX3" -0.346559996886283 0.481329126730382 -0.774562517393377 0.442347655252081 1 -5.91159377309303
"MAN2B1" -0.349562627557109 0.257721982999801 -0.769755321827979 0.445167798429737 1 -5.91518438816184
"KRT76" 0.702542326897357 1.50032032286503 0.764755933481385 0.448111873397724 1 -5.91889543648732
"Q86Y46" -0.616177317076273 1.05126095261204 -0.757474230405376 0.452420312020498 1 -5.92425845198456
"APOe" -0.454022959381037 3.49230270079397 -0.75652779350491 0.452982066940965 1 -5.92495183205264
"C5" 0.518560239162465 0.771532167322534 0.752127549912056 0.455599145693292 1 -5.92816443498038
"LDHA" -0.736944976673777 1.61294037748063 -0.747163313402762 0.458562169505875 1 -5.93176684649078
"APOA1" -0.349519326384474 5.65700133956763 -0.746017557522284 0.459247620498991 1 -5.93259498220865
"CPN1" -0.752645952821551 2.23358421359915 -0.741300453764584 0.462075863899802 1 -5.93599136283637
"P62979" 0.255216204700546 0.649622135978336 0.735995832804499 0.465268308219488 1 -5.93978562452837
"Q14533" -0.471596402120973 0.451527797045678 -0.729006320761481 0.469493998912047 1 -5.94474438911843
"COL1A1" 0.694031477080841 1.249747684195 0.724079901994928 0.472485491779118 1 -5.94821168602209
"P02675" 0.243902591720959 0.361465457081215 0.715141724834381 0.477940597909155 1 -5.95444382292481
"P78385" -0.471596402120973 0.434649580733642 -0.709822946606931 0.481203509519729 1 -5.95811639482709
"HMGB2" -0.720918878163715 1.45785418284916 -0.692806321865674 0.491726227908084 1 -5.96968591258863
"SYNCRIP" 0.341198004373763 0.978798074633221 0.690131078657285 0.493392052638533 1 -5.97147978488432
"P35900" 0.233203698758521 0.909107359925009 0.685703113065773 0.496156099020366 1 -5.9744339931811
"KRT15" -0.691594528221108 0.898171136215576 -0.67985237382669 0.499821300912983 1 -5.978308850024
"IGF2R" -0.567579230162738 0.877479878395385 -0.678383230314113 0.500743969774451 1 -5.97927672853017
"TUBB" -0.445580621402798 1.37916446976825 -0.674588379381744 0.503131558653577 1 -5.98176729265792
"KRT86" -0.471596402120973 0.501964950096177 -0.673371873085124 0.503898252970049 1 -5.98256278672941
"KLKB1" 0.488002254671658 2.45522538487941 0.664090536823818 0.509768617930368 1 -5.98858563992287
"IGFBP2" 0.845690575335006 2.40775523204748 0.663956917406205 0.509853399762814 1 -5.98867174947112
"TUBB3" 0.783756265603594 1.54141251624483 0.661391133302512 0.511482870406432 1 -5.99032194219769
"AZGP1" 0.347440355871739 0.618569799322471 0.660351151969888 0.512144136293623 1 -5.99098902374406
"ARHGDIB" 0.245844171855186 0.279676009478865 0.650180495734559 0.518635246879124 1 -5.99745852482443
"P61284" 0.27229660545015 0.272669072133968 0.648173986921239 0.519920998051034 1 -5.99872320883659
"HPX" -0.344082971731003 4.43467162277725 -0.643142552563524 0.523152531041831 1 -6.0018775896434
"MYH10" -0.627267964524215 1.59849695958135 -0.641246990186532 0.524372742855404 1 -6.00305972056406
"KRT5" 0.426540769566749 4.67624021226336 0.641179768555377 0.524416042368389 1 -6.00310157909336
"SeRPINA6" -0.645084049341731 1.96150691123315 -0.632418877015253 0.530075322829377 1 -6.00852002869166
"ITIH2" 0.218692596610155 0.271640739549629 0.631853122245302 0.530441880704245 1 -6.00886741891156
"RAC1" -0.388766672291715 0.591880443610741 -0.629776373316695 0.531788562761529 1 -6.01013998410427
"C4" -0.274701804633257 4.59241938916497 -0.627687930619481 0.533144626977556 1 -6.01141556090754
"AFM" -0.509793090212178 3.6330774368852 -0.627523235521124 0.533251643182832 1 -6.01151597597976
"KRT4" 0.322221476275198 0.841445248595557 0.62709365813475 0.533530828294184 1 -6.01177776860936
"MST1" -0.441767207011157 1.60785553826297 -0.624350096530673 0.535315681575157 1 -6.01344558880859
"TBA1B" -0.589752009197628 2.81683154113251 -0.618794764921259 0.538939241191243 1 -6.0168006662803
"RAP1B" -0.486725198082942 1.39753022001263 -0.61494309652735 0.54145897857687 1 -6.01910951956839
"ASL" -0.314119615661387 0.347499488022769 -0.607799250094387 0.546148440683799 1 -6.0233542858766
"FGG" -0.640024969177408 1.88977614221664 -0.606208661501604 0.547195375326862 1 -6.02429274480636
"P05543" 0.244484823424813 0.424580065328214 0.60421028791695 0.548512166263115 1 -6.02546836852353
"HBA1" -0.360871329734807 1.70191375070829 -0.601386291480534 0.550375732946025 1 -6.02712318160379
"C1S" -0.360642628109132 0.664569223577313 -0.601141403512534 0.550537486839832 1 -6.02726632205558
"HP20" 0.335527030684869 0.680981753881348 0.59999645946803 0.55129406755108 1 -6.02793479628193
"LRP1" 0.326615589759696 0.614868001325349 0.599124036185156 0.551870919756142 1 -6.02844331715711
"Q06033" -0.375733989254803 0.590504811827602 -0.597514509866663 0.552935951111964 1 -6.02937957072948
"P63104" 0.202569554226008 0.884129142970355 0.586511502143695 0.560244411093567 1 -6.03571351211122
"COL6A1" -0.20794129813002 0.906037327762269 -0.584346258663177 0.561688282160575 1 -6.03694628772043
"HSP90B1" -0.257041889240923 0.401908665735753 -0.583257982231014 0.562414688318174 1 -6.03756419825187
"TUBA1D" 0.702546036192538 1.70209257780935 0.578772296830461 0.565413735665167 1 -6.04009913350682
"ITIH1" -0.479818336863465 3.80924768927212 -0.577738157614471 0.566106264599114 1 -6.04068080629674
"AOCY" 0.311513645830377 0.299076449280129 0.575542668132336 0.567577901642182 1 -6.04191230457491
"Q8N1N4" 0.414891334680096 0.896992418578169 0.572568916681738 0.569574214538094 1 -6.04357297547544
"P13645" 0.189999630558271 2.97643993189695 0.569963067344912 0.571326386103961 1 -6.04502122024144
"B4GAT1" -0.283667034579701 0.601513335851212 -0.568310964182609 0.572438627395617 1 -6.04593602982036
"MSN" -0.660117813151821 1.31140299204594 -0.566606537844394 0.573587204154921 1 -6.04687706713828
"SeRPINB12" 0.233993756473596 0.57571456833276 0.558958932765041 0.578754581136371 1 -6.05106509131445
"LYZ" 0.233993756473596 0.618327282928133 0.557483807717724 0.579753890867311 1 -6.05186644747919
"CP" 0.402922858052626 0.486714698212137 0.553455905995527 0.582486797296908 1 -6.05404394617174
"LTF" 0.593083306395343 2.26415786302272 0.549695489092149 0.585043800717072 1 -6.05606277483436
"P68871" 0.329699872543642 0.444238308283867 0.542972974557565 0.589628323323492 1 -6.05963798490124
"PLeK" -0.188967287498724 0.356570434842956 -0.539228091450083 0.592189589220593 1 -6.06161077214722
"PGK2" 0.187667006330344 0.431077244658023 0.535110862906187 0.595011576893509 1 -6.06376414612987
"A2M" -0.180743038462118 6.85398639709391 -0.533688490086801 0.595987954173162 1 -6.06450427992432
"SULT1e1" -0.299594854596036 0.516658063393535 -0.533664028447452 0.596004752268373 1 -6.06451699155264
"TG" 0.428792903550916 0.830439203374032 0.527161089982927 0.600478265784177 1 -6.06787586131597
"AGT" -0.252609960511344 5.10974841269168 -0.524169064420895 0.602541790158977 1 -6.06940762063918
"OMD" -0.287470902719548 0.579161880070687 -0.520585010050711 0.605017947458236 1 -6.07123112412367
"KRT73" 0.420318307408552 2.38515311888049 0.520567478966873 0.605030070915339 1 -6.07124001323658
"GFAP" 0.440853265854461 1.07772854627193 0.517548658291384 0.607119380313191 1 -6.07276628943626
"ACO2" 0.27229660545015 0.361765483052936 0.516087466038827 0.608131855283087 1 -6.07350189730582
"P08729" 0.324495963707876 0.723712998452794 0.515937001541482 0.60823615771618 1 -6.07357752886496
"THBS4" -0.379074963092457 2.70759369313272 -0.51261992533029 0.610537649452067 1 -6.07523933088426
"P08603" 0.389951645159251 0.361869046592644 0.512306694538526 0.610755184558039 1 -6.07539570683562
"APOA4" -0.448760640839572 2.28641850567132 -0.509876083991763 0.612444418249993 1 -6.07660594165224
"HMGB1" -0.557132822681367 1.37648863820139 -0.500131442538651 0.619238059248568 1 -6.0814007707478
"AOC3" 0.382376052619704 0.499763080736666 0.498064553802316 0.620683373968727 1 -6.08240601266426
"P11142" 0.242549894328185 1.29353643577238 0.493449995634958 0.623915646918667 1 -6.08463546176347
"HGFAC" 0.146610385766006 0.363443167339019 0.491884044359839 0.625014222475413 1 -6.08538735876319
"ADAMTS13" 0.173618352122407 0.332982228000967 0.485564932485897 0.629456037266404 1 -6.08839746927045
"P62851" 0.17785742260317 0.538293948984258 0.48122430718452 0.632515179484314 1 -6.09044280380107
"IGFBP6" 0.279276990025039 0.599377808165143 0.474873497025872 0.637002734762728 1 -6.0934025819795
"KRT19" 0.50041971346852 2.96099265043905 0.473817053033658 0.637750569737198 1 -6.09389115723564
"KRT10" 0.820493076045181 1.86919749840774 0.456979883963928 0.649720157471806 1 -6.10153235662921
"PRDX6" -0.318606566632692 0.846047017692961 -0.449818878887112 0.65483956895632 1 -6.10469918782927
"COL6A3" -0.22118994854818 0.260466421892031 -0.449232456171174 0.655259549785456 1 -6.10495632671705
"P01009" 0.362979203918025 0.384859138319171 0.448214231866092 0.655989042878313 1 -6.10540201505431
"CLIC1" 0.219068758314835 0.656642505144377 0.445368714743197 0.658029467918835 1 -6.10664221358985
"AMBP" -0.23122805249998 3.34141423414827 -0.444898778261183 0.658366697024761 1 -6.10684627858479
"P01042" 0.244484823424813 0.328975594078848 0.440547857387534 0.661492338518703 1 -6.10872547497234
"Q02413" 0.297018842352293 0.973412188118829 0.439760559720869 0.662058575025612 1 -6.10906355805334
"TAGLN2" -0.441398941769646 1.7896858980515 -0.437543180056686 0.663654418634622 1 -6.11001252670289
"CHIA" -0.421987715140575 2.43697362564595 -0.434951427961132 0.665521692805764 1 -6.11111568413471
"YWHAG" 0.26728032567449 0.468170897201404 0.432830662447429 0.667051229568942 1 -6.11201353374075
"P31946" 0.146289643382158 0.416300648724564 0.429800559029583 0.669239074669561 1 -6.11328880770436
"HRNR" -0.148565011706879 0.465822623919104 -0.426978801918185 0.671279093173897 1 -6.11446840229812
"P02790" 0.309397922574564 0.311598705911339 0.425743435943536 0.672173001594142 1 -6.11498240267107
"O43505" 0.0998414885253627 0.29264576963563 0.421514754570793 0.675236480070649 1 -6.11673064809928
"KRT79" -0.349562627557109 2.41563447401021 -0.419364919289786 0.676796067214833 1 -6.11761280461739
"AFP" -0.137993560785793 5.63990601640145 -0.414415623956868 0.680391935972612 1 -6.11962666424621
"KRT6A" 0.35104631705329 2.4219735959836 0.403941817809794 0.688026258352627 1 -6.12381017034166
"KRT17" 0.587710785638107 3.15566229471789 0.399466902554576 0.691298088602568 1 -6.1255651436242
"RAP1A" 0.303959267160112 0.599993751912971 0.399430992214206 0.691324368574459 1 -6.12557914841822
"HPD" -0.201822526727375 0.415668077339158 -0.39876463694809 0.691812091464315 1 -6.12583879565325
"TUBB5" -0.445580621402797 2.02978074745611 -0.397915851674332 0.692433530570213 1 -6.12616890371624
"P63261" -0.10737996734206 2.45979019689723 -0.396212687688958 0.693681147798147 1 -6.1268291877196
"P60709" -0.10737996734206 2.45979019689723 -0.396212687688958 0.693681147798147 1 -6.1268291877196
"P16402" 0.153259766191418 0.535435086540311 0.395653540480923 0.694090926370232 1 -6.12704534496632
"P02763" 0.191562615167973 0.32012740065791 0.388096686266863 0.699638070839385 1 -6.12993695691734
"KRT28" 0.460715422884067 1.15356301224141 0.385252956825377 0.701729831124655 1 -6.1310107560633
"ACTN1" -0.368085000325834 0.758090282966487 -0.383364592314065 0.703120144075698 1 -6.13171947154426
"RAN" -0.223423238599842 0.736928979129569 -0.38219633020829 0.703980793111415 1 -6.13215619518538
"P02751" 0.362979203918025 0.622009498720353 0.381165058014622 0.704740847842873 1 -6.13254060807247
"CKB" -0.167796307799767 0.278064743634779 -0.376131813745724 0.708454734140742 1 -6.13440196606154
"TGFBI" 0.402048258556404 2.44310842150736 0.376090025992795 0.708485598211435 1 -6.13441731677234
"HP252" -0.184626156838174 0.395237456647379 -0.373515630600203 0.710387974327455 1 -6.1353597502824
"AOCX" 0.347575170733535 0.648107272474439 0.372603429186499 0.711062502456066 1 -6.13569214459107
"FHL1" -0.135893626899422 0.658231571395055 -0.371358839025586 0.711983192026342 1 -6.13614435381541
"P51884" 0.162318574556884 0.355631198281322 0.367627373566741 0.714746146765056 1 -6.13749112856126
"ACTB" -0.107379967342058 4.58489953713887 -0.358970413247268 0.721170981296488 1 -6.14056354870845
"ACTG1" -0.107379967342058 4.58489953713887 -0.358970413247268 0.721170981296488 1 -6.14056354870845
"P09210" -0.166779059027025 0.330527392169844 -0.358699458083316 0.721372403624894 1 -6.14065853770247
"SeRPIND1" -0.184418648566884 0.688028441939677 -0.35801675482779 0.721879999090653 1 -6.1408975573003
"Q7Z3Y7" -0.184626156838174 0.378250244393938 -0.3521458320608 0.726250269594035 1 -6.14293431817704
"NACA" 0.216160271579724 0.816083855863542 0.345365795395844 0.731308725179602 1 -6.14524478961256
"KPRP" 0.247639636274706 0.531270244173194 0.344848220228805 0.731695376723734 1 -6.14541933078062
"P16403" 0.153259766191418 0.413501804493008 0.342159782602742 0.733704886863308 1 -6.1463217589557
"H1-4" 0.153259766191418 0.413501804493008 0.342159782602742 0.733704886863308 1 -6.1463217589557
"CHAD" -0.21125831079541 0.459959781554867 -0.339528339321335 0.735673619280122 1 -6.1471982500209
"P00738" 0.244484823424813 0.333793307575117 0.334306864237413 0.739585394796948 1 -6.14891750096829
"PRDX1" 0.204233999975429 0.546049595625712 0.329296951177584 0.743345217147012 1 -6.15054216339569
"SePTIN7" -0.161763891485349 0.378903709138505 -0.32879566290476 0.74372177156226 1 -6.15070338215273
"GSTP1" 0.154457282661651 0.538057025454663 0.324838947190171 0.746696162574618 1 -6.15196731618667
"CFL1" 0.200173932157777 0.963123840118628 0.324035027187895 0.747300972745544 1 -6.15222225861148
"KRT27" 0.377034200648753 0.822600485886249 0.319709872773199 0.750557645372504 1 -6.15358307540825
"ASS1" -0.178513731375114 0.346997363117123 -0.319081484451392 0.751031180423445 1 -6.15377926959867
"COLeC11" -0.149833990237948 0.487477162491397 -0.31856712897144 0.751418855644568 1 -6.15393957463888
"ITIH3" -0.256181009137571 4.69375702630809 -0.317860530256875 0.751951532118399 1 -6.15415937473581
"FLG2" 0.117655039709101 0.546101704521524 0.314906556148459 0.754179731716463 1 -6.15507299832267
"LDHB" -0.286168544954563 1.58525526685111 -0.313409949234527 0.755309438091267 1 -6.15553263637364
"PGM1" -0.149960069446212 0.393637497378766 -0.313286598199757 0.755402573125083 1 -6.15557042269158
"P19827" -0.216160271579724 0.489176403833407 -0.313100815787563 0.755542853298766 1 -6.1556273057571
"AMY1A" 0.17146004397973 0.755503261094872 0.312715027834137 0.755834179758546 1 -6.15574531940838
"AMY1B" 0.17146004397973 0.755503261094872 0.312715027834137 0.755834179758546 1 -6.15574531940838
"AMY1C" 0.17146004397973 0.755503261094872 0.312715027834137 0.755834179758546 1 -6.15574531940838
"P00742" 0.0946508331868649 0.369009306496356 0.308870107463244 0.75873960815358 1 -6.15691357319509
"RPS27A" 0.255216204700546 1.43074905315533 0.307470856695709 0.759797832030481 1 -6.15733515405869
"P00488" -0.109757683777334 0.373297292501453 -0.303720793871657 0.76263620765032 1 -6.15845561024644
"YWHAZ" 0.202569554226008 1.67445722854013 0.298083261470821 0.766909373696925 1 -6.16011423993454
"LOXHD1" 0.0930727542903582 0.305129942147082 0.29770247292804 0.767198271140959 1 -6.1602251564009
"P05452" 0.117655039709101 0.63467875107243 0.296813034698419 0.767873201902664 1 -6.16048368258433
"B4GALT1" -0.219452223489919 0.604090201189785 -0.293866824001826 0.770110163395964 1 -6.16133453069355
"CD14" -0.264879803148938 0.896772712450706 -0.291656089938615 0.771789998797242 1 -6.16196742405549
"KRT31" -0.216160271579724 0.616384676505695 -0.290615239826325 0.772581275703598 1 -6.16226375196194
"FABP1" -0.196464575952286 0.585698847704855 -0.289864298264794 0.773152309318463 1 -6.16247688797628
"Q14624" -0.207424509762498 0.627085872180991 -0.284205116781446 0.777459736562992 1 -6.16406543069012
"PFN1" -0.270967178521539 1.79396376116169 -0.28262526994129 0.778663487453886 1 -6.1645033238787
"RBP4" 0.261845970433082 1.85734450256641 0.281258802261565 0.779705097786508 1 -6.16488011182063
"NeFH" -0.157431556107375 0.384919047854502 -0.279887996754914 0.780750424605787 1 -6.16525626719721
"IGF2" 0.204233999975429 0.705943254415119 0.279686784068905 0.780903896584906 1 -6.16531132673027
"eNO3" -0.27229660545015 0.800492843654084 -0.275159131540153 0.784359612110298 1 -6.16653983104323
"ALDOB" -0.132360922062042 0.356123696946491 -0.27407674110913 0.785186395593984 1 -6.16683056010451
"P27348" 0.0981100003848625 0.290054174300835 0.273597729111175 0.78555236855417 1 -6.16695885768558
"P62937" 0.0927843132333039 0.554483106393435 0.271853636931731 0.786885295736446 1 -6.16742410157317
"RPS25" 0.17785742260317 0.528543909319453 0.268605326100565 0.789369540278286 1 -6.16828269599656
"KRT33B" -0.184626156838174 0.421834264019887 -0.263688210283335 0.793134250506905 1 -6.16956281300496
"LYSM" -0.129493458823213 1.03729602438514 -0.26167422460497 0.794677667929002 1 -6.1700803250659
"PRDX2" -0.140131962734984 0.559004630605749 -0.259330451597153 0.796474861335542 1 -6.17067759798115
"FN1" 0.234320950029042 3.63302739964173 0.257173089315088 0.798130100435888 1 -6.17122263106725
"KRT222" -0.163896653453391 0.871570823600914 -0.256826133785482 0.798396390112621 1 -6.17130986164579
"CAPNS1" 0.135958556169228 0.739184125827107 0.255350676063095 0.799529079213454 1 -6.17167950549936
"FMOD" 0.226521563885616 1.06522880756232 0.254099773213885 0.80048972139544 1 -6.17199122846562
"GNPTG" 0.117655039709101 0.334506007324156 0.252435379351305 0.801768390102134 1 -6.17240362578165
"Q08554" 0.0925860223135669 0.505329989393162 0.248140283960103 0.805070614359186 1 -6.17345536135035
"P68371" -0.147070314256846 1.45345865388749 -0.245459156833663 0.80713378483738 1 -6.17410276060063
"HP" -0.225234022279994 0.619022881242853 -0.242888648161653 0.809113132769643 1 -6.17471686244323
"CD44" 0.117655039709101 0.274022207389356 0.237352340820009 0.813380473817992 1 -6.17601759993503
"KRT77" 0.200622418561774 1.11212838504281 0.235810092061599 0.814570250748589 1 -6.17637461837272
"C9" -0.207584847908376 2.59736352446115 -0.232794196200419 0.816898153841583 1 -6.17706606474162
"COL1A2" 0.187995747734995 1.33481183586698 0.231226420053118 0.818108945161754 1 -6.17742199684415
"F11" 0.154487595989464 0.767003666770929 0.229961938427018 0.819085828729912 1 -6.17770732377832
"CFL2" -0.129493458823213 0.374442757648552 -0.227784495440658 0.820768704523233 1 -6.17819499934988
"VNN1" -0.182922399366841 2.79085309958901 -0.226726907478646 0.821586387888774 1 -6.17843019396577
"YWHAB" 0.146289643382158 0.691992842911427 0.22644311408258 0.821805839286677 1 -6.17849312029198
"CAP1" 0.24729927098034 1.32920007249191 0.225432797025865 0.822587212567867 1 -6.17871650246418
"CSN1S1" 0.165584488624118 1.04968891000601 0.223787631378306 0.823859961986336 1 -6.17907811735933
"KRT20" 0.165931150998875 1.22298441785712 0.223755154650368 0.823885091776031 1 -6.17908522928985
"PKM" -0.0841933575394425 1.39826985526521 -0.22106063032641 0.825970702502564 1 -6.17967170307392
"COMP" -0.201563822405277 2.11674356416753 -0.21987161001547 0.826891429557071 1 -6.17992824327197
"IGFBP3" 0.192851999510295 1.43521702137938 0.219859096302189 0.826901120954913 1 -6.179930935859
"P01023" 0.196358798691845 2.29391897658004 0.219788430562144 0.826955849409148 1 -6.17994613820003
"CTSC" -0.125846341027325 0.512298981811556 -0.219246227259387 0.827375798098401 1 -6.18006262028543
"CRYZL1" -0.21125831079541 0.725116975696209 -0.218701315692968 0.827797895681828 1 -6.18017939491692
"LPA" 0.0946508331868649 0.288490087895019 0.216439848246151 0.829550212834493 1 -6.1806609284846
"KRT18" 0.113539600963918 0.340387878901831 0.213329469788504 0.83196174295722 1 -6.18131506059329
"ACTN3" 0.106751805609848 0.28601249898022 0.20777773037653 0.836270143966473 1 -6.18245913853898
"RAP1BL" -0.105077804132297 0.558280460192407 -0.205852243327307 0.837765599879007 1 -6.18284890190789
"PROC" -0.168043823045851 1.68102634411129 -0.205799868914519 0.837806285654581 1 -6.18285945310477
"MBL" -0.0817797943070022 0.373473500404577 -0.201208067911061 0.841375039389939 1 -6.18377408621713
"VASP" 0.109396366300044 0.502140227184709 0.198298935943632 0.84363776584005 1 -6.18434289051304
"COL10A1" 0.102116191662815 0.836743477537966 0.196608303004326 0.8449533551664 1 -6.1846696498149
"APCS" 0.150800779974568 0.693876707081285 0.196245098586614 0.845236046016893 1 -6.18473948413974
"P01008" -0.137323342143192 1.58182119686144 -0.195696336450649 0.84566319992679 1 -6.18484475163149
"P08238" 0.128650258500063 1.08591880466753 0.19088220772659 0.849412486835382 1 -6.18575561667923
"H1-2" 0.153259766191418 1.01099196772226 0.189816164379086 0.850243209397073 1 -6.18595425589677
"PROS1" 0.244179048598807 2.03387790338065 0.18979588666867 0.850259012624996 1 -6.18595802354145
"KRT1" 0.0759283063401242 3.24960602826261 0.189736290645452 0.850305458540173 1 -6.18596909429172
"RNASe4" 0.124032284564934 0.790744822982162 0.189591415222939 0.850418368837103 1 -6.18599599234263
"P13929" 0.104737595198603 0.395447519903641 0.188727724705231 0.851091561349633 1 -6.18615592228029
"H1-3" 0.153259766191418 1.0433624240056 0.18837791371215 0.851364248919168 1 -6.18622048947392
"CFD" -0.11659118733835 1.75420206290034 -0.187343355966871 0.8521708230814 1 -6.18641074547524
"SeRPINA3-2" -0.141183355420334 4.68780865363659 -0.184510458274313 0.854380253878338 1 -6.1869263630011
"MYH11" -0.0787403612497959 0.652544957969425 -0.182784750449769 0.855726744768269 1 -6.18723661522321
"Q7RTS7" 0.136995763320561 1.14685695489893 0.181813304214116 0.856484910671289 1 -6.18740998367519
"SeRPINA3-4" -0.192866695680535 4.28063114130312 -0.179530001193819 0.858267452663875 1 -6.18781383916534
"CATHL1" -0.0998095585477505 0.572803420151975 -0.179021328116662 0.858664668304543 1 -6.18790311567267
"P61204" -0.0576684453751544 0.540338427439164 -0.176725957684109 0.860457548119594 1 -6.18830282668795
"THBS3" 0.0568304407022487 0.323629307052341 0.176065897527065 0.860973249080436 1 -6.18841681456816
"P04406" 0.0907904511201902 1.46040235764334 0.174657893325171 0.862073518141235 1 -6.18865854379264
"H2BC18" 0.0600019615121417 0.730843712997558 0.172391617201757 0.863845052872537 1 -6.18904355217293
"P62258" 0.0706284456503117 0.499107347535886 0.167190644066249 0.867913277826426 1 -6.1899081365365
"P19823" 0.0659818760913087 1.72378064659439 0.166487751590216 0.868463362833914 1 -6.1900229529665
"COL2A1" 0.0946508331868648 0.598477585239702 0.166301693298822 0.868608983413677 1 -6.19005326443684
"P02771" 0.0824681504907712 1.20445681963199 0.163602263976307 0.870722236150002 1 -6.19048923015342
"P84077" -0.0576684453751544 0.497523308665411 -0.161885832052309 0.872066443898813 1 -6.19076273263557
"APOA2" -0.0868068443349665 2.08661494538222 -0.161484917706956 0.872380471290686 1 -6.19082620067799
"eNO1" 0.139415025173529 2.99192467694863 0.158492238398189 0.874725222961101 1 -6.19129500000004
"HNRNPR" -0.0661317763449621 0.274976810390274 -0.157936974768471 0.875160395104558 1 -6.19138101790861
"CRYZ" -0.128476210050471 0.771489576565082 -0.156334834347852 0.876416245027951 1 -6.19162752092357
"CAPN1" -0.0802017154104955 0.388832623725532 -0.156149706350279 0.876561379756605 1 -6.19165584263402
"O60814" 0.0600019615121418 0.497880389597874 0.155665323600628 0.876941141359476 1 -6.19172978707343
"H2BC14" 0.0600019615121418 0.497880389597874 0.155665323600628 0.876941141359476 1 -6.19172978707343
"H2BC9" 0.0600019615121418 0.497880389597874 0.155665323600628 0.876941141359476 1 -6.19172978707343
"H2BC5" 0.0600019615121418 0.497880389597874 0.155665323600628 0.876941141359476 1 -6.19172978707343
"H2BC15" 0.0600019615121418 0.497880389597874 0.155665323600628 0.876941141359476 1 -6.19172978707343
"H2BC4" 0.0600019615121418 0.497880389597874 0.155665323600628 0.876941141359476 1 -6.19172978707343
"ARF4" -0.0608946475173053 0.30652531458429 -0.150299248236206 0.881150139965835 1 -6.1925336019487
"SeRPINA7" -0.0993226777988925 3.61633860496395 -0.14616108509414 0.884398370906936 1 -6.19313424387727
"P21291" -0.0314462622513669 0.410715326481604 -0.145865735652859 0.884630281313516 1 -6.19317647245296
"YWHAQ" 0.0981100003848625 0.514867348909609 0.144232759611582 0.88591268871032 1 -6.1934084123328
"PGLYRP1" -0.150666972973676 1.52650722953648 -0.143912796092923 0.88616399840945 1 -6.19345355270703
"HNRNPK" -0.0802017154104955 0.431388864781368 -0.143675142347227 0.886350666991935 1 -6.19348701601283
"GSTA1" -0.111920113231443 1.18884112702396 -0.14037400351477 0.888944262154185 1 -6.19394612464442
"HABP2" 0.086881217211196 1.13805930585204 0.137606813689079 0.891119297347895 1 -6.1943227589576
"GGH" 0.0859327780191206 0.577545365003286 0.13504991113914 0.893129796487105 1 -6.19466411162521
"TUBB4B" -0.147070314256847 1.99452773543662 -0.134957801838434 0.89320223556804 1 -6.19467628906297
"KRT84" 0.102303828778443 0.579494009436698 0.134462226634467 0.893591994940589 1 -6.19474166477685
"CNTN1" -0.098318090874958 0.660028748805807 -0.134011334413203 0.893946635119964 1 -6.19480093716779
"P18065" -0.0501412680906661 0.31297054960441 -0.132638689875508 0.895026395267101 1 -6.19498015456046
"BLVRB" -0.099727662324437 1.35086998416588 -0.132570463584653 0.895080069203277 1 -6.19498901433141
"CL43" -0.0859021945014188 0.940884828078096 -0.12686830198164 0.899567712040301 1 -6.19571338951967
"COL3A1" 0.0331936818924661 0.302753326489726 0.124762331368535 0.901225971909746 1 -6.19597287575222
"FAP" 0.0855239602316441 0.55780279319837 0.121242169976765 0.903998767027704 1 -6.19639691944968
"SeRPINA3-1" -0.20114817236942 3.84999949266226 -0.121164652080122 0.904059840798076 1 -6.19640612089202
"FBLN1" 0.0656386859927793 1.2055395696611 0.118735838211812 0.905973716950392 1 -6.19669144420147
"GSTA2" 0.120696494431826 1.47844549928175 0.118396814358656 0.906240908726989 1 -6.19673081158727
"PCYOX1" 0.0633585406870821 0.410504855434628 0.118018916481348 0.906538750828717 1 -6.19677456043032
"ARF1" -0.0576684453751546 0.648213854274732 -0.117376299739446 0.907045263523665 1 -6.19684863455617
"UBB" 0.0399923007970808 0.577739721944097 0.115701221717738 0.908365748407571 1 -6.19703981999526
"P0CG48" 0.0399923007970808 0.577739721944097 0.115701221717738 0.908365748407571 1 -6.19703981999526
"RGN" -0.0669844428140796 1.02697867734299 -0.113228498056293 0.910315503478293 1 -6.19731702532955
"P07900" 0.0668423463313954 1.26570801424459 0.112249204056347 0.911087836394852 1 -6.1974251548231
"B2M" -0.0533852783738621 0.513877245340613 -0.10888571907396 0.91374114755768 1 -6.19778938739546
"ARF3" -0.0576684453751546 0.662656135431604 -0.108344941065562 0.914167837801196 1 -6.19784691497424
"CLeC11A" -0.0259172126559555 0.313556625083039 -0.106651475513795 0.915504197900882 1 -6.19802521268855
"P62987" 0.0399923007970808 0.600125432816278 0.101019717051941 0.919950122807374 1 -6.19859796333109
"F12AI" -0.0666514323233214 4.11224061514221 -0.0996589268566882 0.921024775134532 1 -6.19873169810101
"SeRPINA3-6" -0.137336731676095 3.76802438787071 -0.0996466426342515 0.921034476993099 1 -6.19873289710435
"TUBB2B" -0.119712337509998 0.765486657853197 -0.0993806626487046 0.921244546184576 1 -6.19875882188934
"CORO1A" -0.0487513361425903 0.546552496626269 -0.0984416091059177 0.921986249526461 1 -6.19884979649691
"YWHAe" 0.0706284456503117 0.894440115061187 0.0967362695336565 0.923333375715532 1 -6.19901280059444
"H2B1" 0.0600019615121415 0.855501407010386 0.0951683462033584 0.924572150689905 1 -6.19916015741543
"PIP" 0.0315341147415496 0.463104733121213 0.0927124310164827 0.926512882619578 1 -6.19938613182111
"H2BC12" 0.0600019615121417 0.94148834362549 0.091851103795577 0.927193634568489 1 -6.19946398574255
"KRT25" -0.109978030893266 0.870916214072822 -0.0846459528479304 0.932890345739967 1 -6.20008679292745
"SeRPINA5" -0.0400654019778219 4.39741935957571 -0.0833626022369167 0.933905400218532 1 -6.20019239116924
"GAPDHS" 0.0403373465220386 0.322370115713481 0.0755399983871185 0.940094951683149 1 -6.20080118337539
"CDH5" 0.0599863447472015 0.991980297507352 0.0752691788279752 0.940309303834382 1 -6.2008211866225
"RPL22" -0.0196078431372549 0.348742198865514 -0.0745817729970857 0.940853401651802 1 -6.20087163719378
"HRG" 0.0491638115040937 1.90016836831577 0.0688686258476187 0.945376568285074 1 -6.20127303484285
"LBP" 0.0579180974959077 1.85962211188047 0.0676674346670794 0.946327801771085 1 -6.20135336187553
"HSP90AA1" 0.066842346331395 2.00619567514892 0.0651520001045028 0.948320049718093 1 -6.20151699800029
"OGN" 0.0400323802155224 0.903564955960522 0.0631097084436523 0.949937809699201 1 -6.20164529665033
"PeBP1" -0.0375577357733921 0.681304612077119 -0.0616312517913986 0.951109072371783 1 -6.20173562561932
"GPLD1" -0.0542296692932414 1.27736996011665 -0.0593839127547135 0.952889666656847 1 -6.20186883042249
"UBA52" 0.0399923007970808 1.27572881511371 0.0569098684397663 0.954850162404889 1 -6.20200975218251
"KRT33A" -0.0383028489765541 0.335776781552413 -0.0559447672161386 0.955615010255953 1 -6.20206309896166
"JUP" 0.0521028554807729 1.93676595742777 0.0537004495726756 0.957393805637344 1 -6.20218362797379
"KRT74" -0.0584205158662344 0.857335682092491 -0.0530172055981125 0.957935373213453 1 -6.20221934136975
"P02647" -0.0353049364199782 0.803771327597334 -0.0501080519487638 0.9602415102971 1 -6.20236628558754
"TIe1" 0.0237646907184066 0.329321550699608 0.0497173208491716 0.960551276259316 1 -6.20238539033452
"P0CG53" 0.0399923007970808 1.03241699431888 0.0494680632774479 0.960748887266975 1 -6.20239749962523
"VTN" -0.0160301868161019 1.30500717022259 -0.0487490348187218 0.961318945777477 1 -6.2024320900812
"SLC2A1" -0.0093475029196497 0.273565477653511 -0.0485711171590961 0.961460005211307 1 -6.20244057104779
"DCD" -0.0155388480462858 0.409362076418307 -0.0480924531423265 0.961839513191612 1 -6.20246323404916
"F9" -0.0405812729709325 1.26479360370761 -0.0454316060954072 0.963949321487707 1 -6.20258512415152
"BPT2" 0.0268164370366334 0.60882521501471 0.0369636673489615 0.970665280908437 1 -6.20292687498732
"F13A1" 0.0205487276791234 1.66628805992448 0.0343683955547846 0.972724054657011 1 -6.20301755285697
"PPIe" -0.019607843137255 0.534199470938428 -0.0296096686496101 0.976499527861827 1 -6.20316668038837
"VCL" 0.0252371886587519 0.917727114954689 0.0286592691624606 0.977253622531384 1 -6.20319380608602
"CDH1" -0.0155388480462859 0.600999147693407 -0.024841220329602 0.980283258383552 1 -6.20329386091688
"DSC1" -0.0155388480462858 0.453335524236637 -0.0246144377786734 0.98046322084667 1 -6.20329935462334
"APOD" -0.0134364243451787 2.04941190125326 -0.0239828032858453 0.980964457460848 1 -6.20331439010952
"SeRPINA3-8" -0.0107354584625541 2.76356503180944 -0.0115628229512035 0.990821709479446 1 -6.20353063671254
"P80209" 0.00461488287992834 0.368808821772609 0.0090313606393468 0.992831059756034 1 -6.20355617316438
"CSN2" -0.00591920955705594 0.719409121077165 -0.00825376534457474 0.993448286677874 1 -6.20356275687882
"CSN1S2" -0.00591920955705598 0.825354632457218 -0.00725550863890119 0.994240672492431 1 -6.20357034053528
"RAB1B" 0.00364275817817888 0.359511205731281 0.0067013440150287 0.994680554097761 1 -6.20357412907065
"CSRP1" 0.00239610225504649 0.533260908749307 0.00422238099300733 0.996648309551701 1 -6.2035873934222
"HSPA1L" -0.000964604824629234 1.39618597961092 -0.0010015251667653 0.999204995487718 1 -6.20359563503244
"ALB" 0 7.83356785233269 0 1 1 -6.20359612635786
"APOC3" 0 1.19778688740857 0 1 1 -6.20359612635786
"SPP2" 0 0.907685424247359 0 1 1 -6.20359612635786
"TRPC4" 0 0.269665615237759 0 1 1 -6.20359612635786
"MDH1B" 0 1.30473120409333 0 1 1 -6.20359612635786
"NCAM1" 0 0.308761910501216 0 1 1 -6.20359612635786
"CKM" 0 1.31106230670835 0 1 1 -6.20359612635786
"CATHL4" 0 0.921576588262768 0 1 1 -6.20359612635786
"GARIN1B" 0 0.931787480834391 0 1 1 -6.20359612635786
"PF4" 0 0.493140774575256 0 1 1 -6.20359612635786
"FAM124B" 0 0.542232326333978 0 1 1 -6.20359612635786
"CATHL2" 0 0.348458948683919 0 1 1 -6.20359612635786
"COLGALT1" 0 0.276744504294037 0 1 1 -6.20359612635786
"ReG1" 0 0.282004772270175 0 1 1 -6.20359612635786
"TRAP1" 0 0.607607333279489 0 1 1 -6.20359612635786
"TCN2" 0 0.440545433393437 0 1 1 -6.20359612635786
"LOX" 0 0.69202037673911 0 1 1 -6.20359612635786
"DSG1" 0 1.03087995997917 0 1 1 -6.20359612635786
"PKP1" 0 0.315565674847234 0 1 1 -6.20359612635786
"KRT83" 0 0.457778587254636 0 1 1 -6.20359612635786
"KRT81" 0 0.615608932666368 0 1 1 -6.20359612635786
"H2A1" 0 1.08487554912278 0 1 1 -6.20359612635786
"H2AJ" 0 1.08487554912278 0 1 1 -6.20359612635786
"H2AC20" 0 1.08487554912278 0 1 1 -6.20359612635786
"P02656" 0 0.312947293834637 0 1 1 -6.20359612635786
"MPV17L" 0 0.315558794847105 0 1 1 -6.20359612635786
"P36955" 0 0.746790949493321 0 1 1 -6.20359612635786
"ARG1" 0 0.789853158760867 0 1 1 -6.20359612635786
"MYLK" 0 0.407756496006438 0 1 1 -6.20359612635786
"H2AZ2" 0 0.622406535074498 0 1 1 -6.20359612635786
"HSPA2" 0 0.692878943111484 0 1 1 -6.20359612635786
"H2AZ1" 0 0.669371869306268 0 1 1 -6.20359612635786
"MAP4" 0 0.337161908363979 0 1 1 -6.20359612635786
"THBS2" 0 0.556608593747009 0 1 1 -6.20359612635786
"SPON1" 0 0.468705315670895 0 1 1 -6.20359612635786
"RASA1" 0 0.310522415542501 0 1 1 -6.20359612635786
"KRT40" 0 0.28844792166748 0 1 1 -6.20359612635786
"CCN2" 0 0.732630820155657 0 1 1 -6.20359612635786
"KRT35" 0 1.03842056043664 0 1 1 -6.20359612635786
"TIMP3" 0 0.303581002833819 0 1 1 -6.20359612635786
"ANG1" 0 0.327357710119103 0 1 1 -6.20359612635786
"HMGCR" 0 0.299332174844075 0 1 1 -6.20359612635786
"ADORA1" 0 0.406560103967575 0 1 1 -6.20359612635786
"IGFBP5" 0 0.517686905947146 0 1 1 -6.20359612635786
"PSMe4" 0 0.337757591140528 0 1 1 -6.20359612635786
"eeF1A2" 0 0.504483922437861 0 1 1 -6.20359612635786
"H2AC7" 0 0.298618059715194 0 1 1 -6.20359612635786
"KRT78" 0 1.21398713660327 0 1 1 -6.20359612635786
"CHI3L1" 0 0.759499594345939 0 1 1 -6.20359612635786
"P35580" 0 0.441271939685429 0 1 1 -6.20359612635786
"ARHGeF9" 0 0.399278493642343 0 1 1 -6.20359612635786
"UTP15" 0 0.509960648013274 0 1 1 -6.20359612635786
"P08697" 0 0.422768746850354 0 1 1 -6.20359612635786
"P02774" 0 0.817341281900046 0 1 1 -6.20359612635786
"P04272" 0 1.21847887840817 0 1 1 -6.20359612635786
"CALD1" 0 0.613608729397705 0 1 1 -6.20359612635786
"GDF6" 0 0.295749412812816 0 1 1 -6.20359612635786
"LASP1" 0 0.588559131748599 0 1 1 -6.20359612635786
"IGFBP4" 0 0.316080397760248 0 1 1 -6.20359612635786
"ARFIP2" 0 0.436516442761799 0 1 1 -6.20359612635786
"LeCT2" 0 0.40535114520609 0 1 1 -6.20359612635786
"GAL3ST4" 0 0.370598323564226 0 1 1 -6.20359612635786
"MAML2" 0 0.395914935966484 0 1 1 -6.20359612635786
"S100A12" 0 0.286516449992109 0 1 1 -6.20359612635786
"P02649" 0 0.591694934187602 0 1 1 -6.20359612635786
"C4B" 0 0.648270272682259 0 1 1 -6.20359612635786
"P35625" 0 0.334972889619899 0 1 1 -6.20359612635786
"HBe1" 0 0.355476418673161 0 1 1 -6.20359612635786
"P29279" 0 0.375357173522509 0 1 1 -6.20359612635786
"CATHL3" 0 0.337409403174493 0 1 1 -6.20359612635786
"THeMIS" 0 0.314023317558594 0 1 1 -6.20359612635786
"Q32Le4" 0 0.358614391703744 0 1 1 -6.20359612635786
"P02749" 0 0.451919943200276 0 1 1 -6.20359612635786
"P11171" 0 0.343269224856955 0 1 1 -6.20359612635786
"P00751" 0 0.338174304148422 0 1 1 -6.20359612635786
"BRN" 0 0.463884710841 0 1 1 -6.20359612635786
"P02753" 0 0.304305999228133 0 1 1 -6.20359612635786
"FKBP4" 0 0.307773610383954 0 1 1 -6.20359612635786
