"logFC" "AveExpr" "t" "P.Value" "adj.P.Val" "B"
"P63261" 5.27479706554208 2.45979019689723 20.8068741540555 7.33506276333081e-26 2.31421230183087e-23 47.2945366349504
"P60709" 5.27479706554208 2.45979019689723 20.8068741540555 7.33506276333081e-26 2.31421230183087e-23 47.2945366349504
"P13645" 5.48710449527415 2.97643993189695 17.5967783189926 9.922097849239e-23 2.08694791428994e-20 40.738605196047
"P02768" 6.29883215017395 3.23301415862248 17.3026911029916 2.0161257085868e-22 3.18043830529568e-20 40.0836014842845
"KRT1" 6.18190141286617 3.24960602826261 16.514473844973 1.40885165349843e-21 1.77797078671502e-19 38.2790984759539
"KRT9" 5.38947620811533 2.75795260815414 15.9370541305005 6.10436504436712e-21 6.41975723832609e-19 36.9105017824483
"TLN1" 5.68325783763226 2.71389669310979 14.1738204889911 6.78442985432949e-19 6.11567891154558e-17 32.4731200907602
"P68366" 4.17064317222435 1.76508982753113 9.91339184129575 2.9138902077016e-13 2.29833090132464e-11 20.0165977226425
"P19823" 3.55841426406862 1.72378064659439 9.59864894384975 8.31599166561915e-13 5.83043415667298e-11 18.9988109985786
"KRT2" 5.39821513460366 2.86031237617989 8.61828467926703 2.33890189168209e-11 1.4758470936514e-09 15.7542686165884
"eeF1A1P5" 2.95705829757028 1.86671378928113 8.50894071104024 3.41381934035102e-11 1.95829091251045e-09 15.3860920194518
"TUBB1" 2.97456743010178 1.29215683445709 8.1440662370917 1.21490518139612e-10 6.04352830801349e-09 14.1496707000422
"FLNA" 4.7497683134286 1.75658537855711 8.13704033607541 1.24510091924208e-10 6.04352830801349e-09 14.1257521728108
"KRT14" 4.26164776311214 2.44276934440136 7.5082972880837 1.13589558090909e-09 5.11964365395456e-08 11.9713270012072
"TUBA1B" 3.9394776943404 1.66164867095912 7.35639747982973 1.94433204149588e-09 8.17915678789265e-08 11.4474739746638
"VTN" 2.21806305490446 1.30500717022259 7.21102995147324 3.25502181028762e-09 1.28369922643218e-07 10.9453004129419
"P68104" 2.95705829757028 1.79940580014137 6.96263505235158 7.86322570016563e-09 2.91864436282618e-07 10.0858708520635
"P07996" 4.28843799923305 1.8511055360765 6.84816028458121 1.1811802672109e-08 4.14069304783375e-07 9.68946773683868
"PKM" 2.40999336367053 1.39826985526521 6.76465099405323 1.58952863669555e-08 5.27890826186786e-07 9.40025213195656
"P11142" 3.03905700165551 1.29353643577238 6.60962589564624 2.75849234923633e-08 8.70304336184063e-07 8.86344018112611
"P68032" 4.4952555170526 1.87318986533482 6.54336837240829 3.491211467699e-08 1.04902592196099e-06 8.63410146433108
"POTee" 3.34989970743459 1.22222899345803 6.46204548687268 4.66131564144105e-08 1.31545108867221e-06 8.35274542233086
"FBLN1" 3.33747228404219 1.2055395696611 6.45409844346386 4.7948296417529e-08 1.31545108867221e-06 8.32525995405159
"MYH9" 3.76688656053522 1.83979858127324 6.37797207061066 6.28389855676484e-08 1.65214166221609e-06 8.06207023982715
"P01024" 3.89552955190385 2.16965196404416 6.28387367183099 8.77652331494242e-08 2.16485087653847e-06 7.73703888612628
"P13647" 4.16126056019731 2.44539382196407 6.2696019079191 9.23247170325586e-08 2.16485087653847e-06 7.6877746111642
"COL6A1" 2.08664969372745 0.906037327762269 6.26866463559495 9.26322879025969e-08 2.16485087653847e-06 7.68453959567569
"P07900" 3.46547778070343 1.26570801424459 6.22143654622873 1.09528281585645e-07 2.46829806001936e-06 7.52158529914981
"C4A" 3.25335865510658 1.69571761681544 6.20786216579941 1.14929975763557e-07 2.5007177485105e-06 7.47476928661717
"P68371" 3.43893849696118 1.45345865388749 6.13584810502775 1.48351354159653e-07 3.12032348249136e-06 7.2265709614657
"AMY2A" 2.17548998135847 0.570364073266519 6.05658799183964 1.96417839489396e-07 3.99805344250996e-06 6.9537581409567
"LOX" -2.72977377572023 0.69202037673911 -6.02213734871231 2.21878557984401e-07 4.37516781525491e-06 6.83530917581021
"P06396" 4.39396646551323 1.8637240805787 5.99758173140192 2.42006849973412e-07 4.62746431312797e-06 6.75093309814716
"KRT71" -3.91131115462547 2.06923573706999 -5.93017159177696 3.07095002143322e-07 5.69932195154225e-06 6.51953849937621
"P63104" 1.88443218868652 0.884129142970355 5.83282368315212 4.32935461157214e-07 7.80520788543435e-06 6.18604154941111
"P02771" 2.73553410151805 1.20445681963199 5.80151154875597 4.83428915811515e-07 8.47343460769628e-06 6.07895299013905
"KRT16" 3.61174610549749 2.30697925096178 5.71731703623699 6.50104074078573e-07 1.10869100200967e-05 5.79148239083791
"ACTBL2" 3.17474186242635 0.466625960054164 5.31971122476335 2.60831509698603e-06 4.33117585841627e-05 4.44530693671489
"CHI3L1" -2.98582138817686 0.759499594345939 -5.24642943402113 3.36246657656705e-06 5.44029848670208e-05 4.1996565647072
"P02788" 2.18602484365105 1.24423163318215 5.17734300887792 4.26909869681776e-06 6.73450319423001e-05 3.96888970091707
"CKM" -3.19225366301081 1.31106230670835 -5.0651135723469 6.28175087911152e-06 9.55492213802565e-05 3.5958325368503
"KRT6A" 4.11462276456875 2.4219735959836 5.06151341816147 6.35985308711691e-06 9.55492213802565e-05 3.58390453882437
"P04406" 2.44515571339462 1.46040235764334 5.0286399144439 7.11876185315341e-06 0.000104463691379995 3.47510519357612
"KRT79" -3.80729623299989 2.41563447401021 -4.88292153476838 1.17063967172104e-05 0.000167880371103631 2.99548481634713
"eDIL3" 2.33348337967884 0.874239341804051 4.84533601472035 1.33003679865243e-05 0.000186500715544375 2.87251560128353
"APOB" 3.74306300688973 1.56865439369341 4.7976176906181 1.56342452001402e-05 0.000214461059158444 2.71685652751481
"Q04695" 2.97099462061179 2.00730714342483 4.78243381273812 1.64579962045375e-05 0.000220957353299216 2.66743699472713
"AMY2B" 2.21050381702314 0.74822742113586 4.56580338357989 3.40563559181869e-05 0.000447699178841165 1.9685688741923
"KRT13" 2.25208851885338 1.5651524960697 4.51980565643956 3.96880735036986e-05 0.000511085191445589 1.82176152035821
"QSOX1" 1.02814584388327 0.805070645396471 4.47678722309868 4.57736146097212e-05 0.000577663016374681 1.68499821577102
"NACA" -2.53140452700704 0.816083855863542 -4.32375395195173 7.57447097186223e-05 0.000933346266558626 1.20288095525615
"COL10A1" -2.09838981858137 0.836743477537966 -4.31906150641884 7.69160156276522e-05 0.000933346266558626 1.18821079199634
"MYH11" 1.7366964235785 0.652544957969425 4.30985283218171 7.92661631848848e-05 0.000943716018295515 1.15944154723992
"P08238" 2.68789929360643 1.08591880466753 4.26347531512541 9.22066585882295e-05 0.00107745188091061 1.01496222081579
"F12" -2.68636598188725 1.40352742793015 -4.25427002383217 9.50094005971719e-05 0.00109001694139664 0.986367619089233
"LRP1" 2.11969526337247 0.614868001325349 4.15670530651105 0.000130299608811481 0.00146819737785794 0.685028818303086
"IGFBP3" -3.32795298253176 1.43521702137938 -4.05595798829589 0.000180008882758128 0.00199272991263823 0.377303052222759
"P01023" 3.34843591422868 2.29391897658004 4.00675166700616 0.000210543286332141 0.00229056575302726 0.228334024164829
"CAPNS1" -1.99242289126207 0.739184125827107 -4.00044187269389 0.000214804189735091 0.00229731260547191 0.209296304596767
"DSG1" -2.54056962105527 1.03087995997917 -3.97539607498808 0.000232555096697684 0.00244570443360397 0.133876133901581
"HBA1" 2.22748846030624 1.70191375070829 3.96837386336449 0.00023778147091904 0.00245967390409696 0.112772713791015
"P61204" 1.20512304083786 0.540338427439164 3.94811199113546 0.00025350617406601 0.00258003864251052 0.0519862139076332
"KRT6B" 4.11462276456875 2.22641661277503 3.92539997285598 0.000272327352879329 0.0027275961851882 -0.015963432684071
"APOA2" -1.96561184503272 2.08661494538222 -3.90905455837907 0.000286700576876286 0.00280091109043517 -0.0647417271567168
"JUP" -3.54597057389812 1.93676595742777 -3.90703675693365 0.000288524914228662 0.00280091109043517 -0.0707560541868846
"P61224" 1.19207952201492 0.922756113454085 3.86684230219484 0.000327289088845757 0.00312908204638898 -0.190226528035015
"Q13509" 2.540044530835 0.919595553811429 3.86197264391918 0.000332313473367494 0.00312969853275954 -0.204657078036378
"LYSM" -1.78044618174873 1.03729602438514 -3.84625380450694 0.000349044406570629 0.00323892677273627 -0.251172724024594
"KRT17" -5.24208880759827 3.15566229471789 -3.80905715062064 0.000391932645962155 0.00358419564640753 -0.360847511811868
"GARIN1B" -2.09816475494247 0.931787480834391 -3.79086003475946 0.000414720976750858 0.00373841337613988 -0.414295431115334
"POSTN" 2.58397974899353 0.858096457429997 3.75557204875278 0.000462599307328647 0.00411126990034333 -0.517549763778604
"TUBB" 2.3070185898148 1.37916446976825 3.73387374066483 0.000494632739933791 0.00433490637358642 -0.580779975902582
"CALD1" -2.00345322769167 0.613608729397705 -3.72029810941959 0.000515747499136532 0.00445803660212536 -0.62023836458572
"SPON1" -2.12679581083846 0.468705315670895 -3.67983676798052 0.000583938852072273 0.00497926237375141 -0.737371186878735
"SeRPIND1" 1.75364884422845 0.688028441939677 3.63946144786494 0.000660562974549998 0.00555753649254732 -0.853542327828376
"KRT3" 2.0427548458576 1.58048859238809 3.62602874655296 0.000688127136512729 0.00571326609394121 -0.89203187499
"P84077" 1.20512304083786 0.497523308665411 3.61657904190345 0.000708174773860681 0.0058033543156635 -0.919060336564213
"P49747" 1.35913087725983 0.476961206766378 3.60503510310107 0.00073342492933142 0.005933219620617 -0.952024336346474
"ANXA5" -1.79752253376334 0.794981727204845 -3.56115090391625 0.000837506397836135 0.00660962571391272 -1.07678456505082
"P37802" 1.08026091871563 0.354293361291635 3.56096047660733 0.000837987412223483 0.00660962571391272 -1.07732401771546
"TUBA1A" 2.5674067821445 1.19948842838369 3.52993146184466 0.000919994134408963 0.00714973759588525 -1.16500046329478
"HRG" -2.35499205365025 1.90016836831577 -3.52664132398175 0.000929125963332156 0.00714973759588525 -1.17427090127053
"O75083" 1.23773369352849 0.280586141774954 3.50805063985683 0.000982372979467133 0.00746840180775615 -1.22655747256722
"APOH" -1.51828964521502 3.60746490795528 -3.48976793168883 0.00103757008428261 0.00779412765693248 -1.27781888819202
"VCL" 2.85294079380119 0.917727114954689 3.4634814782559 0.00112213939223206 0.0082688086317398 -1.35124256020481
"LTF" -3.49405203098877 2.26415786302272 -3.46203787206224 0.00112696916375534 0.0082688086317398 -1.35526527060374
"eHD3" 1.02814584388327 0.929085257842862 3.41348356769804 0.00130144518789113 0.00943921739723334 -1.48997733951533
"AMY1A" 1.74008882715464 0.755503261094872 3.39276057933769 0.00138348585275347 0.00960343399806382 -1.54712129363782
"AMY1B" 1.74008882715464 0.755503261094872 3.39276057933769 0.00138348585275347 0.00960343399806382 -1.54712129363782
"AMY1C" 1.74008882715464 0.755503261094872 3.39276057933769 0.00138348585275347 0.00960343399806382 -1.54712129363782
"KRT73" -2.56219448335748 2.38515311888049 -3.3923979488835 0.00138496433252584 0.00960343399806382 -1.54811936373491
"UBA52" -2.22051198092272 1.27572881511371 -3.37800498131271 0.00144487354814237 0.00990994792258515 -1.58768049481084
"TLN2" 2.07209462956211 0.966455129892931 3.35381301412379 0.00155115293168478 0.0105244892461623 -1.65394257936216
"P01008" 2.16533078204066 1.58182119686144 3.2988195079261 0.00182100943529793 0.0122240101454574 -1.80346929029161
"SeRPINA5" -1.46360835990615 4.39741935957571 -3.25553683519193 0.00206407524434911 0.0137098050440451 -1.9200606049123
"CSN2" -2.1625989370712 0.719409121077165 -3.22374261935423 0.00226183854227445 0.0148668762518248 -2.00508060469963
"KRT75" -2.07424261912948 3.74408656908985 -3.21927039264464 0.0022910515001229 0.0149036442946139 -2.01699676166736
"CSN1S1" -2.21381629300124 1.04968891000601 -3.19855616679166 0.00243106523905376 0.0156530833249278 -2.07205036750608
"KRT20" -2.20663101649226 1.22298441785712 -3.18105234110293 0.00255563292313103 0.0162889330757139 -2.11839220569183
"CDH1" -1.84839333153405 0.600999147693407 -3.15896252300398 0.00272143318414253 0.0171722433919393 -2.17663934194233
"IGF2R" 2.46801091193007 0.877479878395385 3.15349145107275 0.00276403556660082 0.0172683806190605 -2.19102467097313
"PARVB" 0.761814595711438 0.408945657906606 3.14911201664233 0.00279858921674801 0.0173128411349804 -2.20252794043493
"KRT7" -1.85036083333399 3.18158863035919 -3.13374891315099 0.0029230459198549 0.0179072036449363 -2.24279851708597
"KRT78" -2.47164730999698 1.21398713660327 -3.07213907290388 0.00347635543391476 0.0210921180653867 -2.40298184845288
"F10" -1.96276671614401 1.80481524069034 -3.04790448651087 0.00371981461236211 0.0223543144800047 -2.46540803981459
"Q9NY65" 2.01150812368237 0.771076784687933 3.0390387343396 0.00381280463926853 0.022696978560174 -2.48816224832289
"Q9BQe3" 2.51038627446253 0.969807632327124 3.02670331379562 0.00394581349159041 0.0232692365719023 -2.51974689369827
"KRT8" 2.10885945822707 1.37402142304736 3.00289835935191 0.00421485883098652 0.0244661946172934 -2.58045242543572
"FAM124B" -1.55550787467395 0.542232326333978 -3.0019151696413 0.00422633155829632 0.0244661946172934 -2.58295265903744
"P26038" 1.71606940029754 1.1333406550057 2.98268416414843 0.00445669068384781 0.0255651983773452 -2.63174417926921
"P31946" 0.946185264149239 0.416300648724564 2.9718408520975 0.00459169599329091 0.0261023438897889 -2.65916024990562
"PZP" 2.70917031062899 1.58382233784497 2.96763387877406 0.00464509580644757 0.026170137980968 -2.66977861631982
"B4GAT1" -1.38290451797914 0.601513335851212 -2.9618655138949 0.00471925729883489 0.0263526668634054 -2.68432108249232
"Q86UX7" 1.16898861243409 0.290262389270065 2.94131093824514 0.00499259587385549 0.0276344561087966 -2.73598172838128
"ARHGeF9" -1.62137616789845 0.399278493642343 -2.85826104505053 0.00625420239967956 0.0341764873921635 -2.94215351932556
"O43505" 0.632215170550058 0.29264576963563 2.85339975943052 0.0063365267782831 0.0341764873921635 -2.95409284615392
"CCDC168" 2.28259171955608 0.497858398849557 2.85238508012019 0.0063538363938527 0.0341764873921635 -2.95658308417811
"KNG1" -1.32430055723739 4.54464354662345 -2.85020556204944 0.00639116562959634 0.0341764873921635 -2.96192996051651
"MDH1B" -2.62734594989779 1.30473120409333 -2.84360961574633 0.00650537925709709 0.0344949101783888 -2.97809371614409
"KRT35" -2.79191101237909 1.03842056043664 -2.83813405704258 0.00660162711201033 0.034713555897321 -2.99149168452112
"P23528" 0.773300878652418 0.716620014092231 2.82096580265903 0.00691202923016589 0.0360453755721874 -3.03338085762311
"KRT76" 2.42020523062393 1.50032032286503 2.81642719467678 0.00699631713463075 0.0361858697700984 -3.04442437730255
"P00747" 1.90902757418346 1.01723332705427 2.78851823856008 0.0075358861301561 0.0384402989839163 -3.11205323341824
"TUBA1C" -1.7982083684977 0.335330475246119 -2.78761192001496 0.00755403656736231 0.0384402989839163 -3.11424130552859
"P15311" 1.20081261805325 0.776083929513556 2.7661665213217 0.00799547965890407 0.0402227261550316 -3.16586588404722
"H2AZ2" -1.83665959876887 0.622406535074498 -2.75808536860299 0.00816791612358671 0.0402227261550316 -3.18524446729403
"H2A1" -1.83665959876887 1.08487554912278 -2.75553568330723 0.0082230295942933 0.0402227261550316 -3.19135007521919
"H2AJ" -1.83665959876887 1.08487554912278 -2.75553568330723 0.0082230295942933 0.0402227261550316 -3.19135007521919
"H2AC20" -1.83665959876887 1.08487554912278 -2.75553568330723 0.0082230295942933 0.0402227261550316 -3.19135007521919
"HSPA6" 1.44601205152134 0.711514689119529 2.7512771040969 0.00831584770327138 0.0403638453904942 -3.20153874827005
"HSP90AA1" 2.63514245937629 2.00619567514892 2.74584576166951 0.00843562879197022 0.0406326852498718 -3.21451664891244
"APOD" -1.43036683832949 2.04941190125326 -2.72935257155381 0.00880918053911186 0.0421105524256029 -3.25381174881183
"Q5XKe5" 1.74889442951956 1.3958302434628 2.71389398126773 0.00917307300983152 0.0435203689413811 -3.29048486850153
"IGFBP2" -3.22475371420782 2.40775523204748 -2.70658041168893 0.00935000908696102 0.0440287741333761 -3.30778199988104
"P62258" 1.06186571849781 0.499107347535886 2.68718703705103 0.00983449438925547 0.0456643143425187 -3.35348259270755
"ACTG2" -3.34273265633731 1.10752783647369 -2.6840716526306 0.00991443908862926 0.0456643143425187 -3.36080144155805
"ACTA2" -3.34273265633731 1.10752783647369 -2.6840716526306 0.00991443908862926 0.0456643143425187 -3.36080144155805
"F13A1" -1.49913625886456 1.66628805992448 -2.6804727916434 0.0100075331110045 0.0457590825582886 -3.36924830253967
"C5" 1.72094622329581 0.771532167322534 2.66842841075335 0.0103249607944331 0.0468708651891173 -3.39745663729242
"ARG1" -1.77661983715791 0.789853158760867 -2.66469690729223 0.0104251624159912 0.046987696317789 -3.40617685846672
"KRT5" -1.65470287470744 4.67624021226336 -2.65910359467583 0.0105770303095785 0.0473340859953476 -3.41923103059149
"CSN1S2" -2.01702498681512 0.825354632457218 -2.64308664186224 0.0110232070648017 0.0489834060414778 -3.45650005357892
"MST1" -1.73814096293319 1.60785553826297 -2.62612671070906 0.0115143888975433 0.0508082475129359 -3.49578026510906
"ARF1" 1.20512304083786 0.648213854274732 2.62222246550081 0.0116302601722215 0.0509631539491094 -3.50479597317999
"CFH" -1.52211476744672 4.64711187182647 -2.61288981141705 0.0119115712595355 0.0518358721708064 -3.5263062889789
"LGALS3BP" 1.45484896185836 0.705418077214483 2.60975728515267 0.0120073792952114 0.0518949064060164 -3.53351338477194
"H2AZ1" -1.83665959876887 0.669371869306268 -2.57394661489206 0.0131537839277878 0.0561119817621628 -3.6154413181658
"OMD" -1.32944216599666 0.579161880070687 -2.57373120783491 0.0131609719505548 0.0561119817621628 -3.61593154250965
"P35900" 0.814427264622709 0.909107359925009 2.56005304700558 0.0136248037533281 0.0576996722708057 -3.64699671179896
"CLeC3B" -1.56539643553623 2.73407577761207 -2.54465079777778 0.0141648839787858 0.059586945270759 -3.68182706748001
"KRT19" -2.50012680657283 2.96099265043905 -2.53066283721406 0.0146721700746207 0.061312180907852 -3.71332043914372
"HBB" 2.03023249526284 3.60338993350591 2.50344209799504 0.0157069394425105 0.0652044657120009 -3.77422613958154
"P04272" -2.33934189293411 1.21847887840817 -2.49939926437918 0.0158661468056193 0.0654348930349396 -3.78322877011681
"THBS3" 0.747206535151658 0.323629307052341 2.47474728341863 0.0168690019839107 0.0691190925444653 -3.83788147001255
"ANXA2" 1.13210053995628 1.02910085649948 2.46339028757013 0.0173500295474098 0.0706314106091328 -3.86291874833945
"TG" 1.85693898108237 0.830439203374032 2.4405593006966 0.0183547368748173 0.0738155309725067 -3.91298081719514
"BLVRB" -1.71562204027878 1.35086998416588 -2.4380843475437 0.0184667465787086 0.0738155309725067 -3.91838593040309
"CCN2" -1.64919616653368 0.732630820155657 -2.43772351716746 0.018483128199138 0.0738155309725067 -3.91917360034272
"Q32Le4" -1.20282898258777 0.358614391703744 -2.42986907686205 0.0188429820847939 0.0747793817327356 -3.93629682962415
"ARF3" 1.20512304083786 0.662656135431604 2.42045914819378 0.0192824108306292 0.0760450077132941 -3.95675433942491
"KRT81" -2.33740047248674 0.615608932666368 -2.41738297777759 0.0194280530052191 0.0761434872440576 -3.96342858555309
"CL43" -1.52859931399841 0.940884828078096 -2.41345109225514 0.0196156515600268 0.0764041736689934 -3.97194977516346
"ACTA1" -3.06928330102919 2.17781526642366 -2.39035056725978 0.0207511341092564 0.0803310774413543 -4.02179352451244
"P0CG53" -1.78257372894353 1.03241699431888 -2.3571759023889 0.0224851757122881 0.0865130846003279 -4.0927132777603
"ARFIP2" -1.40651508605886 0.436516442761799 -2.35343721461102 0.0226885248244392 0.0867664191770978 -4.10065658863495
"UBC" -1.78257372894353 1.09692025673344 -2.31374657348781 0.0249510476006054 0.0948440423854337 -4.18436605035974
"OGN" -1.36489012612221 0.903564955960522 -2.30026793992617 0.025764005961211 0.0972149855167033 -4.21253468401675
"KRT222" -1.37191676700214 0.871570823600914 -2.29822669806899 0.0258891606642098 0.0972149855167033 -4.21678913576005
"RPS27A" -1.78257372894353 1.43074905315533 -2.29582714813165 0.0260369771035228 0.0972149855167033 -4.22178652042438
"ORM1" -0.968393501808094 3.86425014046426 -2.25687442475038 0.0285439647795333 0.10594848103462 -4.30232347964657
"KNG2" -1.44675620972127 4.12277039415999 -2.23626232814323 0.0299554450034527 0.11053734384315 -4.3444899150992
"ITIH2" 0.7231875543464 0.271640739549629 2.23372122936494 0.0301336700593289 0.110548522136259 -4.349666574574
"PGAM1" 0.874525472092552 0.402911325504952 2.22720635285961 0.0305949026484919 0.11159181255028 -4.36291669018253
"CLeC11A" 0.502916661656195 0.313556625083039 2.21243527172836 0.0316638682848934 0.114237593694128 -4.39284194542194
"COL3A1" 0.550550435700778 0.302753326489726 2.21218344576841 0.0316823754302256 0.114237593694128 -4.39335072364086
"HABP2" -1.28878227659377 1.13805930585204 -2.18217497251283 0.0339573675619342 0.121744880293071 -4.45363994930937
"AKR1A1" 0.824275112436428 0.457750447432581 2.17521287344269 0.0345053206920995 0.123010493540761 -4.46753102245129
"MYLK" -1.40731225799898 0.407756496006438 -2.1578926438374 0.035902425369077 0.127272080943189 -4.50193096529323
"H4C1" 0.856192431762494 0.852768548672937 2.14777936190014 0.0367409900460544 0.129147001256681 -4.52191247327598
"Q0VCM4" 1.60857086635818 0.998684414612892 2.14659076617465 0.0368406659686253 0.129147001256681 -4.5242557854816
"KLKB1" -1.4656199668077 2.45522538487941 -2.13217481676033 0.0380686239387878 0.132714374062846 -4.55259154529839
"P02649" 0.890363072668224 0.591694934187602 2.10620945501796 0.0403710779957352 0.139967858325873 -4.60322992962285
"KRT80" -1.65649560303345 1.37415635638299 -2.05753785305824 0.0450164141727829 0.155220531929104 -4.69675859497433
"FGG" 2.02000217715818 1.88977614221664 2.04537541222403 0.0462473999416552 0.158598420452089 -4.71984463137008
"RGN" -1.13043451071879 1.02697867734299 -2.04278743716641 0.046513072961987 0.158647292102777 -4.72474215855722
"P34931" 1.01820659562799 0.704760182144938 2.03641574314004 0.0471728210941047 0.160032527475162 -4.73677786192693
"PRDX1" -1.17751310426334 0.546049595625712 -2.02965110274064 0.047882122095889 0.160986125826122 -4.74952121824485
"ADAMTS13" 0.678590014603584 0.332982228000967 2.02887421547596 0.0479641706106355 0.160986125826122 -4.75098244935918
"FeRMT3" 1.8825652398798 1.78631223336103 2.02327089008055 0.048559563521185 0.162122140644803 -4.76150767775819
"HMGB2" -1.9579403189936 1.45785418284916 -2.01150384447942 0.0498307519788155 0.165271724948751 -4.78353089760459
"IGF2" -1.37191676700214 0.705943254415119 -2.00848059204333 0.0501619613881793 0.165271724948751 -4.78917171770683
"Q3SWY2" 1.29075830886339 0.975216442046511 2.00678892753574 0.0503481188017668 0.165271724948751 -4.79232491885377
"P06733" 0.902928566304065 1.00307738353785 2.00495484378092 0.0505506226863849 0.165271724948751 -4.7957410481757
"CRYZ" -1.47042955013508 0.771489576565082 -1.91281617840572 0.0616693809674496 0.200584429847735 -4.96393439461503
"P02675" 0.606036417066128 0.361465457081215 1.89963602881107 0.0634193395272842 0.204475781172954 -4.9874405268533
"GDI2" 1.13920608487677 0.851446839452645 1.89893290499473 0.0635138718064961 0.204475781172954 -4.98869058831619
"FTL" 0.994490827200597 0.686434797671335 1.88591745259139 0.0652855388490769 0.208684642740502 -5.01175841387839
"UTRN" 0.795139919364108 0.277898308571694 1.88448794224705 0.06548266127198 0.208684642740502 -5.01428366562691
"HBD" 1.30275506476554 0.814906290238242 1.87593653843164 0.0666724522085921 0.211408629867445 -5.02935536368971
"SPP2" -1.37790944478253 0.907685424247359 -1.85110327965367 0.0702321075753084 0.221582299400098 -5.07278766001891
"DSC1" -1.0841176758401 0.453335524236637 -1.83587665568243 0.0724932643976488 0.227360695248467 -5.09917032014103
"DDBX" 1.21697372263103 1.09075362379658 1.83394641048689 0.072784247924232 0.227360695248467 -5.10250128119896
"WDR1" 0.936272135939876 0.49446527816826 1.82994861622516 0.0733900486180638 0.228123747182257 -5.10939046069807
"H1-2" -1.36039067492689 1.01099196772226 -1.80121126517725 0.0778710133272878 0.240865732399601 -5.15852658299942
"LASP1" -1.24088214571247 0.588559131748599 -1.79375196233331 0.0790709895823553 0.24190730355734 -5.17116981712219
"P62826" 0.477585869441744 0.748294253470853 1.79303003857836 0.0791879439678427 0.24190730355734 -5.17239101692384
"FLNB" 0.71065508828286 0.413331594768217 1.79162914862479 0.0794153072876047 0.24190730355734 -5.17475952377646
"H1-3" -1.36039067492689 1.0433624240056 -1.78756335846758 0.0800782826218357 0.24190730355734 -5.18162445138421
"H4" -1.20712408389225 1.60037448391229 -1.7872803287846 0.0801246060910999 0.24190730355734 -5.18210182799854
"HPX" 0.885811067302146 4.43467162277725 1.7700320902786 0.0829902831874023 0.249366041386909 -5.21106886771196
"KRT72" -1.85326546951331 1.78368945396979 -1.76051647155477 0.0846075595414489 0.253020711235328 -5.22694411888038
"SeRPINA3-1" 2.70777128116874 3.84999949266226 1.74368406993741 0.087532756812167 0.259687271266123 -5.25484197100832
"KRT4" 0.836807810300707 0.841445248595557 1.74100341969296 0.0880062880423469 0.259687271266123 -5.25926307681716
"P12814" 1.22670082120008 0.537805322538134 1.74063555816164 0.08807143589691 0.259687271266123 -5.25986931086108
"MSN" 1.88828149602696 1.31140299204594 1.73269786367374 0.0894869864389357 0.262633899734737 -5.27292308584951
"KRT27" -1.89950085858897 0.822600485886249 -1.72191127052239 0.0914408151999117 0.267125714773816 -5.29057757370208
"UBB" 0.553890895440205 0.577739721944097 1.71309621110169 0.0930636636590524 0.268999010858972 -5.30493290461521
"P0CG48" 0.553890895440205 0.577739721944097 1.71309621110169 0.0930636636590524 0.268999010858972 -5.30493290461521
"SYNCRIP" 0.791506634285911 0.978798074633221 1.71149500483489 0.0933609879209429 0.268999010858972 -5.30753347762075
"P62979" 0.553890895440205 0.649622135978336 1.70760457365356 0.0940866680523262 0.26985767064099 -5.31384309150337
"O43707" 0.932292624434277 0.363742985490342 1.69294349404434 0.0968634005999331 0.276564732029673 -5.3375065466842
"CLU" -1.10961355975838 3.10692691815279 -1.68657091458233 0.0980912295066637 0.278808855039211 -5.34773566435444
"Q86Y46" 1.27886432093303 1.05126095261204 1.68067058945817 0.0992394685661993 0.280807644238887 -5.35717618631498
"CPN1" 1.59026127352683 2.23358421359915 1.67443383761653 0.10046517698032 0.283006815511528 -5.3671230219971
"RAP1BL" 0.795139919364108 0.558280460192407 1.66526803795715 0.102289082455331 0.286864049019173 -5.38168160930608
"P27348" 0.55773085401477 0.290054174300835 1.66272281138949 0.102800350137629 0.287022216534707 -5.38571172202786
"NCAM1" -0.811534804942575 0.308761910501216 -1.65344914359489 0.104680934971704 0.290276999479656 -5.40034916925484
"LIMS1" 0.460949160551729 0.626390033840329 1.65038832931199 0.105307777877275 0.290276999479656 -5.40516429513365
"P08727" 1.20709100050266 1.29650660735389 1.65020135222438 0.105346169383267 0.290276999479656 -5.40545818048507
"DSP" 1.23627242957275 1.36211428931009 1.62911960829442 0.109748790812737 0.301093421751465 -5.43840305272966
"eNO3" -1.49796044916596 0.800492843654084 -1.61822170879337 0.112082793531005 0.306165552892053 -5.45528478178158
"Q7RTS7" 1.13705622817827 1.14685695489893 1.61323055078528 0.113165145575142 0.306770355726681 -5.46298258216647
"CFD" -0.938836974358809 1.75420206290034 -1.61271909908565 0.113276533889567 0.306770355726681 -5.46377018309854
"FTH1" 0.507324004605255 0.282484824372127 1.59066519005775 0.11816493188847 0.317724889837341 -5.49751830801608
"AOCX" 1.38735169248983 0.648107272474439 1.58993966694941 0.118328603980626 0.317724889837341 -5.49862144620914
"TRAP1" -1.02442901069626 0.607607333279489 -1.57993411492836 0.120604522286992 0.322463786284289 -5.5137884049614
"LDHA" 1.45077553853367 1.61294037748063 1.57244938264949 0.122330033223619 0.325697261451913 -5.52507775851623
"YWHAB" 0.946185264149239 0.691992842911427 1.56573294978071 0.123895304620572 0.326165725578274 -5.53516710764962
"KRT25" -1.89950085858897 0.870916214072822 -1.56291632054625 0.124556501125322 0.326165725578274 -5.53938661484348
"MAPRe2" 0.613914760736386 0.42282012260482 1.56150051163016 0.124889928677237 0.326165725578274 -5.54150500456313
"HGFAC" 0.435311804247979 0.363443167339019 1.5613289636159 0.124930377478547 0.326165725578274 -5.54176156376888
"Q9BUF5" 0.824057319399056 0.589043054365598 1.56065030289035 0.125090500142539 0.326165725578274 -5.54277628750187
"LBP" -1.24431244690537 1.85962211188047 -1.55414252369964 0.126634328191992 0.3288323501611 -5.55248638622664
"P68133" 1.4569864046063 1.11980822651831 1.5500654041491 0.12760930270287 0.330006024612751 -5.55855106759493
"H2BC18" 0.502916661656195 0.730843712997558 1.54469483104663 0.128902762064987 0.33126093114261 -5.56651775436167
"H2AC6" 0.340598087099311 0.321811550347599 1.54369584191885 0.12914451515227 0.33126093114261 -5.56799689055557
"APOA4" -1.26902353944516 2.28641850567132 -1.54140063512598 0.129701325503428 0.331342252601875 -5.57139196761553
"MYH14" 0.558200309056864 0.505922711842503 1.53128977171046 0.132177104602447 0.335065021557293 -5.58629349825588
"MYH10" -1.39604517324417 1.59849695958135 -1.52569483686658 0.133563237869622 0.335065021557293 -5.59450117480537
"APOe" -0.855211768491976 3.49230270079397 -1.52340969365745 0.134132702370101 0.335065021557293 -5.59784560177713
"H2AC4" 0.340598087099311 0.328575956505916 1.51679680249717 0.135791566737185 0.335065021557293 -5.60749827225242
"H2AC25" 0.340598087099311 0.328575956505916 1.51679680249717 0.135791566737185 0.335065021557293 -5.60749827225242
"TIe1" -0.678180228410416 0.329321550699608 -1.51675923752266 0.135801036480035 0.335065021557293 -5.60755299596647
"SLC2A1" 0.272993229691095 0.273565477653511 1.51645781350416 0.135877041405847 0.335065021557293 -5.60799205835435
"CRYZL1" -1.37023821097633 0.725116975696209 -1.51645539530373 0.135877651298892 0.335065021557293 -5.60799558045005
"COLGALT1" -0.598905025364789 0.276744504294037 -1.51539128331023 0.136146241978414 0.335065021557293 -5.60954495862473
"PFKL" 0.596375441849276 0.353274024389126 1.51411620793485 0.136468637940134 0.335065021557293 -5.61140020422222
"KRT28" -1.69084620130156 1.15356301224141 -1.51151795118122 0.137127473221902 0.335377657376048 -5.61517629747705
"HRNR" 0.48946513973468 0.465822623919104 1.50386036193667 0.139083914466212 0.33884922790803 -5.62627090685019
"P62987" 0.553890895440205 0.600125432816278 1.49571881747653 0.141188239324354 0.342652996206414 -5.63801044184253
"AOC3" 1.07132073013106 0.499763080736666 1.4917994118371 0.142210236101775 0.343810953947203 -5.6436412530446
"F12AI" -0.931108357142017 4.11224061514221 -1.48834261790795 0.143116458442147 0.344681241515247 -5.64859627937765
"PKP1" -0.90783946133238 0.315565674847234 -1.48622902839341 0.143672797285035 0.344705456604019 -5.65162077143647
"HSP90B1" 0.602938252803211 0.401908665735753 1.46260009767778 0.150009424927367 0.358545254277154 -5.68516596568029
"KRT6C" 1.3713752744899 2.16427141361773 1.45608849676818 0.151793748982599 0.358917856500229 -5.69432388318002
"ACe" 0.618958598557893 0.353554485651329 1.45598495879304 0.151822254718599 0.358917856500229 -5.69446919701239
"PGK2" 0.477585869441744 0.431077244658023 1.45580525702891 0.151871739596769 0.358917856500229 -5.69472138300808
"P54652" 0.726374277909351 0.339616098038885 1.45329464833561 0.152564416538732 0.359209503119179 -5.69824168706298
"MFGe8" 0.384846468517949 0.28800563179801 1.44291111222439 0.155455589168887 0.362866087777211 -5.71274206961099
"H2BC12L" 0.502916661656195 0.477914723900764 1.44153251783964 0.15584264625614 0.362866087777211 -5.71466008095897
"H2BC13" 0.502916661656195 0.477914723900764 1.44153251783964 0.15584264625614 0.362866087777211 -5.71466008095897
"HP20" 0.743408219559599 0.680981753881348 1.42116500972619 0.161649308798058 0.37415072017264 -5.74280089135449
"GSTP1" 0.631757422483553 0.538057025454663 1.4203848478836 0.161875034242679 0.37415072017264 -5.74387148896277
"KRT15" 1.34863908179609 0.898171136215576 1.4172771459797 0.162776626030885 0.374861500093023 -5.74813075031089
"COL1A1" 1.26728622944985 1.249747684195 1.41344207287399 0.1638946168098 0.376063648025395 -5.75337508355934
"GAPDH" -0.723075107839954 3.07871804506745 -1.4077815109441 0.165555658746236 0.376395972235075 -5.76109181861875
"LDHB" 1.19419987875417 1.58525526685111 1.39818255769649 0.168402198978377 0.376395972235075 -5.77411236558344
"ARF4" 0.529146842193538 0.30652531458429 1.39620718826911 0.168992661448865 0.376395972235075 -5.77678168056447
"O60814" 0.502916661656195 0.497880389597874 1.39482084246403 0.169408012860161 0.376395972235075 -5.77865297087751
"H2BC14" 0.502916661656195 0.497880389597874 1.39482084246403 0.169408012860161 0.376395972235075 -5.77865297087751
"H2BC9" 0.502916661656195 0.497880389597874 1.39482084246403 0.169408012860161 0.376395972235075 -5.77865297087751
"H2BC5" 0.502916661656195 0.497880389597874 1.39482084246403 0.169408012860161 0.376395972235075 -5.77865297087751
"H2BC15" 0.502916661656195 0.497880389597874 1.39482084246403 0.169408012860161 0.376395972235075 -5.77865297087751
"H2BC4" 0.502916661656195 0.497880389597874 1.39482084246403 0.169408012860161 0.376395972235075 -5.77865297087751
"P12259" 0.833069231361346 0.759135697267659 1.39235552757493 0.17014857443357 0.376714913921342 -5.78197641988179
"P02647" 0.897239678695462 0.803771327597334 1.36137110952563 0.179670542595886 0.396405987335679 -5.82328289203543
"TTR" 0.594685179070686 3.61322770476154 1.35645353241777 0.181218642855392 0.398428444744781 -5.82975963704104
"LUM" -0.723241910533821 3.19119097981736 -1.34370326419433 0.185280082087708 0.405943513185221 -5.8464513562759
"PFN1" 1.20249739343428 1.79396376116169 1.34083216025255 0.186204141851064 0.406556448124642 -5.85018983367133
"SeRPINF1" -0.442416614845827 4.38231994384435 -1.33685700468805 0.18748933031589 0.407950922170091 -5.85535365420104
"GAPDHS" -0.665570490529416 0.322370115713481 -1.33247686408609 0.188913259044314 0.409636654491278 -5.86102707978101
"GPX3" 0.555160112614519 0.481329126730382 1.32645424652165 0.190884540098733 0.412493646583221 -5.86879970693278
"KRT83" -1.13260759556209 0.457778587254636 -1.31816953389182 0.193621689242856 0.416980497994001 -5.8794382598342
"CATHL4" -0.832364119452216 0.921576588262768 -1.31525387944245 0.194592016483715 0.417644770072191 -5.8831675596887
"P00558" 0.547791605759483 0.750630568987068 1.30732593261912 0.19724902545594 0.420673688241745 -5.89326902808986
"P26583" 0.807425350377188 1.11725100709765 1.30706592494563 0.197336627130834 0.420673688241745 -5.89359935642538
"HNRNPK" -0.678180228410416 0.431388864781368 -1.29879041964897 0.200140167182407 0.423904543728686 -5.9040810462134
"ADIPOQ" -0.575350109715405 2.93752513994763 -1.29862706890128 0.200195806705465 0.423904543728686 -5.90428732065368
"UBA1" 0.508785268560993 0.371507614924474 1.29369122324407 0.201882519991257 0.426046388342752 -5.910508751641
"P61981" 0.313715485632052 0.3862453650712 1.28234477287111 0.205800377112162 0.430771809346134 -5.9247266802977
"eZR" 1.10051019448765 1.29807461408825 1.28143290074756 0.206117696777975 0.430771809346134 -5.92586424713584
"CP" 0.872448195835375 0.486714698212137 1.28114044749466 0.206219544277012 0.430771809346134 -5.9262289245841
"TGFBI" -1.27929737022995 2.44310842150736 -1.27932566130963 0.206852390224847 0.430771809346134 -5.92849015219848
"P00734" 1.01966447076452 0.971546688862607 1.27676762205736 0.207746887484751 0.43121146711473 -5.93167239043235
"RDX" 0.54151322331007 0.501332519865363 1.27330464660054 0.208962427873794 0.432312432748735 -5.93597090129881
"HMGCR" -0.711477294384205 0.299332174844075 -1.26610873946587 0.211505242420019 0.436143163290953 -5.94486811180353
"TIMP3" -0.58253282314706 0.303581002833819 -1.26111124931958 0.213284726975173 0.438120959909436 -5.95101939002801
"SeRPINA3-7" -0.678690883895866 4.02428387310896 -1.25952180027588 0.213853020050882 0.438120959909436 -5.9529710293221
"SeRPINA3-4" 1.26097262562776 4.28063114130312 1.25481998220335 0.215540705055152 0.439402754541676 -5.9587307691435
"ADORA1" -1.06916553726182 0.406560103967575 -1.25377352159947 0.215917667118921 0.439402754541676 -5.9600099421081
"CTSC" 0.672213320562389 0.512298981811556 1.25197202143671 0.216567760162379 0.439402754541676 -5.96220971924543
"CAPN1" -0.598905025364789 0.388832623725532 -1.24655500045666 0.218531305627004 0.441548652402986 -5.96880648650517
"P61284" -0.489137394723821 0.272669072133968 -1.24473301782326 0.219194687463402 0.441548652402986 -5.97101924525565
"P02765" 1.12720351365361 1.06939274474532 1.24282987188661 0.21988921147827 0.441548652402986 -5.97332733531382
"ILK" 0.728534462966952 0.589892980239292 1.24068069394041 0.220675477068761 0.441548652402986 -5.97592982597074
"ASL" -0.599197888801276 0.347499488022769 -1.23945667451186 0.221124206274712 0.441548652402986 -5.97741013228049
"RPS25" -0.761851020038929 0.528543909319453 -1.23001002829814 0.224610077996669 0.447094508567501 -5.98878860865774
"CST3" 0.394903381403906 0.296271887536228 1.22515625560919 0.226416820663198 0.449273628422887 -5.99460318926888
"APOC3" -0.925759547875456 1.19778688740857 -1.21618632739809 0.229783830565245 0.454525382716833 -6.00529187461048
"APOM" 0.610982304095534 0.449846401681055 1.20219982565269 0.23510692712028 0.463601471915303 -6.02181096946076
"FLNC" 0.418464614142658 0.271711608969947 1.19834499105352 0.236589734186854 0.463813670768601 -6.02633219794613
"TRPC4" -0.413019762201408 0.269665615237759 -1.19809889026362 0.236684630725023 0.463813670768601 -6.02662037835251
"GPI" 0.91883124574739 1.05996408749265 1.19105084099209 0.239414144982617 0.467709986018672 -6.03484987254914
"MAN2B1" 0.504107193426403 0.257721982999801 1.18671538622493 0.241104476654595 0.469058161722114 -6.03988933357553
"TUBA8" 0.957378525090712 0.601496485451664 1.1854716919905 0.241590970776049 0.469058161722114 -6.04133178493529
"PGK1" 0.976700587644526 1.44964417635107 1.17777974676458 0.244615649716315 0.473473849604278 -6.05022129299175
"TUBB4B" 1.19588645205511 1.99452773543662 1.17316445183476 0.246443612769728 0.47555327112446 -6.05552892958962
"BRN" -0.711477294384205 0.463884710841 -1.16558995344227 0.249464971086138 0.47991584376632 -6.06419702505723
"RAB8A" 0.387984594292695 0.302377082886402 1.14443489489175 0.258044525544186 0.494912144736722 -6.0881251925941
"CNTN1" 0.780912128210971 0.660028748805807 1.13790560361006 0.26073464553718 0.497946724378525 -6.09542659243902
"ACO1" 0.530115411218704 0.368919030414894 1.13676889138554 0.261205017067024 0.497946724378525 -6.09669367980645
"CLIC1" 0.514161463286134 0.656642505144377 1.11746712693712 0.269284549522582 0.511126580482527 -6.11802592429388
"THBS2" -0.826090840675438 0.556608593747009 -1.11639431855126 0.269738750080319 0.511126580482527 -6.11920142023705
"P63000" 0.507324004605255 0.56948871392229 1.10656874877571 0.273923868866107 0.517502878007526 -6.12991759419804
"P21291" 0.222018995907085 0.410715326481604 1.10095701337704 0.276334567588853 0.520498842234525 -6.13599759863503
"GALK1" -0.382744753785065 0.276395954789196 -1.09815286231224 0.277544752360456 0.52109232391645 -6.13902472973001
"COL6A3" 0.504107193426403 0.260466421892031 1.09452227948515 0.279117121340661 0.52109232391645 -6.1429331022795
"KRT77" 0.871036942263994 1.11212838504281 1.09449926508145 0.279127108532108 0.52109232391645 -6.14295783833647
"PYGB" 0.467410199596435 0.383107542668964 1.07588607986801 0.287286532742569 0.534742779234693 -6.1628012824569
"C4" 0.437554946514281 4.59241938916497 1.06883541860907 0.290420247960535 0.538985813126757 -6.17023328311524
"KRT10" -1.78342254520594 1.86919749840774 -1.0618725361918 0.293538146271888 0.542580494011324 -6.17752702679762
"eeF2" -0.616798917924278 0.411835233384375 -1.06067456975787 0.294076908006138 0.542580494011324 -6.17877733300971
"ACTN3" -0.507731289452205 0.28601249898022 -1.05646148826617 0.295977086118477 0.543099533666876 -6.18316378880736
"VASP" -0.545063328341949 0.502140227184709 -1.0562346837857 0.296079618987964 0.543099533666876 -6.18339945397727
"P07737" 0.222527893961065 0.41744026887899 1.0521601438905 0.297925796696484 0.544901964392699 -6.18762494700304
"HBG1" 0.222527893961065 0.477156268145192 1.04618320194002 0.300648275952705 0.546014629246774 -6.1937951011719
"HBG2" 0.222527893961065 0.477156268145192 1.04618320194002 0.300648275952705 0.546014629246774 -6.1937951011719
"C9" -0.87176122357425 2.59736352446115 -1.04512929081049 0.30113009663689 0.546014629246774 -6.1948795988735
"HMGB1" -1.08690897377362 1.37648863820139 -1.04307265871438 0.302071861584948 0.546152850028946 -6.19699291076697
"TUBB6" 0.858716861458833 0.781667074279942 1.03541053875182 0.30559824524629 0.550949979286883 -6.20483116798065
"CAP1" 1.05056716324636 1.32920007249191 1.0237974869608 0.310996465758804 0.557013481964034 -6.21660579413454
"P11021" 0.508785268560993 0.437578763486024 1.02268733066366 0.311515888422454 0.557013481964034 -6.21772474039727
"PPIe" -0.632357561215716 0.534199470938428 -1.02085112764709 0.312376309541343 0.557013481964034 -6.21957293113469
"RBP4" 0.888793388768653 1.85734450256641 1.02060341471864 0.312492508106605 0.557013481964034 -6.21982201783436
"GFAP" -0.805902466600042 1.07772854627193 -1.01142942254136 0.316816575932265 0.562177537544162 -6.22900610769588
"FHL1" 0.34595779595013 0.658231571395055 1.01068023042505 0.317171479184979 0.562177537544162 -6.22975261541966
"P09429" 0.596925279754303 1.13960692870907 0.999445318254469 0.322525856955189 0.57006671075273 -6.24088366584496
"AOCY" 0.504107193426403 0.299076449280129 0.995678933230902 0.324334386163213 0.571662004661977 -6.2445885228962
"F5" -0.802245301797507 4.62038982616386 -0.980808483069987 0.331541217277654 0.581323173752059 -6.25908487551026
"HBA" 0.342133874666261 4.52126570357216 0.980568833111393 0.331658229081999 0.581323173752059 -6.25931678131654
"CATHL1" 0.508276370507013 0.572803420151975 0.97460477209005 0.33457911440181 0.58481834123973 -6.26507057627539
"F11" -0.582218695307436 0.767003666770929 -0.926497956830196 0.358762223400573 0.620622348236891 -6.3102454954255
"LPA" 0.3787829116838 0.288490087895019 0.925974721889194 0.359031338400981 0.620622348236891 -6.3107247261025
"HBBF" 0.319013125966996 5.04709494072043 0.925379660022067 0.359337555043969 0.620622348236891 -6.31126942557373
"P05786" -1.10089056867086 1.54148494534518 -0.923500722115158 0.360305559826925 0.620622348236891 -6.31298712382847
"IGFBP6" -0.507731289452205 0.599377808165143 -0.922938320803367 0.360595629687637 0.620622348236891 -6.31350060793754
"CDH5" -0.686349653125587 0.991980297507352 -0.92067461927852 0.361764707093741 0.620622348236891 -6.31556436137309
"FMOD" 0.767447121199909 1.06522880756232 0.920320637710266 0.361947740334669 0.620622348236891 -6.31588663419833
"KRT74" -0.945823941275302 0.857335682092491 -0.917609122103555 0.363351767635078 0.621341369587356 -6.31835129105428
"TUBA1D" -1.0352781390648 1.70209257780935 -0.911771398210673 0.366386458483082 0.623869623007646 -6.32363370891058
"PROC" -0.695796948872968 1.68102634411129 -0.910963621117 0.366807654731912 0.623869623007646 -6.32436208269876
"KRT33B" 0.589506357270169 0.421834264019887 0.900081736225675 0.372512066979422 0.631868586731224 -6.33411348300913
"UTP15" -0.900128358800158 0.509960648013274 -0.897612733626633 0.373814195910122 0.632377366271546 -6.33631022205935
"PeBP1" 0.507324004605255 0.681304612077119 0.889985583867496 0.377854996576851 0.637011004081046 -6.34305944454096
"O00299" 0.216464337126916 0.309808546473659 0.888637062880679 0.378572308289053 0.637011004081046 -6.34424694688336
"FeTUB" -0.321149734953227 4.53036562922424 -0.883331535550203 0.381402831727033 0.64006698622276 -6.34890205845536
"ACTN1" 0.788762569220891 0.758090282966487 0.87822570653896 0.384139426487846 0.641283339474211 -6.35335647173708
"K2C4" -0.984212705795597 1.07211431784201 -0.878186988584389 0.384160225548735 0.641283339474211 -6.35339015443249
"CHAD" -0.507731289452205 0.459959781554867 -0.872352736875771 0.387302468045945 0.643506269334269 -6.35844922595494
"BCL2L14" 0.324724929495605 0.278345186011782 0.871928639142061 0.387531509266279 0.643506269334269 -6.35881570150012
"PF4" -0.58253282314706 0.493140774575256 -0.859185718125576 0.394453206105169 0.653280769166303 -6.36974667645465
"HSPA2" -0.711477294384205 0.692878943111484 -0.853513397046832 0.397558950638171 0.656700779719073 -6.37456224657709
"KRT24" 0.418464614142658 0.307843755544185 0.847814069994256 0.400694745693783 0.659684741405625 -6.37936957625454
"P29279" 0.216464337126916 0.375357173522509 0.846434072762029 0.401456324405325 0.659684741405625 -6.38052889092526
"GPLD1" 0.709504087394954 1.27736996011665 0.830582408646351 0.410268485116441 0.672414062619413 -6.3937141099159
"FABP1" -0.525277430342646 0.585698847704855 -0.828505101629244 0.411432012233641 0.672574092537377 -6.39542404316892
"YWHAZ" 0.524860864977233 1.67445722854013 0.825664443170775 0.413026367229735 0.673435756387501 -6.39775559234001
"THBS4" -0.569730704893056 2.70759369313272 -0.823637252065318 0.414166457717844 0.673554213453504 -6.39941470638655
"GAL3ST4" -0.489137394723821 0.370598323564226 -0.81969449244769 0.416389352741862 0.675428487352481 -6.40263022364498
"MAML2" -0.507731289452205 0.395914935966484 -0.803405642214846 0.425649533451111 0.688679116942695 -6.41575548799376
"FN1" 0.679131926021209 3.63302739964173 0.796827883600932 0.429423846947124 0.693008816940244 -6.42098304451636
"COL2A1" -0.420214248590177 0.598477585239702 -0.789294320538217 0.433771144962115 0.696014320790338 -6.42691878559817
"A1BG" -0.26407282868457 4.15117798268516 -0.789003999252354 0.433939200357533 0.696014320790338 -6.42714643226782
"PYGL" 0.265409922580693 0.289094199092255 0.78787118400787 0.434595312823127 0.696014320790338 -6.42803391469824
"HSPA5" 0.508785268560993 0.826080446789921 0.774667893364901 0.442285954654385 0.706198178444301 -6.43828610479922
"P13929" 0.400621952395491 0.395447519903641 0.771727226722271 0.444009703040253 0.706198178444301 -6.44054648982499
"APCS" 0.55434864350671 0.693876707081285 0.771212736799821 0.444311690716937 0.706198178444301 -6.44094109787682
"P02787" 0.65992788954931 0.814725741700157 0.769273623474047 0.445450968445848 0.706230052988267 -6.44242606897336
"SeRPINA3-6" 0.988339617354144 3.76802438787071 0.766616461557002 0.447014902338054 0.706933341792762 -6.44445499737772
"PPIA" 0.571877922074213 1.35382875730019 0.743148224270192 0.460966799799771 0.727175126684138 -6.46207699273918
"eeF1A1" -0.510525263375861 3.10639466574768 -0.733714994865639 0.466644846877007 0.734296504686762 -6.46900944573789
"CORO1A" 0.337476283208934 0.546552496626269 0.728503112794199 0.469799068392939 0.737420925761056 -6.47280250382973
"SeRPINA6" -0.690442117780444 1.96150691123315 -0.723622014363616 0.472764085819403 0.73932743858005 -6.47633084220595
"P80209" -0.345412714895321 0.368808821772609 -0.722647983086359 0.473357028821458 0.73932743858005 -6.47703215046602
"ITIH3" 0.527081435862612 4.69375702630809 0.699138736497031 0.487795582711823 0.759997562200395 -6.49367838060465
"HSPA1L" -0.627624592603466 1.39618597961092 -0.696639928986605 0.489344546864887 0.760533027270304 -6.49541601131263
"APOA1" -0.304179870631754 5.65700133956763 -0.694071638408425 0.490939424065583 0.761137043207328 -6.49719560555388
"C1S" 0.38600170335406 0.664569223577313 0.687835800700815 0.494823760023851 0.76527890337022 -6.50148966610234
"CPB2" 0.505471651574555 2.49092361437449 0.681921407607068 0.498523461275614 0.769115657860422 -6.50552726468077
"CKB" -0.281240625759608 0.278064743634779 -0.673956237215376 0.503529882365869 0.774944770177715 -6.51091082622762
"AMBP" -0.320004938819431 3.34141423414827 -0.658223443670892 0.513498458154585 0.788363812884533 -6.52136200333735
"TUBB2B" -0.73023251009095 0.765486657853197 -0.648067309202513 0.519989403512942 0.795165182648824 -6.52797987602127
"GSN" -0.234769046306038 4.6420356331314 -0.647351009357137 0.520448843793921 0.795165182648824 -6.52844280962208
"IQGAP1" 0.400621952395491 0.787962784654897 0.642458755669876 0.523592531588045 0.798035959980813 -6.53159114455727
"P00488" 0.216464337126916 0.373297292501453 0.640356647349688 0.524946393088991 0.798171503708804 -6.53293671358643
"CA2" 0.265409922580693 0.345645323777982 0.628024614654409 0.5329258899995 0.808356337955972 -6.54074316279176
"PCYOX1" -0.31386137683779 0.410504855434628 -0.625000415995257 0.53489232886461 0.809393428090094 -6.54263474996038
"ATIC" 0.319251619603533 0.543629985578278 0.609953623549278 0.544732053685988 0.822310827454207 -6.55191268861829
"TUBA4A" 0.520832734786362 2.94213655683537 0.595189524503979 0.554476237746707 0.835022687394206 -6.56079990520925
"SeRPINF2" -0.286596223349543 4.3277909011828 -0.589077622978165 0.558535623831313 0.838983366322689 -6.56441615720593
"TCN2" -0.326818820166937 0.440545433393437 -0.587230376529853 0.559765447261255 0.838983366322689 -6.56550188472108
"GNPTG" -0.250701187644523 0.334506007324156 -0.575032051318201 0.567920438717254 0.84918909201561 -6.57258709688756
"FLG2" 0.197341467890722 0.546101704521524 0.564658012940133 0.574901652036527 0.855972535875954 -6.57849726678158
"YWHAe" 0.385366379223331 0.894440115061187 0.564260283753218 0.575170135041845 0.855972535875954 -6.57872174308999
"TAGLN2" 0.528471869456195 1.7896858980515 0.560025083609672 0.57803284704463 0.85820876820038 -6.58110238715639
"SeRPINB12" 0.216464337126916 0.57571456833276 0.552787177842467 0.58294112477593 0.863464435994394 -6.58512989542953
"GC" 0.164950176347705 4.99867536177431 0.548330979578051 0.585972966398538 0.864556781589079 -6.58758380382434
"CSRP1" -0.290720789766963 0.533260908749307 -0.547676533915959 0.586418862947901 0.864556781589079 -6.58794253766109
"ARHGDIB" 0.192439507106409 0.279676009478865 0.544081838775612 0.588870941114193 0.865113976149793 -6.58990542194081
"YWHAG" 0.313715485632052 0.468170897201404 0.543103945582008 0.589538842701127 0.865113976149793 -6.59043719181456
"SeRPINA3-8" -0.469538814237197 2.76356503180944 -0.540643209077076 0.591221118491565 0.8655696653554 -6.59177113829683
"MBL" 0.20217448333687 0.373473500404577 0.531767379115812 0.597307880519264 0.872456649554758 -6.59653292811989
"PROS1" -0.636152709812878 2.03387790338065 -0.528610461374018 0.599479856683049 0.873606904311787 -6.59820780143986
"F2" 0.312994675616777 4.46967325870573 0.515979459837606 0.608206724667691 0.88428212733943 -6.60481041881509
"AHCY" 0.416361525799817 2.07720855762668 0.508113662527453 0.613670602098928 0.890175057297526 -6.60884232456439
"CHIA" -0.456350378430813 2.43697362564595 -0.502846395616181 0.617341876633997 0.892291552674097 -6.61150800288458
"FGA" -0.329675899301558 3.17249349353836 -0.50196402184712 0.617957858191094 0.892291552674097 -6.61195187013715
"VNN1" -0.376481354693448 2.79085309958901 -0.498856483589412 0.62012942180097 0.893382797160759 -6.61350893629024
"AFP" 0.152241553784845 5.63990601640145 0.488772181854837 0.627199864261701 0.901510511045862 -6.61849586048098
"P35625" -0.0697930374730123 0.334972889619899 -0.465204662828001 0.643861236033433 0.923355545311582 -6.6297572270889
"RPS4" -0.315398317783326 0.663552093265655 -0.461604517198685 0.646423020682963 0.924927269956802 -6.63142895705823
"RPS4X" 0.197341467890722 0.513292028294379 0.446017076501314 0.657564317581283 0.938740009940701 -6.63851843361348
"Q14CN4" 0.265409922580693 1.04825329384874 0.437272895097688 0.663849049965942 0.943881762165286 -6.64238972254385
"ALDOB" 0.197341467890722 0.356123696946491 0.436844352535583 0.664157690018046 0.943881762165286 -6.64257749560626
"Q02413" 0.270306034149756 0.973412188118829 0.427842565599526 0.670654360096684 0.947945590491096 -6.64647955649774
"COLeC11" 0.188064128225798 0.487477162491397 0.427457119421208 0.670933112207953 0.947945590491096 -6.64664483830973
"ITIH4" 0.185281554156809 5.50207756163405 0.426640202548457 0.671524055387512 0.947945590491096 -6.64699464883182
"PRDX6" 0.280841593531135 0.846047017692961 0.423877494247707 0.673524099582463 0.948646667045834 -6.64817274236574
"P05109" 0.197341467890722 0.687321161041491 0.420839494907115 0.675726189331167 0.949628564516629 -6.64945945764958
"TUBB4A" -0.393216053421527 0.741573985655821 -0.412101109175003 0.682076108253185 0.955863225608396 -6.65310929240708
"HSPA1B" -0.326039312096098 2.41794247840277 -0.408489891913952 0.684707096632321 0.955863225608396 -6.65459541460621
"HSPA1A" -0.326039312096098 2.41794247840277 -0.408489891913952 0.684707096632321 0.955863225608396 -6.65459541460621
"Q00610" 0.216464337126916 0.270744400877645 0.403354262263205 0.688455507490812 0.958974448624067 -6.65668650446048
"eRC1" -0.0697930374730123 0.453126800778874 -0.40095982696993 0.690205873596438 0.959294947663772 -6.657652472168
"eIF4A1" 0.138597810083569 0.281091213558205 0.39391717943354 0.695364029415182 0.962415038738776 -6.66046051456001
"RAN" -0.214472113124173 0.736928979129569 -0.392215700126469 0.696612416768321 0.962415038738776 -6.66113151328817
"AHSG" 0.112779733916328 6.27250171719331 0.391651689397531 0.697026422668179 0.962415038738776 -6.66135330078404
"SeRPINA3-2" 0.27587931077982 4.68780865363659 0.385436282596051 0.701594911796306 0.96383817381985 -6.66377639683378
"GSTA1" -0.286008005930411 1.18884112702396 -0.38348882149018 0.703028648515681 0.96383817381985 -6.66452769489697
"SeRPINA3-5" -0.315949973210949 4.1074092998534 -0.38342075185656 0.703078781674542 0.96383817381985 -6.66455388661591
"S100A9" 0.197341467890722 0.734901277775447 0.378386994351474 0.706789810780852 0.96383817381985 -6.66647796005972
"CFL1" -0.216994541372604 0.963123840118628 -0.375516669761162 0.708909123963132 0.96383817381985 -6.66756378024092
"LYZ" 0.143499770867882 0.618327282928133 0.365489722568246 0.716330706601048 0.96383817381985 -6.67129237365716
"AFM" 0.273276258552452 3.6330774368852 0.359611642035326 0.72069438485747 0.96383817381985 -6.67343152434138
"F9" 0.295801249956825 1.26479360370761 0.35402049299549 0.72485377920511 0.96383817381985 -6.67543424254149
"HSPA8" 0.319911710720262 2.18840594973386 0.35243563375372 0.72603432628563 0.96383817381985 -6.67599625162914
"TPI1" -0.197934404813069 1.16634827998241 -0.343642255436759 0.732596558204505 0.96383817381985 -6.67906890615918
"TBA1B" 0.301953717762831 2.81683154113251 0.338698720782055 0.736294676161239 0.96383817381985 -6.6807623938365
"CLTC" 0.216464337126916 0.392360977696785 0.33757004235979 0.737139896138839 0.96383817381985 -6.68114561654356
"HNRNPR" 0.13220723954273 0.274976810390274 0.337539682480532 0.737162635913997 0.96383817381985 -6.6811559071182
"NeFH" 0.1746917859518 0.384919047854502 0.332017476125178 0.741302737160759 0.96383817381985 -6.68301235303926
"C7" 0.251033202911333 3.19095786669979 0.325874623271948 0.745917233302076 0.96383817381985 -6.68504163196954
"O95678" 0.265409922580693 1.40815289159792 0.315611000662618 0.753648172740604 0.96383817381985 -6.68834801037572
"PGM1" -0.140976991340969 0.393637497378766 -0.314854855743847 0.754218748485574 0.96383817381985 -6.68858743204547
"FAP" 0.204837975267716 0.55780279319837 0.310436190714792 0.757555764815945 0.96383817381985 -6.68997509747678
"RPL12" -0.0697930374730123 0.361472331618091 -0.301950186630788 0.763977505494481 0.96383817381985 -6.69258531196004
"TUBB3" 0.334427594495574 1.54141251624483 0.301700077107488 0.76416703132323 0.96383817381985 -6.69266115002091
"HP252" 0.138597810083569 0.395237456647379 0.299756005477723 0.765640688968313 0.96383817381985 -6.69324849565566
"C3" 0.106170317847083 6.60985039740058 0.291383386861117 0.771997289988322 0.96383817381985 -6.6957348121796
"P62937" 0.0925255370838717 0.554483106393435 0.289813210633498 0.773191162158651 0.96383817381985 -6.69619327397791
"ACTN4" -0.164945022288097 0.364055589207912 -0.288415722707188 0.774254197749309 0.96383817381985 -6.69659923781701
"RPL22" -0.0697930374730123 0.348742198865514 -0.283799060058721 0.777769075580646 0.96383817381985 -6.69792645583782
"P11171" -0.0697930374730123 0.343269224856955 -0.280914649662564 0.779967497614095 0.96383817381985 -6.6987448447512
"GSTA2" 0.266833344710821 1.47844549928175 0.279821728093399 0.780800969067984 0.96383817381985 -6.69905276072035
"BLMH" -0.0697930374730124 0.34131178630279 -0.277426191610945 0.782628733294301 0.96383817381985 -6.69972348577759
"P35443" -0.0697930374730123 0.314705057137273 -0.275457280868496 0.784131914900387 0.96383817381985 -6.70027045624028
"TF" 0.0814111892456335 6.43319179890424 0.273942692479229 0.785288805998547 0.96383817381985 -6.70068857165168
"P16070" 0.0597004213502007 0.292146950984891 0.273227211616303 0.785835483478108 0.96383817381985 -6.70088528719299
"P07195" -0.0697930374730123 0.331726118496806 -0.271809610505966 0.786918951403446 0.96383817381985 -6.70127353016054
"RPL30" -0.0697930374730123 0.316838166991133 -0.27010699533937 0.788220816888233 0.96383817381985 -6.70173716955321
"P50395" -0.0697930374730123 0.305060164883725 -0.266300184420018 0.791133809474866 0.96383817381985 -6.70276329547554
"COL1A2" 0.201760493127006 1.33481183586698 0.265290399290726 0.791907009492912 0.96383817381985 -6.70303304623495
"P16402" 0.0925255370838717 0.535435086540311 0.255355070478337 0.799525705032762 0.96383817381985 -6.70563264649337
"Q06830" -0.0697930374730123 0.336582340418348 -0.252027308928065 0.802081973473884 0.96383817381985 -6.7064812421932
"H2AC7" -0.0697930374730123 0.298618059715194 -0.250761359726587 0.803055006224501 0.96383817381985 -6.7068011504996
"Q32LP2" -0.176373843488024 0.846657908552228 -0.248177115325125 0.805042281737046 0.96383817381985 -6.70744920725399
"SeRPINA1" -0.0858030128472116 6.29018619540095 -0.244991317789477 0.807493936777198 0.96383817381985 -6.708238901249
"P23526" -0.0697930374730123 0.434848844648397 -0.244368243741383 0.807973657082033 0.96383817381985 -6.70839215870607
"PGLYRP1" -0.239086452936978 1.52650722953648 -0.244136261913118 0.808152284729296 0.96383817381985 -6.70844911979793
"P00742" -0.0697930374730123 0.369009306496356 -0.243477879711489 0.80865929981151 0.96383817381985 -6.70861048582362
"CSTA" -0.0697930374730123 0.381212035195322 -0.241415043067458 0.810248409988325 0.96383817381985 -6.70911326164586
"B2M" -0.110658548587213 0.513877245340613 -0.241285017275547 0.810348602707878 0.96383817381985 -6.70914480990274
"A2M" 0.0756108721280953 6.85398639709391 0.238674751246872 0.812360645849968 0.96383817381985 -6.70977455393676
"DCD" -0.0697930374730123 0.409362076418307 -0.230922464580696 0.818343741430969 0.96383817381985 -6.71160455741638
"PIP" -0.0697930374730123 0.463104733121213 -0.219364021158976 0.827284559733868 0.96383817381985 -6.71422108209185
"PLG" 0.138944557733153 5.08341324061474 0.218715783156828 0.827786688279808 0.96383817381985 -6.7143638560855
"P02656" -0.0697930374730123 0.312947293834637 -0.214895892401868 0.830747063043578 0.96383817381985 -6.71519662033392
"P09210" 0.0925255370838716 0.330527392169844 0.212738841336686 0.832419852464892 0.96383817381985 -6.71566040375745
"ACTB" -0.0591779188375092 4.58489953713887 -0.211490590025739 0.833388227307393 0.96383817381985 -6.71592665473721
"ACTG1" -0.0591779188375092 4.58489953713887 -0.211490590025739 0.833388227307393 0.96383817381985 -6.71592665473721
"CD14" 0.177288258697482 0.896772712450706 0.208688324440728 0.835563130700947 0.96383817381985 -6.71651867920506
"LOXHD1" 0.0597004213502008 0.305129942147082 0.204142413920502 0.839094069256001 0.96383817381985 -6.71746231157248
"P62851" -0.0697930374730124 0.538293948984258 -0.201875508978961 0.840856092643 0.96383817381985 -6.71792511981349
"Q08554" -0.0697930374730123 0.505329989393162 -0.1999677323902 0.842339609871564 0.96383817381985 -6.71831061093701
"P18065" -0.0697930374730123 0.31297054960441 -0.197370837305049 0.844359923153012 0.96383817381985 -6.71882947484362
"P14923" 0.138597810083569 0.931804160540682 0.19287983099181 0.847856288240936 0.96383817381985 -6.71971080422145
"CTSD" -0.0697930374730123 0.404874234398911 -0.190999552549223 0.849321055484971 0.96383817381985 -6.72007378119293
"P46781" -0.0697930374730123 0.294764093673969 -0.188898846694412 0.850958173600911 0.96383817381985 -6.72047511126284
"SeRPINC1" 0.117520521979364 4.95379030804966 0.18846862938589 0.85129353172272 0.96383817381985 -6.7205567555274
"P05452" -0.0697930374730123 0.63467875107243 -0.188226387743391 0.851482373390599 0.96383817381985 -6.7206026450099
"ASS1" -0.098193246374131 0.346997363117123 -0.187632285197204 0.851945548570007 0.96383817381985 -6.72071494039132
"THeMIS" -0.0697930374730123 0.314023317558594 -0.186675748637657 0.852691395710131 0.96383817381985 -6.72089499707898
"HBe1" -0.0697930374730124 0.355476418673161 -0.185573772593452 0.853550815768344 0.96383817381985 -6.72110129189299
"S100A7" -0.0697930374730123 0.524428888572263 -0.184829099369021 0.854131680501379 0.96383817381985 -6.72124000745828
"P05543" -0.0697930374730123 0.424580065328214 -0.18439293786431 0.854471935851888 0.96383817381985 -6.721320995712
"PLeK" 0.0597004213502007 0.356570434842956 0.18212067431465 0.856245008654308 0.96383817381985 -6.72173982823128
"eeF1A2" 0.155688822496257 0.504483922437861 0.179512271735838 0.858281296726226 0.96383817381985 -6.72221422555179
"P08697" -0.0697930374730123 0.422768746850354 -0.178389886503843 0.859157803477649 0.96383817381985 -6.72241625373663
"P00338" -0.0697930374730123 0.339952528327364 -0.173963227564241 0.862616458704282 0.96383817381985 -6.72320071002636
"P51884" -0.0697930374730123 0.355631198281322 -0.168984820435921 0.866509451508505 0.96383817381985 -6.72405942314318
"P16403" -0.0697930374730123 0.413501804493008 -0.166574637127527 0.868395362482699 0.96383817381985 -6.72446620379845
"H1-4" -0.0697930374730123 0.413501804493008 -0.166574637127527 0.868395362482699 0.96383817381985 -6.72446620379845
"S100A12" -0.0697930374730123 0.286516449992109 -0.16104318708153 0.872726493188033 0.96383817381985 -6.72537770890566
"P35580" -0.0697930374730123 0.441271939685429 -0.1574743261635 0.875523012582341 0.96383817381985 -6.72594948878713
"RAP1A" -0.110791686801397 0.599993751912971 -0.155642973204415 0.876958665030818 0.96383817381985 -6.72623792699217
"ReG1" -0.0697930374730124 0.282004772270175 -0.155405451388649 0.877144896184042 0.96383817381985 -6.72627508976463
"RAC1" -0.0884534484511496 0.591880443610741 -0.153182121119175 0.878888457237447 0.96383817381985 -6.7266202036607
"Q14533" 0.0925255370838716 0.451527797045678 0.152903842311817 0.879106729499902 0.96383817381985 -6.72666304934372
"P05089" -0.0697930374730123 0.390389495787338 -0.152732709983656 0.879240964479164 0.96383817381985 -6.72668935938296
"IGFBP4" -0.0697930374730123 0.316080397760248 -0.152269074352643 0.879604654937617 0.96383817381985 -6.72676049124969
"CATHL2" 0.0597004213502007 0.348458948683919 0.152239411051725 0.879627924661719 0.96383817381985 -6.72676503489664
"IGLC3" -0.0697930374730123 0.303549571080174 -0.151280079565339 0.880380541167814 0.96383817381985 -6.72691150275913
"P02763" -0.0697930374730123 0.32012740065791 -0.151160127822444 0.880474653781694 0.96383817381985 -6.72692975157257
"CD44" -0.0697930374730122 0.274022207389356 -0.150518907568807 0.880977776539138 0.96383817381985 -6.72702705809306
"SeRPINA7" -0.0948868741542608 3.61633860496395 -0.149274440517644 0.881954367995954 0.96383817381985 -6.7272147292533
"P78385" 0.0925255370838717 0.434649580733642 0.148880267298541 0.882263732810256 0.96383817381985 -6.72727384771826
"Q08380" -0.0697930374730123 0.393787616540834 -0.148280296825732 0.88273465206851 0.96383817381985 -6.72736353208654
"CASP14" -0.0697930374730123 0.43547856288609 -0.147353242466008 0.883462384775832 0.96383817381985 -6.72750139792036
"P02753" -0.0697930374730123 0.304305999228133 -0.147137793206489 0.883631525837111 0.96383817381985 -6.72753331450124
"COMP" -0.123713081916184 2.11674356416753 -0.144267388558311 0.885885490724278 0.96383817381985 -6.72795408350681
"GDF6" -0.0697930374730124 0.295749412812816 -0.14412480133557 0.885997481311807 0.96383817381985 -6.72797476926398
"P36955" -0.0697930374730124 0.746790949493321 -0.142447688462805 0.887314891738916 0.96383817381985 -6.72821654152228
"Q7Z3Y7" -0.0697930374730123 0.378250244393938 -0.142310648003752 0.88742255438746 0.96383817381985 -6.72823617228983
"AZGP1" -0.0697930374730123 0.618569799322471 -0.141808659538741 0.887816948225082 0.96383817381985 -6.72830791988284
"ACO2" -0.0697930374730124 0.361765483052936 -0.141412942019039 0.888127869090712 0.96383817381985 -6.72836429995867
"KRT86" 0.0925255370838716 0.501964950096177 0.141234916306175 0.888267752209141 0.96383817381985 -6.7283896129325
"FKBP4" -0.0697930374730123 0.307773610383954 -0.140683899018777 0.88870073495048 0.96383817381985 -6.72846775860886
"KRT18" -0.0697930374730123 0.340387878901831 -0.140188233613083 0.889090252109451 0.96383817381985 -6.72853779346836
"POTeI" -0.0697930374730124 0.510637212644928 -0.137769891877188 0.890991092881185 0.96383817381985 -6.72887594995087
"RAB1B" -0.0697930374730123 0.359511205731281 -0.137258625145724 0.891393036762607 0.96383817381985 -6.72894668743517
"RASA1" -0.0697930374730123 0.310522415542501 -0.135127495681452 0.893068781071711 0.96383817381985 -6.72923871404088
"P01042" -0.0697930374730123 0.328975594078848 -0.134446425885221 0.893604422330674 0.96383817381985 -6.72933107758026
"CFL2" -0.0697930374730124 0.374442757648552 -0.131245493957314 0.896122526790534 0.96383817381985 -6.72975892659233
"SePTIN7" 0.0597004213502007 0.378903709138505 0.129723262929403 0.89732041360235 0.96383817381985 -6.72995877950425
"PSMe4" -0.0697930374730123 0.337757591140528 -0.128647931509533 0.898166768056069 0.96383817381985 -6.73009855494704
"P02749" -0.0697930374730123 0.451919943200276 -0.127751622450659 0.898872311811373 0.96383817381985 -6.73021417197367
"MPV17L" -0.0697930374730124 0.315558794847105 -0.126487193401094 0.899867767025639 0.96383817381985 -6.73037590010242
"DYNC1H1" -0.0697930374730123 0.327439591398445 -0.125944345511004 0.900295188319006 0.96383817381985 -6.73044484038881
"P00751" -0.0697930374730123 0.338174304148422 -0.125085457972192 0.90097151010914 0.96383817381985 -6.73055331160204
"P68871" -0.0697930374730122 0.444238308283867 -0.12287612523984 0.902711564908046 0.96383817381985 -6.73082892599399
"B4GALT1" -0.0856718962480354 0.604090201189785 -0.12264361042154 0.902894720111862 0.96383817381985 -6.73085764676834
"CATHL3" -0.0697930374730124 0.337409403174493 -0.122625400183561 0.902909064798459 0.96383817381985 -6.73085989384393
"K2CA" -0.0697930374730122 0.49157497204076 -0.121837615539359 0.903529654843439 0.96383817381985 -6.73095678428826
"MAP4" -0.0697930374730122 0.337161908363979 -0.120413629487047 0.904651576746356 0.96383817381985 -6.73113033822011
"P0DMV8" -0.0697930374730122 0.839672292936283 -0.120166205919984 0.904846535476768 0.96383817381985 -6.73116028601302
"P0DMV9" -0.0697930374730122 0.839672292936283 -0.120166205919984 0.904846535476768 0.96383817381985 -6.73116028601302
"Q06033" -0.0697930374730123 0.590504811827602 -0.118652268459561 0.906039578998962 0.96383817381985 -6.7313421900319
"P08729" -0.0697930374730122 0.723712998452794 -0.118630251043145 0.906056931227246 0.96383817381985 -6.73134481848482
"LeCT2" -0.0697930374730122 0.40535114520609 -0.116297157624451 0.907895934585244 0.96383817381985 -6.73162058175448
"Q08188" -0.0697930374730122 0.494699043019943 -0.115871197212322 0.908231742639338 0.96383817381985 -6.73167033779273
"TUBB2A" -0.0697930374730122 0.306442143454817 -0.114298310063422 0.909471882246845 0.96383817381985 -6.73185248435052
"KRT40" -0.0697930374730122 0.28844792166748 -0.112816711584683 0.910640253618493 0.96383817381985 -6.73202178364973
"ITIH1" 0.0876332189509341 3.80924768927212 0.112802558242872 0.910651415744648 0.96383817381985 -6.73202339027835
"IGFBP5" -0.0697930374730122 0.517686905947146 -0.109476194747672 0.913275273630277 0.96383817381985 -6.73239539746676
"SeRPINB3" -0.0697930374730124 0.783301319974117 -0.109400150344098 0.91333526947896 0.96383817381985 -6.73240377185674
"KRT33A" -0.0697930374730124 0.335776781552413 -0.108977406019033 0.913668806316424 0.96383817381985 -6.73245022053677
"P19827" -0.0697930374730123 0.489176403833407 -0.1080727979007 0.914382576665399 0.96383817381985 -6.73254900976076
"IGHG4" -0.0697930374730123 0.354738482674643 -0.106457687018719 0.915657137492858 0.96383817381985 -6.73272334400722
"KPRP" -0.0697930374730124 0.531270244173194 -0.103900085437953 0.91767591866912 0.96383817381985 -6.73299404310528
"Q8N1N4" -0.0697930374730124 0.896992418578169 -0.102967810122607 0.918411924569522 0.96383817381985 -6.7330910797883
"P02790" -0.0697930374730124 0.311598705911339 -0.102668836567438 0.918647971324079 0.96383817381985 -6.73312201357603
"Q14624" -0.0697930374730123 0.627085872180991 -0.102230360792912 0.918994171775218 0.96383817381985 -6.73316721856399
"P00738" -0.0697930374730123 0.333793307575117 -0.102023792175837 0.919157274414702 0.96383817381985 -6.73318844789614
"IGHA1" -0.0697930374730124 0.533600844183805 -0.101075893834406 0.919905761729069 0.96383817381985 -6.73328531429886
"KRT31" -0.0697930374730122 0.616384676505695 -0.100311466776643 0.920509428266111 0.96383817381985 -6.73336277331659
"POTeF" -0.0697930374730123 0.49537561069465 -0.0999436323108061 0.920799923271343 0.96383817381985 -6.73339983633263
"HSP90AB1" -0.0822718521623294 1.67089272268817 -0.0984706611466267 0.921963301970494 0.96383817381985 -6.73354688923819
"KRT84" -0.0697930374730124 0.579494009436698 -0.0980655535619881 0.922283293410487 0.96383817381985 -6.73358695017073
"P08603" -0.0697930374730123 0.361869046592644 -0.0980228549487214 0.922317021481141 0.96383817381985 -6.73359116300315
"RNASe4" 0.0597004213502008 0.790744822982162 0.0975567435458678 0.922685216993401 0.96383817381985 -6.73363703231445
"PRDX2" -0.0487009106287816 0.559004630605749 -0.0963494781553882 0.923638951714127 0.96383817381985 -6.73375482136153
"P02774" -0.0697930374730124 0.817341281900046 -0.0953542143208212 0.924425291265273 0.96383817381985 -6.73385082352884
"CFB" 0.0615003128554603 4.57360680274049 0.0937792747019689 0.925669777215593 0.96383817381985 -6.73400070463521
"IGHG3" -0.0697930374730123 0.378716402118438 -0.0930581670573938 0.926239644917112 0.96383817381985 -6.73406849695843
"P01009" -0.0697930374730123 0.384859138319171 -0.092132312438374 0.926971374604139 0.96383817381985 -6.73415477084139
"IGHG2" -0.0697930374730123 0.404079427542237 -0.091503799133568 0.927468143182692 0.96383817381985 -6.73421284618034
"P63267" -0.0697930374730122 0.706404285464378 -0.0882818736457354 0.930015163834836 0.96383817381985 -6.73450431553891
"IGHG1" -0.0697930374730123 0.493334150531808 -0.0853545330570241 0.932329948777905 0.96383817381985 -6.73476008064826
"eNO1" 0.0686908494699159 2.99192467694863 0.083482083258789 0.933810893088011 0.96383817381985 -6.73491915780077
"IGKC" 0.0597004213502008 0.647521334386395 0.0834676069997209 0.933822343472082 0.96383817381985 -6.73492037391506
"HP" -0.0697930374730123 0.619022881242853 -0.080460235306776 0.936201406987186 0.96383817381985 -6.7351684440596
"P62736" -0.0697930374730122 0.638998481544567 -0.0799531779318992 0.93660258704619 0.96383817381985 -6.73520937342889
"YWHAQ" -0.0506563369226344 0.514867348909609 -0.0796123403137002 0.93687226459241 0.96383817381985 -6.7352367402562
"P02751" -0.0697930374730123 0.622009498720353 -0.0783500739576823 0.937871059786669 0.96383817381985 -6.73533707325693
"C4B" -0.0697930374730123 0.648270272682259 -0.0763119106888951 0.939484012064518 0.963925872540993 -6.73549569543535
"C4BPA" 0.0546086282650045 1.09352212121896 0.0697773797891847 0.944656971607741 0.967659982280008 -6.73597606988872
"SeRPINA3-3" -0.0697930374730122 0.50964773980268 -0.0669278063268172 0.94691355906708 0.968399442092914 -6.73617209785715
"SULT1e1" 0.0301386163992475 0.516658063393535 0.0573921988845153 0.954467928983386 0.974545733314751 -6.73676865177577
"GGH" 0.0274514208579087 0.577545365003286 0.0461207384696045 0.963402876966404 0.982079507860745 -6.737355797345
"AGT" -0.0189982962297437 5.10974841269168 -0.0421435914999418 0.966556774181458 0.983705362110484 -6.73753245591207
"THBS1" -0.0204764554496251 3.82406536567389 -0.0394444480339235 0.968697518724346 0.984296512584642 -6.73764327967363
"ANG1" -0.0159513404501723 0.327357710119103 -0.0364060850167757 0.97110758256111 0.985158978450258 -6.73775925904714
"FGB" -0.0234708373018822 2.91781616788423 -0.0286736283918177 0.977242229040172 0.989791085913882 -6.73801250872703
"ACTC1" -0.031014188582887 3.14765073265295 -0.0259272798891495 0.979421434303147 0.99040853372642 -6.73808797349679
"BPT2" -0.0159513404501723 0.60882521501471 -0.0235053723970255 0.98134333021068 0.990668864430791 -6.73814822410307
"HPD" -0.0102479140785605 0.415668077339158 -0.0216460395391144 0.982818873428962 0.990668864430791 -6.73819047338767
"H2B1" -0.00982312401785357 0.855501407010386 -0.0166560752751635 0.986779131591326 0.991956038802629 -6.7382866594872
"H2BC12" -0.00982312401785357 0.94148834362549 -0.0160755015712566 0.987239924513552 0.991956038802629 -6.73829622299827
"RAP1B" -0.00705151608988697 1.39753022001263 -0.0095242234196723 0.992439845436144 0.995595457027356 -6.73838062548836
"TUBB5" 0.00665617390335038 2.02978074745611 0.00635456138183107 0.994955822077043 0.996535117032721 -6.73840595490159
"ALB" 1.77635683940025e-15 7.83356785233269 9.5617931315622e-15 0.999999999999992 0.999999999999992 -6.73842627690298
