"logFC" "AveExpr" "t" "P.Value" "adj.P.Val" "B"
"ACTBL2" 3.24453489989936 0.466625960054164 5.08552876984195 5.85642101536929e-06 0.00369540166069802 3.81084281169337
"P06733" -2.19293549634865 1.00307738353785 -4.55492349042794 3.53132987530287e-05 0.0111413457565806 2.19232698994079
"P26038" -2.32635272157423 1.1333406550057 -3.7822654945685 0.000425922392187679 0.0811308043501068 -0.0397326199841466
"RDX" -1.69183142581982 0.501332519865363 -3.72121165026018 0.000514299869097349 0.0811308043501068 -0.207733304753807
"AMY2A" 1.35174749435998 0.570364073266519 3.52022597590705 0.000947181396004652 0.119534292175787 -0.750368685791679
"P00558" -1.50214074028213 0.750630568987068 -3.35338297155792 0.00155310768416017 0.152915008744914 -1.18780357331706
"P15311" -1.53114234471416 0.776083929513556 -3.29930656997077 0.00181843510577717 0.152915008744914 -1.32687641422534
"ANXA2" -1.61010229923646 1.02910085649948 -3.27722096120235 0.00193870058630636 0.152915008744914 -1.3832806290792
"P35580" -1.5202066413384 0.441271939685429 -3.20851675071189 0.00236275999854772 0.165655728787068 -1.5572466646503
"DYNC1H1" -1.84082591019133 0.327439591398445 -3.10730095977194 0.00314957807738998 0.197656494826338 -1.80929254127665
"ATIC" -1.71874376384392 0.543629985578278 -3.07170050006025 0.00348062531798757 0.197656494826338 -1.89670755428059
"P07195" -0.835621270831461 0.331726118496806 -3.04415121303572 0.00375891907752148 0.197656494826338 -1.96390158248379
"Q86UX7" 1.2387816499071 0.290262389270065 2.91561011000034 0.00535513393899767 0.222517319410041 -2.27207377929901
"P63267" -2.46400961177437 0.706404285464378 -2.91545180278867 0.00535744112021487 0.222517319410041 -2.27244777389707
"PYGL" -1.04444606736448 0.289094199092255 -2.90020105947665 0.00558409507501613 0.222517319410041 -2.30841195625357
"KRT6C" -2.91621758863838 2.16427141361773 -2.89637911632162 0.00564227751277442 0.222517319410041 -2.31740458866429
"FBLN1" 1.54681363086852 1.2055395696611 2.79807875859725 0.00734686216642653 0.272698236883244 -2.54586554976827
"O43505" 0.648166511000231 0.29264576963563 2.73645507334224 0.00864648713829347 0.303107410236843 -2.68625106979058
"TUBB" -1.77454400961172 1.37916446976825 -2.6865772658982 0.00985009512792718 0.327126843459055 -2.79823727796291
"P62736" -2.46400961177437 0.638998481544567 -2.64040201135332 0.0110996569461746 0.350194176651809 -2.90057719829924
"P49747" 1.02450834105404 0.476961206766378 2.5419543322948 0.0142614147124212 0.428521556358943 -3.11439314356481
"POTeI" -1.33288670871735 0.510637212644928 -2.46115792320633 0.0174460275859235 0.500383791214443 -3.28530609247755
"O95678" -2.03751275801011 1.40815289159792 -2.26641450072345 0.0279109036880264 0.765729575093247 -3.67964095901657
"Q32LP2" -1.69183142581982 0.846657908552228 -2.22683822419813 0.0306211505947887 0.793136278263405 -3.75663407726866
"COL6A1" 0.788468188539335 0.906037327762269 2.21571395480952 0.0314237828155073 0.793136278263405 -3.77807968158439
"Q8N1N4" -1.59047245950772 0.896992418578169 -2.19492435014252 0.0329737819780959 0.800248324160712 -3.81792622334565
"VTN" 0.710892545950371 1.30500717022259 2.16187907679866 0.0355765332125999 0.831436757672242 -3.88063647667063
"P37802" 0.694955514139585 0.354293361291635 2.14288823520436 0.0371526845054273 0.837262282961593 -3.91632528843575
"P02649" 0.960156110141236 0.591694934187602 2.12461525262055 0.0387267826965284 0.842641375224462 -3.95042213105058
"SLC2A1" -0.39822742836755 0.273565477653511 -2.06925328031143 0.043857704748498 0.922473723210074 -4.05225914167929
"ITIH2" 0.703992203613031 0.271640739549629 2.03399510904426 0.0474255810418165 0.96534005281891 -4.11595468171727
"MYH9" -1.24576501408065 1.83979858127324 -1.97305970843143 0.0541863145798629 0.99486439776967 -4.22387857689433
"KRT17" -2.87266352766354 3.15566229471789 -1.95254882081383 0.0566413599668015 0.99486439776967 -4.25958431394701
"Q06033" -1.22500845764044 0.590504811827602 -1.94808121991106 0.0571885908568034 0.99486439776967 -4.26731977442078
"HABP2" 1.22903210363448 1.13805930585204 1.9466024663491 0.0573707174299934 0.99486439776967 -4.26987687030335
"F12" 1.30322172785483 1.40352742793015 1.93055514299545 0.0593793237116673 0.99486439776967 -4.29752044795263
"P16070" -0.447663111858857 0.292146950984891 -1.91646940101226 0.0611916899328073 0.99486439776967 -4.32162480248703
"HPX" 1.0242490337833 4.43467162277725 1.9144746824702 0.0614521239104189 0.99486439776967 -4.32502614784676
"KLKB1" 1.39522970596653 2.45522538487941 1.8986773842905 0.0635482552993779 0.99486439776967 -4.35185670151942
"O75083" 0.708639091697591 0.280586141774954 1.87874472089579 0.0662797302416932 0.99486439776967 -4.38543988210879
"KPRP" -1.34772271636753 0.531270244173194 -1.87675845067757 0.0665573044815223 0.99486439776967 -4.38876979600246
"ACTG2" -2.46400961177437 1.10752783647369 -1.85071218919225 0.0702894293787028 0.99486439776967 -4.43215569758733
"ACTA2" -2.46400961177437 1.10752783647369 -1.85071218919225 0.0702894293787028 0.99486439776967 -4.43215569758733
"P02771" 0.931765090822797 1.20445681963199 1.84845758569253 0.0706206569608671 0.99486439776967 -4.43588673816797
"AMY2B" 0.955555632871994 0.74822742113586 1.84623057905117 0.0709491250390414 0.99486439776967 -4.43956826705548
"TUBA1A" -1.42013640240702 1.19948842838369 -1.82644111643727 0.0739250496407152 1 -4.47211471423096
"SeRPINA5" 0.874424572859165 4.39741935957571 1.81938291530919 0.0750116075209304 1 -4.48364960683278
"CFD" 1.12746671347766 1.75420206290034 1.8116583479922 0.0762161260107408 1 -4.4962292356488
"COL1A1" 1.67862612469604 1.249747684195 1.75130304603527 0.0861984406870082 1 -4.59291663212914
"Q06830" -0.517271866252472 0.336582340418348 -1.74726343010051 0.0869037763710749 1 -4.59928595729535
"eDIL3" -0.897306574712966 0.874239341804051 -1.74286626750888 0.0876769947311491 1 -4.60620440618344
"eHD3" -0.556525472134749 0.929085257842862 -1.72835187652612 0.0902699876850582 1 -4.62893279128345
"HSP90AB1" -1.54127267766641 1.67089272268817 -1.72559584145406 0.0907694718385244 1 -4.63322969531944
"IQGAP1" -1.13593441499571 0.787962784654897 -1.7039929476913 0.0947645103638451 1 -4.66670176720057
"P19823" 0.668435371217511 1.72378064659439 1.68661924500861 0.0980818694827509 1 -4.69335154682533
"P05452" -0.66642394577534 0.63467875107243 -1.68121411739214 0.0991332343544801 1 -4.70159339594337
"MFGe8" -0.477606964900883 0.28800563179801 -1.67504604710398 0.100344311385383 1 -4.7109700355554
"P08729" -1.01982439416459 0.723712998452794 -1.62148439078216 0.11137982886559 1 -4.79110793608015
"Q08380" -0.814911241317535 0.393787616540834 -1.61951763803422 0.111803146971484 1 -4.79400645967518
"TUBB5" -1.77454400961172 2.02978074745611 -1.58471701191851 0.119512208094755 1 -4.84477437391015
"CCDC168" 1.35404069963264 0.497858398849557 1.58276217791602 0.119957682134294 1 -4.84759685588749
"KRT18" -0.836497580003785 0.340387878901831 -1.57169466606003 0.12250512221147 1 -4.86351774302876
"THBS3" 0.499752354422352 0.323629307052341 1.54827845315572 0.128038515156518 1 -4.89687166407296
"Q02413" -1.02975326294095 0.973412188118829 -1.52463348014866 0.133827490809653 1 -4.93009367192738
"Q14CN4" -0.985515842039059 1.04825329384874 -1.51880856993883 0.135285188521039 1 -4.93820700789059
"MBL" 0.615194245538277 0.373473500404577 1.51360182039686 0.136598869914593 1 -4.94543556055684
"KRT31" -1.10748926739104 0.616384676505695 -1.4889565815947 0.142955170805096 1 -4.97934552541747
"PKM" -0.565114806114431 1.39826985526521 -1.48378255598037 0.144318891272771 1 -4.98640045554061
"LDHA" 1.43961784804126 1.61294037748063 1.45957931110562 0.150835126521195 1 -5.01910567516208
"Q9BUF5" -0.821776618319067 0.589043054365598 -1.45581431873546 0.151869243951161 1 -5.02414919560028
"FLNB" 0.616551472302481 0.413331594768217 1.45399400296514 0.152371215975156 1 -5.0265834020462
"APOe" 0.869043909861909 3.49230270079397 1.44806745562606 0.154014550054033 1 -5.03448940037295
"THBS4" 1.0638134917486 2.70759369313272 1.43858615260886 0.156672401381157 1 -5.04707614192391
"POSTN" 1.03027783727316 0.858096457429997 1.40070079955789 0.167651781787659 1 -5.09661480315646
"P35443" -0.378540842423545 0.314705057137273 -1.39752288117535 0.168599206672744 1 -5.10071512739284
"Q00610" -0.801075071002903 0.270744400877645 -1.39629614233035 0.168966037585923 1 -5.1022956454957
"KRT77" -1.16890300303198 1.11212838504281 -1.37391985767123 0.175766021253466 1 -5.13090107648233
"WDR1" 0.750404258837376 0.49446527816826 1.37194314224809 0.176376707253441 1 -5.13340762940266
"C1S" 0.818777619573663 0.664569223577313 1.36478909877016 0.178600511190637 1 -5.1424514448387
"H2AC6" 0.321402736365942 0.321811550347599 1.36261487717734 0.179280603029464 1 -5.14519136135685
"ANXA5" -0.728858494861692 0.794981727204845 -1.35071362358314 0.183038509312367 1 -5.16011770395747
"SeRPIND1" 0.69398968943419 0.688028441939677 1.34726036887243 0.184140089672475 1 -5.16442608826718
"H2AC4" 0.321402736365942 0.328575956505916 1.33887118991561 0.1868372923609 1 -5.17485022542611
"H2AC25" 0.321402736365942 0.328575956505916 1.33887118991561 0.1868372923609 1 -5.17485022542611
"HSP90AA1" 1.36677069825909 2.00619567514892 1.33220704483235 0.189001241999515 1 -5.18308797343094
"KRT10" 2.34952069680303 1.86919749840774 1.30858349295415 0.196825742991139 1 -5.21198298025071
"C4" 0.56638729244521 4.59241938916497 1.29418322532951 0.201713911598824 1 -5.22936122127199
"O00299" -0.336768291248429 0.309808546473659 -1.29322260312114 0.202043213903626 1 -5.23051414328396
"P02751" -1.22500845764044 0.622009498720353 -1.28638339272565 0.204399388493782 1 -5.23869943527043
"P00734" 1.08945750823753 0.971546688862607 1.27605353956508 0.207997104152834 1 -5.25098581746811
"TUBB6" -1.10620020691246 0.781667074279942 -1.24767178010879 0.218125423231076 1 -5.28426765749791
"PGAM1" 0.522697902705729 0.402911325504952 1.24521050865872 0.219020689593585 1 -5.28712093163743
"DSP" -1.0003285452654 1.36211428931009 -1.23306359371307 0.223478891323519 1 -5.3011253061616
"C4BPA" 1.0271756934723 1.09352212121896 1.22772797054093 0.225458211818412 1 -5.30723622702491
"ACO1" -0.606826456261316 0.368919030414894 -1.21722337449024 0.229392690650948 1 -5.31919466247307
"HSPA1L" -1.16806679732835 1.39618597961092 -1.21277466597468 0.231074047627338 1 -5.3242300415029
"F12AI" 0.799537372708284 4.11224061514221 1.19548873547678 0.237692815122075 1 -5.34363129885317
"P02774" -0.934563907822816 0.817341281900046 -1.19437532823379 0.238123824108923 1 -5.3448719903998
"F11" 0.80123293593597 0.767003666770929 1.19267231714818 0.238784173706463 1 -5.34676758757898
"TUBA8" 1.02717156256372 0.601496485451664 1.18974673085523 0.239921690291056 1 -5.3500180808547
"IGFBP2" 1.50332703189233 2.40775523204748 1.18027137946199 0.243632886055623 1 -5.36049420092842
"P21291" 0.253509184403543 0.410715326481604 1.17592047608684 0.245350860628418 1 -5.36527823158548
"TUBA1D" -1.42013640240702 1.70209257780935 -1.1699384312068 0.247727178471664 1 -5.37182862089093
"CLTC" -0.801075071002903 0.392360977696785 -1.16857014295213 0.248273046307389 1 -5.37332248603233
"C5" 0.800388449436761 0.771532167322534 1.16089541385794 0.251350902827441 1 -5.38167103807736
"P01008" -0.812583612975884 1.58182119686144 -1.15799421742443 0.252521512610327 1 -5.38481344378328
"SeRPINA7" 0.770932012845193 3.61633860496395 1.13448672577492 0.262151202971126 1 -5.41000158883133
"P61224" -0.373671076027341 0.922756113454085 -1.13382164247561 0.26242740537664 1 -5.41070712201104
"P62851" -0.41900446618083 0.538293948984258 -1.13368973301143 0.2624822106681 1 -5.41084700762875
"NeFH" -0.633213848514405 0.384919047854502 -1.12575242194321 0.265794987533765 1 -5.41923593213542
"P61204" 0.366674561354502 0.540338427439164 1.12368059503289 0.266664565625836 1 -5.42141646343342
"HBA" 0.413603266483351 4.52126570357216 1.10884283872328 0.272951192686871 1 -5.43692155269042
"GSN" 0.425318316032241 4.6420356331314 1.09702646806371 0.278031915498545 1 -5.4491296195712
"SePTIN7" -0.538228582188167 0.378903709138505 -1.09398470727861 0.279350468356754 1 -5.45225212847332
"eeF2" -0.674634484591495 0.411835233384375 -1.08520332739407 0.283181622287952 1 -5.46122043824104
"P14923" -0.832262490781547 0.931804160540682 -1.08341488225317 0.283966365999563 1 -5.46303853964039
"ADIPOQ" 0.512631751962244 2.93752513994763 1.08233519256786 0.284440852296902 1 -5.46413475371464
"HGFAC" 0.31770069078397 0.363443167339019 1.06589925305939 0.29173221658942 1 -5.48069390899133
"CLeC11A" 0.257924841869269 0.313556625083039 1.06138207538682 0.293758638728907 1 -5.48520271530076
"ITIH4" 0.490964668601383 5.50207756163405 1.05750847957036 0.295504084127204 1 -5.48905461214928
"RAB1B" -0.572278130331594 0.359511205731281 -1.05278265425422 0.297643224576923 1 -5.49373579814182
"TLN1" -0.449498489812055 2.71389669310979 -1.04862892285831 0.299532197852626 1 -5.49783379714026
"P11171" -0.276482008283384 0.343269224856955 -1.04095795968526 0.30304232150199 1 -5.50536123424697
"FMOD" 0.921388314732645 1.06522880756232 1.03356412431318 0.306452224485183 1 -5.51256682729464
"P84077" 0.366674561354502 0.497523308665411 1.02932229352004 0.308420270637311 1 -5.51667853275368
"VNN1" 0.821043870141505 2.79085309958901 1.01765960989918 0.313875652066745 1 -5.52790018542062
"TTR" 0.476147273129673 3.61322770476154 1.01592847668842 0.314690959652369 1 -5.52955543925635
"P09429" -0.638075311979133 1.13960692870907 -0.99934405748743 0.32257439109169 1 -5.54527629785158
"P11021" -0.530447244732004 0.437578763486024 -0.997366029694402 0.32352344200352 1 -5.54713479845688
"P29279" 0.270718526553643 0.375357173522509 0.990213369349029 0.326970907869827 1 -5.55382580676115
"C4A" 0.553468509057875 1.69571761681544 0.987886531917653 0.328097689810312 1 -5.55599251758614
"LRP1" 0.536972087099485 0.614868001325349 0.98498937046608 0.32950427991702 1 -5.55868347597251
"CLU" 0.685952835409863 3.10692691815279 0.975284076103006 0.334245566660438 1 -5.56764278631849
"POTee" 0.540189717980612 1.22222899345803 0.974739455675013 0.334512965309217 1 -5.56814302367701
"SeRPINA3-8" 0.902806814967229 2.76356503180944 0.972384681755121 0.335670751943838 1 -5.57030281299026
"LUM" 0.553104628031427 3.19119097981736 0.961238387689062 0.34118717339075 1 -5.58045809711411
"TUBB4A" 0.978700713580616 0.741573985655821 0.959459119050827 0.342073261590725 1 -5.58206876534042
"P26583" -0.633190724211572 1.11725100709765 -0.958812490120184 0.342395663004468 1 -5.58265341060527
"P06396" 0.726669638170044 1.8637240805787 0.927813053186631 0.358086408508191 1 -5.61023656741902
"Q14533" -0.599725468631662 0.451527797045678 -0.927071655737468 0.358467303643168 1 -5.61088557592028
"P68032" 0.678889923645736 1.87318986533482 0.924379652150721 0.359852536396215 1 -5.61323791458745
"KRT33A" -0.630329969907108 0.335776781552413 -0.920653799339948 0.361775470803038 1 -5.61648278194367
"AGT" 0.440304950300435 5.10974841269168 0.913638691806467 0.36541399349704 1 -5.62255799708671
"P68371" -0.541661240922021 1.45345865388749 -0.904028200102973 0.370436764862469 1 -5.63080810516619
"P62826" -0.255808212820312 0.748294253470853 -0.898368688588939 0.373415204193459 1 -5.63562711415826
"AMY1A" 0.48514064300349 0.755503261094872 0.884817046344876 0.380608957957379 1 -5.6470473923835
"AMY1B" 0.48514064300349 0.755503261094872 0.884817046344876 0.380608957957379 1 -5.6470473923835
"AMY1C" 0.48514064300349 0.755503261094872 0.884817046344876 0.380608957957379 1 -5.6470473923835
"GPLD1" 0.798728622387296 1.27736996011665 0.874643556649 0.386066743818918 1 -5.65551056793793
"SeRPINB3" -0.592141550053825 0.783301319974117 -0.868231187233665 0.389531986510741 1 -5.66079628442596
"B4GAT1" 0.432006239420507 0.601513335851212 0.865500225719706 0.391013702708146 1 -5.66303598833092
"K2C4" -1.03534232400767 1.07211431784201 -0.864143814076546 0.391750950303061 1 -5.66414586421289
"H4C1" 0.366204348148531 0.852768548672937 0.859301962066504 0.394389718142631 1 -5.66809393632569
"JUP" -0.832262490781547 1.93676595742777 -0.8577815842346 0.39522059345462 1 -5.66932922910379
"KRT86" -0.599725468631662 0.501964950096177 -0.856321762280461 0.396019401268345 1 -5.67051332710357
"IGF2R" 0.703505619032555 0.877479878395385 0.840845452090621 0.404549664839746 1 -5.68294635183765
"P07996" 0.562043887651823 1.8511055360765 0.839554776336855 0.40526614715091 1 -5.68397329656244
"SeRPINA3-7" 0.483200215199147 4.02428387310896 0.838812354822203 0.405678635607586 1 -5.68456332182861
"eeF1A2" 0.762740352027621 0.504483922437861 0.822654463468816 0.414719867421574 1 -5.6972790244276
"AFP" 0.273344500831514 5.63990601640145 0.820895056423047 0.415711717273066 1 -5.69864912270987
"PYGB" -0.378506920433092 0.383107542668964 -0.814978129386517 0.41905791303443 1 -5.70323589368478
"S100A7" -0.327793306906781 0.524428888572263 -0.812011828662294 0.420741573908738 1 -5.70552322401971
"KRT7" 0.510428774520206 3.18158863035919 0.808624591425372 0.422669156231097 1 -5.70812522917066
"MST1" 0.567559136327151 1.60785553826297 0.802131973421407 0.426378801219386 1 -5.71308316703788
"KRT14" 0.485132081262988 2.44276934440136 0.799517419332426 0.427878175259467 1 -5.7150687348036
"eZR" -0.726582077334194 1.29807461408825 -0.791389907981156 0.432559244213205 1 -5.72120073209838
"KRT9" 0.285682981565659 2.75795260815414 0.790223398432921 0.433233599666043 1 -5.7220758307831
"ITIH3" 0.622376591645631 4.69375702630809 0.772223335780957 0.443718618754361 1 -5.73541987687034
"P00747" 0.563940755559645 1.01723332705427 0.770546400974973 0.4447029862388 1 -5.73664779366457
"KRT27" -0.908380174799107 0.822600485886249 -0.770269937355826 0.444865394747508 1 -5.73684998129434
"HSPA5" -0.530447244732004 0.826080446789921 -0.755487447601106 0.453600029541213 1 -5.74755792552204
"P63261" 0.204188813179962 2.45979019689723 0.753419846071816 0.454829633898729 1 -5.74903949609238
"P60709" 0.204188813179962 2.45979019689723 0.753419846071816 0.454829633898729 1 -5.74903949609238
"Q08554" -0.279517195617007 0.505329989393162 -0.749135501871241 0.457383689656083 1 -5.75209689720757
"ARF1" 0.366674561354502 0.648213854274732 0.746316342332309 0.459068814804043 1 -5.75409942911111
"Q86Y46" 0.60605945322164 1.05126095261204 0.74503621796279 0.459835179291145 1 -5.75500630627128
"CATHL1" 0.414172754526635 0.572803420151975 0.742872302652474 0.461132315267978 1 -5.75653583074297
"PeBP1" 0.449825804895332 0.681304612077119 0.738152257394959 0.463968998989046 1 -5.75985703873343
"P13647" 0.523104171440033 2.44539382196407 0.737237241421171 0.464520068437371 1 -5.76049848752478
"HSPA1B" -0.62847544961906 2.41794247840277 -0.736552469715263 0.464932718555761 1 -5.76097802105643
"HSPA1A" -0.62847544961906 2.41794247840277 -0.736552469715263 0.464932718555761 1 -5.76097802105643
"RBP4" 0.676095675294478 1.85734450256641 0.726220302466504 0.471184438175613 1 -5.76816061489975
"RPL12" -0.179435501499676 0.361472331618091 -0.726165483560001 0.471217734688458 1 -5.76819845884371
"P16402" -0.280855068921546 0.535435086540311 -0.725052015556613 0.471894334763234 1 -5.76896653132836
"THBS1" 0.402127260540255 3.82406536567389 0.724600524576658 0.472168840996899 1 -5.76927764247564
"P02749" -0.421939122350527 0.451919943200276 -0.722450583830968 0.473477247298031 1 -5.77075651431484
"CST3" 0.248536147297194 0.296271887536228 0.721263936334716 0.474200294401799 1 -5.77157092935495
"P68366" -0.324067196267403 1.76508982753113 -0.720540400184489 0.474641465696763 1 -5.77206686141379
"P08238" -0.484167396773974 1.08591880466753 -0.718373539882214 0.475964083401077 1 -5.77354917746408
"PARVB" 0.185662791985832 0.408945657906606 0.717906232377494 0.476249593456876 1 -5.77386828318856
"P34931" -0.383546697050893 0.704760182144938 -0.717551065277997 0.476466653991556 1 -5.77411067688629
"PFN1" 0.687566927006753 1.79396376116169 0.71714880528433 0.47671256284385 1 -5.77438506879584
"CPB2" 0.568234311959749 2.49092361437449 0.717082297662947 0.476753227065794 1 -5.77443042086407
"ACe" 0.322323990449294 0.353554485651329 0.709237916862636 0.481563169645204 1 -5.77975070737766
"AZGP1" -0.372287501009972 0.618569799322471 -0.707576065938293 0.48258565193916 1 -5.78087047408704
"ADAMTS13" 0.251013186992012 0.332982228000967 0.702017958959283 0.486014194020561 1 -5.78459688949625
"HPD" 0.354754091220507 0.415668077339158 0.700929617150648 0.486687129465999 1 -5.78532319755549
"ARHGDIB" 0.262232544579421 0.279676009478865 0.693522586058352 0.491280752156122 1 -5.79023699641287
"ARF3" 0.366674561354502 0.662656135431604 0.688892053214773 0.494164625522122 1 -5.79328290697999
"KNG2" 0.476355980168649 4.12277039415999 0.68875226632445 0.494251829087214 1 -5.79337454638485
"Q13509" -0.483223126207011 0.919595553811429 -0.687257676988053 0.495184732304908 1 -5.79435320829932
"FLG2" -0.256627308086117 0.546101704521524 -0.686869189818459 0.495427379662206 1 -5.79460724991725
"KRT75" 0.471041652876549 3.74408656908985 0.683850613394138 0.49731499775652 1 -5.79657637853927
"FLNA" -0.426422416124267 1.75658537855711 -0.683341971012008 0.497633457481976 1 -5.79690734812029
"ACTB" 0.204188813179961 4.58489953713887 0.682601647793304 0.498097171969634 1 -5.79738863937826
"ACTG1" 0.204188813179961 4.58489953713887 0.682601647793304 0.498097171969634 1 -5.79738863937826
"P00742" -0.208390847556581 0.369009306496356 -0.68003314193847 0.4997078371044 1 -5.79905448586507
"LIMS1" -0.201410462981691 0.626390033840329 -0.674557802007332 0.503150822034753 1 -5.80258505971798
"TG" 0.54850141425374 0.830439203374032 0.674331596910032 0.503293341026668 1 -5.80273031800638
"GGH" 0.423323978099408 0.577545365003286 0.665285900714995 0.509010495339899 1 -5.80849988428548
"S100A9" -0.369634634178354 0.734901277775447 -0.662970997544328 0.510479203323296 1 -5.80996410451645
"ARF4" 0.266307661013096 0.30652531458429 0.657296542170408 0.514089047031302 1 -5.81353212310298
"C9" 0.585652471944619 2.59736352446115 0.656774797548385 0.514421644435519 1 -5.81385867799879
"AOC3" 0.503354458678286 0.499763080736666 0.655645174817854 0.515142141930166 1 -5.81456482591717
"KRT3" 0.393128051775487 1.58048859238809 0.652759278966856 0.516985278826882 1 -5.81636343477155
"HBA1" -0.391585292693108 1.70191375070829 -0.652570618852113 0.517105893033645 1 -5.81648074429726
"CASP14" -0.327793306906781 0.43547856288609 -0.647368711326398 0.520437487014469 1 -5.81970219463554
"RPS25" -0.41900446618083 0.528543909319453 -0.632792433561832 0.529833364754168 1 -5.82859412626228
"LGALS3BP" 0.373857804763122 0.705418077214483 0.62732513415646 0.533380381073 1 -5.8318780153894
"CP" 0.455105983141129 0.486714698212137 0.62513478495792 0.534804877465296 1 -5.83318577194063
"KRT4" 0.320665610120457 0.841445248595557 0.624065697957101 0.535500877459182 1 -5.83382244140426
"P16403" -0.279276990025039 0.413501804493008 -0.623499282085333 0.53586981771839 1 -5.83415932277083
"H1-4" -0.279276990025039 0.413501804493008 -0.623499282085333 0.53586981771839 1 -5.83415932277083
"AMBP" 0.321985550263521 3.34141423414827 0.61952248605306 0.538463852079732 1 -5.83651609133229
"F13A1" 0.366518795338834 1.66628805992448 0.613014252423318 0.542723091655433 1 -5.84034106696914
"HMGB2" -0.633190724211572 1.45785418284916 -0.60849916678262 0.545688076006336 1 -5.84297129479928
"P54652" 0.32457091326139 0.339616098038885 0.60744483209157 0.546381632007066 1 -5.8435827337151
"KRT76" 0.548316478923848 1.50032032286503 0.596872621945095 0.553360981136221 1 -5.84965615626259
"P13645" -0.197019510938725 2.97643993189695 -0.591021384891541 0.557243007706595 1 -5.85297238464187
"P23528" 0.173167040050395 0.716620014092231 0.590906242344261 0.557319536485174 1 -5.85303731966612
"PGK2" -0.205358910199368 0.431077244658023 -0.58555728996296 0.560880489390447 1 -5.85604014209529
"FeTUB" -0.226185065854368 4.53036562922424 -0.581947920477507 0.563289752432638 1 -5.85805118767207
"ACTN3" -0.297639375065063 0.28601249898022 -0.579314171487908 0.565051027739423 1 -5.85951091082624
"HMGB1" -0.638075311979133 1.37648863820139 -0.572792542885118 0.569423971678651 1 -5.86309735640731
"P31946" 0.194452213991579 0.416300648724564 0.571302713889274 0.570425278282588 1 -5.86391104333937
"KRT33B" -0.398960921006931 0.421834264019887 -0.569807079532713 0.571431356050651 1 -5.86472579941639
"CDH5" 0.452375447878188 0.991980297507352 0.567627993124505 0.572898731864894 1 -5.86590910102003
"FAP" 0.399327426953705 0.55780279319837 0.566102454142338 0.573927111161608 1 -5.86673484849881
"TGFBI" 0.604415966659698 2.44310842150736 0.565391869691722 0.574406430038264 1 -5.86711872728041
"MYH11" 0.242873672417934 0.652544957969425 0.563797306731889 0.57548273988306 1 -5.86797842669696
"GDI2" 0.360670801483134 0.851446839452645 0.562370246825907 0.576446819636343 1 -5.86874578723959
"AOCX" 0.520194970184132 0.648107272474439 0.557653267715061 0.579639049355285 1 -5.87126855740866
"ALDOB" 0.267134505363735 0.356123696946491 0.553149324795223 0.582695064460041 1 -5.87365782418772
"LBP" 0.472675386678592 1.85962211188047 0.552240702469035 0.5833125213912 1 -5.87413751569743
"HSPA6" 0.310275236041311 0.711514689119529 0.55222181963983 0.583325356607447 1 -5.8741474763077
"KRT8" 0.412652157827684 1.37402142304736 0.549643557438497 0.585079150761116 1 -5.87550434228973
"KRT79" -0.455368604148504 2.41563447401021 -0.546298725525631 0.587358141468686 1 -5.87725529278829
"APCS" 0.419532750609726 0.693876707081285 0.545960345945185 0.587588931123994 1 -5.87743183991072
"TAGLN2" 0.550007191586852 1.7896858980515 0.54520270188266 0.588105834282506 1 -5.8778267437239
"LDHB" 0.487342639713751 1.58525526685111 0.533734523466785 0.595956343113495 1 -5.88373812623603
"PROC" 0.434976464214134 1.68102634411129 0.532706871895819 0.596662217530002 1 -5.88426178043233
"ACTC1" 0.678889923645737 3.14765073265295 0.530884348817175 0.597915038340019 1 -5.88518802086704
"KNG1" 0.257978479542085 4.54464354662345 0.51937031883083 0.605858221320592 1 -5.89096716924106
"CNTN1" 0.377374391686629 0.660028748805807 0.514375791405615 0.60931887792623 1 -5.89343509009042
"P05109" -0.256627308086117 0.687321161041491 -0.511923458599899 0.611021385617105 1 -5.8946382197722
"FLNC" 0.190618276550608 0.271711608969947 0.510612791940771 0.611932193615843 1 -5.89527891001657
"PGK1" -0.452003760065941 1.44964417635107 -0.509857376477686 0.612457427915384 1 -5.89564744035832
"Q7RTS7" -0.383623193856435 1.14685695489893 -0.509123776952181 0.612967690357055 1 -5.89600481143013
"P62258" -0.214841363522034 0.499107347535886 -0.508569395922439 0.613353423972097 1 -5.89627453915385
"H4" 0.366204348148531 1.60037448391229 0.507187198987583 0.614315625519458 1 -5.89694576580329
"MYH10" -0.490687123428737 1.59849695958135 -0.501622366862987 0.61819644058212 1 -5.89962989771076
"TUBB4B" -0.541661240922021 1.99452773543662 -0.497050752800109 0.621392848118955 1 -5.9018130466164
"HNRNPR" -0.206381199862461 0.274976810390274 -0.492882909803273 0.624313380208933 1 -5.90378614497026
"CTSC" 0.278214749172045 0.512298981811556 0.484698511104451 0.63006614386799 1 -5.90761287667624
"KRT13" 0.257708357094077 1.5651524960697 0.483801080069812 0.630698360907582 1 -5.90802862501618
"APOB" 0.401412896167049 1.56865439369341 0.481275603236941 0.63247898954354 1 -5.90919449670287
"COMP" 0.437255842635876 2.11674356416753 0.476971238994045 0.635518916442685 1 -5.91116765900058
"SeRPINF1" -0.168245454804429 4.38231994384435 -0.475555155815858 0.636520404725239 1 -5.91181296828897
"F10" -0.326665897610142 1.80481524069034 -0.474504672665669 0.637263774684106 1 -5.91229044612288
"RAP1B" -0.373671076027341 1.39753022001263 -0.472107155084669 0.638961777101743 1 -5.91337627718607
"ACTN4" 0.284875575050299 0.364055589207912 0.465949617195133 0.643331685875592 1 -5.91614005156849
"COLeC11" 0.218863385449289 0.487477162491397 0.46533286758782 0.643770088500137 1 -5.91641489575381
"PZP" 0.448716353100189 1.58382233784497 0.459779852510291 0.647723066933163 1 -5.91887326211765
"LTF" 0.493411392845571 2.26415786302272 0.457315210172327 0.649480847296068 1 -5.91995501025021
"KRT84" -0.347656726629012 0.579494009436698 -0.456939863592257 0.649748721052055 1 -5.92011924686418
"UBB" -0.155951237217611 0.577739721944097 -0.451180560128901 0.653864802357756 1 -5.92262252878688
"P0CG48" -0.155951237217611 0.577739721944097 -0.451180560128901 0.653864802357756 1 -5.92262252878688
"P62979" -0.155951237217611 0.649622135978336 -0.449734219845257 0.654900192628937 1 -5.92324623674441
"P12259" 0.287048375661841 0.759135697267659 0.448774497117342 0.655587606464716 1 -5.92365900410867
"P08727" -0.350828458555227 1.29650660735389 -0.448637703018343 0.655685611529043 1 -5.92371776674131
"C7" -0.369118934766994 3.19095786669979 -0.448218445680379 0.655986023249958 1 -5.9238977564694
"P09210" -0.205946803674536 0.330527392169844 -0.442939343242587 0.659773570550533 1 -5.92614983151147
"VASP" -0.243797678042223 0.502140227184709 -0.441923454831255 0.660503467046877 1 -5.92658017622004
"TLN2" -0.289929571600454 0.966455129892931 -0.438960862827321 0.662633933295037 1 -5.9278295769573
"QSOX1" 0.107687531873568 0.805070645396471 0.438612676153718 0.662884507496949 1 -5.92797586890262
"RAN" -0.255808212820312 0.736928979129569 -0.437595304721957 0.663616886521294 1 -5.92840266174308
"UTRN" 0.19721091582574 0.277898308571694 0.437204659721234 0.663898189739101 1 -5.92856627828619
"TUBB1" 0.169222667405601 1.29215683445709 0.433391153155412 0.666646853856452 1 -5.93015590256936
"LYSM" 0.213292808340895 1.03729602438514 0.431011965728843 0.668364046165245 1 -5.93114064737354
"P61284" -0.179435501499676 0.272669072133968 -0.427127705870537 0.671171378907678 1 -5.93273678500831
"FGA" 0.297210863198872 3.17249349353836 0.423305680348613 0.673938358490768 1 -5.93429335606137
"P62937" -0.144339673071339 0.554483106393435 -0.422908395940963 0.674226237008673 1 -5.93445435896614
"KRT80" 0.363772963783667 1.37415635638299 0.422660820019884 0.674405659285612 1 -5.93455461536022
"HP252" 0.208390847556581 0.395237456647379 0.421593777227524 0.675179180817232 1 -5.93498604999787
"Q14624" -0.306658247628223 0.627085872180991 -0.420171382730827 0.676210854409474 1 -5.93555948028051
"RGN" 0.24780870531262 1.02697867734299 0.418888421386176 0.677141934085066 1 -5.93607504928993
"A1BG" 0.149672294070918 4.15117798268516 0.418312583260686 0.677560000919417 1 -5.93630594603406
"APOD" 0.23257447141041 2.04941190125326 0.415124415086427 0.679876507402752 1 -5.93757861785196
"HRG" -0.294948249312958 1.90016836831577 -0.413163259822784 0.681303023788021 1 -5.93835668263729
"CSRP1" 0.233901341266288 0.533260908749307 0.412177975928047 0.682020149360473 1 -5.93874620194115
"KRT25" -0.529839332375562 0.870916214072822 -0.407797400816957 0.685212070206888 1 -5.94046682895611
"TUBB3" -0.483223126207011 1.54141251624483 -0.407779184813158 0.685225355514332 1 -5.94047394583594
"HRNR" 0.141543095369185 0.465822623919104 0.406797674541075 0.685941339516911 1 -5.94085694914474
"B2M" 0.199043344636931 0.513877245340613 0.405972926766449 0.686543194590903 1 -5.94117807233291
"F9" 0.360293550359533 1.26479360370761 0.403356362684203 0.688453972806565 1 -5.94219257288357
"PIP" -0.135228385300871 0.463104733121213 -0.39758060267213 0.692679042360061 1 -5.94440890521524
"CAPN1" -0.203032468123289 0.388832623725532 -0.395296535925155 0.694352610224174 1 -5.94527661081314
"P62987" -0.155951237217611 0.600125432816278 -0.393929570032969 0.695354941462238 1 -5.94579353926956
"P08697" -0.163896653453391 0.422768746850354 -0.391861180001842 0.696872637515815 1 -5.94657233471151
"HSP90B1" 0.170482984841163 0.401908665735753 0.386845747348119 0.700557934864011 1 -5.94844384637999
"PLeK" -0.135228385300871 0.356570434842956 -0.385881308245788 0.701267433762763 1 -5.9488009818025
"P04272" 0.383508523105064 1.21847887840817 0.383284261127715 0.703179310854097 1 -5.94975827413553
"OMD" 0.211141903053145 0.579161880070687 0.382359775139682 0.703860361027729 1 -5.95009749682601
"P01042" -0.210613618624249 0.328975594078848 -0.379513857432066 0.705958426959134 1 -5.95113664261908
"KRT20" 0.278621180886022 1.22298441785712 0.375715620862792 0.708762152600377 1 -5.95251149436203
"GSTP1" 0.177548440914746 0.538057025454663 0.373401937598128 0.710472031970467 1 -5.95334224461232
"GALK1" -0.13523000195067 0.276395954789196 -0.36293648773271 0.71822497437667 1 -5.9570362406773
"CHIA" 0.349369672401183 2.43697362564595 0.36010251589098 0.720329616034063 1 -5.95801858620556
"CFL1" -0.221350926918222 0.963123840118628 -0.358315655034831 0.721657748781405 1 -5.95863403334962
"NCAM1" -0.187493620077003 0.308761910501216 -0.357333893901513 0.722387838129579 1 -5.95897088471494
"COL1A2" 0.289781937722361 1.33481183586698 0.356418912996107 0.723068500945306 1 -5.95928399571276
"KRT15" 0.360404581970942 0.898171136215576 0.3542854961869 0.724656446470678 1 -5.96001096055002
"CLIC1" 0.173534838211009 0.656642505144377 0.352797854206726 0.725764452312486 1 -5.96051530798743
"P02675" 0.119781880353547 0.361465457081215 0.351209964254678 0.726947776789158 1 -5.96105131304557
"HBBF" 0.129289505372908 5.04709494072043 0.350815438392133 0.727241888961558 1 -5.96118411543299
"FN1" 0.318050536926875 3.63302739964173 0.349068400113901 0.72854477314354 1 -5.96177040616516
"GNPTG" 0.162318574556884 0.334506007324156 0.348263457692417 0.729145345446426 1 -5.96203955801675
"TUBA4A" -0.324067196267403 2.94213655683537 -0.346414534157037 0.730525486745412 1 -5.96265544955478
"H1-2" -0.279276990025039 1.01099196772226 -0.345891738994819 0.730915894119865 1 -5.96282900543429
"P27348" -0.123589706250198 0.290054174300835 -0.344652561807436 0.731841560525953 1 -5.96323934197829
"P13929" 0.191137999843464 0.395447519903641 0.344413481584755 0.732020200021157 1 -5.96331834151607
"KRT24" 0.181599403987448 0.307843755544185 0.344159946537255 0.732209656447589 1 -5.96340205779393
"BLVRB" -0.258292067755543 1.35086998416588 -0.343354074130348 0.732811963831654 1 -5.96366774639808
"H1-3" -0.279276990025039 1.0433624240056 -0.343270892525162 0.732874143260725 1 -5.96369513531444
"KRT16" -0.23097141552285 2.30697925096178 -0.3420088345793 0.733817771012574 1 -5.96410987871686
"P07737" 0.0761606598543529 0.41744026887899 0.336846557632853 0.737681856080811 1 -5.96579050622728
"P05089" -0.163896653453391 0.390389495787338 -0.335501194221485 0.738690020624162 1 -5.96622432390298
"KRT28" 0.396939602650808 1.15356301224141 0.331923239393691 0.741373455660026 1 -5.9673696420595
"TUBA1B" -0.188179732664119 1.66164867095912 -0.328702808550528 0.743791528223686 1 -5.96839006483362
"CD14" 0.297820152515966 0.896772712450706 0.327926327923491 0.744374942673206 1 -5.96863461821728
"CA2" 0.147709339976702 0.345645323777982 0.326942586785028 0.745114301055733 1 -5.96894362182517
"eeF1A1P5" 0.121442598490514 1.86671378928113 0.326881760784088 0.745160024508516 1 -5.96896269758819
"PROS1" 0.418575447400612 2.03387790338065 0.325351002197012 0.746311013936686 1 -5.96944159862024
"P02647" 0.22784637561563 0.803771327597334 0.323380784201751 0.747793295408252 1 -5.97005469202954
"GPX3" -0.143293486787133 0.481329126730382 -0.320261325164819 0.750142166792782 1 -5.97101782536096
"ILK" -0.200016556956487 0.589892980239292 -0.318625035793951 0.75137520742001 1 -5.97151931364806
"PFKL" -0.133890469001451 0.353274024389126 -0.317975124784565 0.751865135607847 1 -5.97171778808724
"APOA1" 0.148887196437921 5.65700133956763 0.317786326100829 0.752007478734753 1 -5.97177536914188
"APOA2" 0.169535032489453 2.08661494538222 0.315382398470365 0.753820657955188 1 -5.97250555773853
"VCL" 0.276545529599626 0.917727114954689 0.314044201818114 0.754830609600816 1 -5.97290964055222
"CLeC3B" 0.206066011627553 2.73407577761207 0.313338849141267 0.755363121097578 1 -5.97312194080195
"AOCY" 0.169484657220616 0.299076449280129 0.313134442519294 0.755517461884251 1 -5.97318337520119
"TIe1" -0.149101301960468 0.329321550699608 -0.311929886083316 0.756427187402993 1 -5.97354459380907
"TRAP1" 0.216160271579724 0.607607333279489 0.311843726710329 0.756492271503 1 -5.97357037788542
"GC" 0.0999290889885973 4.99867536177431 0.310731981006519 0.757332234908859 1 -5.97390244295712
"GAPDH" 0.170034835756492 3.07871804506745 0.309666181495461 0.758137761873383 1 -5.97421967567013
"CATHL2" 0.129493458823213 0.348458948683919 0.308888369785631 0.758725799818728 1 -5.97445050437504
"Q0VCM4" -0.247405156108536 0.998684414612892 -0.308831670844684 0.758768670746055 1 -5.97446730813243
"IGFBP3" 0.270718526553643 1.43521702137938 0.308630093291652 0.758921092775234 1 -5.97452702441364
"CORO1A" 0.151608406106434 0.546552496626269 0.306136746846254 0.760807223182659 1 -5.97526245449568
"YWHAB" 0.194452213991579 0.691992842911427 0.300994409846759 0.764701844252351 1 -5.97676045972525
"P61981" -0.0780275054133898 0.3862453650712 -0.298346259977551 0.766709860942457 1 -5.97752202789749
"CKB" 0.132846936088741 0.278064743634779 0.297789383311386 0.767132330850579 1 -5.9776813241779
"CAP1" 0.325754241621405 1.32920007249191 0.296950692740178 0.76776873121971 1 -5.97792067471516
"DDBX" 0.210375051790482 1.09075362379658 0.296553942846656 0.768069842256972 1 -5.97803366727256
"FAM124B" -0.163896653453391 0.542232326333978 -0.295869579093963 0.768589320969216 1 -5.97822821726517
"YWHAe" -0.214841363522034 0.894440115061187 -0.294257531187139 0.769813398280979 1 -5.9786847183705
"OGN" -0.18490017263992 0.903564955960522 -0.291488937796452 0.771917055022215 1 -5.97946293285875
"BCL2L14" 0.115240976943578 0.278345186011782 0.289451809749388 0.773466029190784 1 -5.98003086160187
"ASL" -0.149101301960468 0.347499488022769 -0.288500478802823 0.774189713360973 1 -5.98029472276153
"MYH14" 0.110721480277405 0.505922711842503 0.284120924370099 0.777523872392795 1 -5.98149827176629
"eNO3" -0.279276990025039 0.800492843654084 -0.282212897613614 0.778977781310217 1 -5.98201688089072
"PPIA" -0.231029623603192 1.35382875730019 -0.280830201106909 0.780031889532608 1 -5.9823905270016
"eIF4A1" -0.104787375554768 0.281091213558205 -0.278587446861994 0.781742554903365 1 -5.9829926973953
"P63000" -0.133365645099434 0.56948871392229 -0.272107796515529 0.786691013398226 1 -5.98470542063351
"FGG" 0.285681959693527 1.88977614221664 0.270587690701429 0.78785320226976 1 -5.98510140226735
"P01024" 0.178629750788649 2.16965196404416 0.269537230167674 0.788656611160718 1 -5.98537375111098
"MAPRe2" 0.11267122225779 0.42282012260482 0.268071773428011 0.789777802872677 1 -5.98575193019642
"P78385" -0.177786346281135 0.434649580733642 -0.267594976586322 0.790142687527687 1 -5.98587453033221
"P68104" 0.121442598490514 1.79940580014137 0.267478465639873 0.790231858624425 1 -5.98590445604587
"P68133" 0.26842218681423 1.11980822651831 0.267126491938801 0.790501257211883 1 -5.98599478121188
"P02765" -0.257795427417998 1.06939274474532 -0.265881784959852 0.791454155405333 1 -5.98631325277977
"LPA" 0.115102737525619 0.288490087895019 0.263207604243455 0.793502487184684 1 -5.9869924551542
"P00488" -0.0937995504331858 0.373297292501453 -0.259561544503501 0.79629761081239 1 -5.98790747135701
"CRYZ" 0.208390847556581 0.771489576565082 0.253578064137853 0.800890464670209 1 -5.9893815068349
"TF" -0.0799285422913245 6.43319179890424 -0.251583143971613 0.802423331196774 1 -5.98986533737469
"TCN2" 0.146779726510598 0.440545433393437 0.246701366854766 0.806177711248505 1 -5.99103324724144
"SULT1e1" 0.137865121806089 0.516658063393535 0.245577169156127 0.807042943224217 1 -5.99129896566718
"P05786" 0.308785653171435 1.54148494534518 0.242300454423938 0.809566232429651 1 -5.99206655293844
"UBA1" -0.101408943643548 0.371507614924474 -0.241199492052884 0.810414506800315 1 -5.99232215078465
"ASS1" 0.134284133409047 0.346997363117123 0.240024004295732 0.811320455289021 1 -5.99259376869151
"CHAD" -0.149101301960468 0.459959781554867 -0.239631365292477 0.811623120312238 1 -5.99268420019889
"GFAP" -0.202199502429945 1.07772854627193 -0.237376218563277 0.813362056674054 1 -5.99320073914533
"P01023" 0.204370921423281 2.29391897658004 0.228756563858667 0.820017318413186 1 -5.99513015806078
"ARG1" 0.162318574556884 0.789853158760867 0.22773278515445 0.820808680120781 1 -5.99535459013224
"CFB" 0.158676148333905 4.57360680274049 0.22633161426936 0.821892063656162 1 -5.99566012581782
"ITIH1" 0.185296026386951 3.80924768927212 0.223110658083377 0.824383827755146 1 -5.99635534532853
"PRDX6" 0.157353564734929 0.846047017692961 0.22215676477113 0.825122120854606 1 -5.99655932776614
"UBA52" -0.155951237217611 1.27572881511371 -0.221921825355966 0.825303983465119 1 -5.99660943382759
"KRT72" 0.249698516015026 1.78368945396979 0.22188219145112 0.825334664350892 1 -5.99661788142511
"PRDX2" 0.119834028147813 0.559004630605749 0.221766769192051 0.825424015103995 1 -5.99664247402738
"B4GALT1" 0.164767058999619 0.604090201189785 0.220638331014969 0.826297685048269 1 -5.99688223359166
"COL10A1" 0.113954610776927 0.836743477537966 0.219401274954994 0.82725570495864 1 -5.99714366882546
"COL3A1" 0.058339581019147 0.302753326489726 0.219276130999626 0.827352635649669 1 -5.9971700346247
"RAC1" -0.133365645099434 0.591880443610741 -0.216043550751542 0.829857377614835 1 -5.99784588461803
"CSN1S2" 0.17619149121648 0.825354632457218 0.215967837309999 0.829916065122551 1 -5.99786159431012
"SeRPINA3-4" 0.231110306601445 4.28063114130312 0.215129073859323 0.830566278427739 1 -5.99803526069337
"SeRPINA3-2" 0.164548281368141 4.68780865363659 0.215045737601966 0.830630887620802 1 -5.99805247867324
"APOA4" 0.187662443373356 2.28641850567132 0.213219661065907 0.832046909515108 1 -5.99842809031926
"HBG1" 0.0478361080092643 0.477156268145192 0.210369681339012 0.83425803383409 1 -5.9990079237726
"HBG2" 0.0478361080092643 0.477156268145192 0.210369681339012 0.83425803383409 1 -5.9990079237726
"SeRPINA3-6" 0.287616049983056 3.76802438787071 0.208683965307478 0.835566514940357 1 -5.99934722040136
"COL6A3" 0.102303828778443 0.260466421892031 0.207777073865743 0.836270653750938 1 -5.99952863001609
"HNRNPK" -0.115620542163617 0.431388864781368 -0.207125218813553 0.836776857962237 1 -5.99965853641623
"KRT6A" -0.179785589528834 2.4219735959836 -0.20687560108844 0.836970719435035 1 -5.99970817416353
"SeRPINB12" -0.0860301264100428 0.57571456833276 -0.205506797995379 0.838033958845292 1 -5.99997930548565
"C3" 0.0799285422913254 6.60985039740058 0.205195384785307 0.838275896632428 1 -6.00004073907674
"RPL22" -0.0538416970228399 0.348742198865514 -0.204796070481901 0.838586148087227 1 -6.00011937715814
"Q08188" -0.131159390209902 0.494699043019943 -0.20368864066459 0.839446712573519 1 -6.00033666636912
"Q04695" 0.135248876155225 2.00730714342483 0.203650178156681 0.83947660468383 1 -6.00034419197986
"MAN2B1" 0.0918520431541883 0.257721982999801 0.202263038050767 0.840554814920035 1 -6.0006146529517
"CL43" 0.136030270356881 0.940884828078096 0.200902078444527 0.841612975161797 1 -6.00087821599525
"RNASe4" 0.129493458823213 0.790744822982162 0.197939175324578 0.843917680985423 1 -6.0014458677975
"TBA1B" -0.188179732664119 2.81683154113251 -0.197446776985576 0.844300829103804 1 -6.0015393887254
"P02768" -0.0764067311486318 3.23301415862248 -0.196331174915917 0.845169048852719 1 -6.00175041410586
"PPIe" 0.129493458823213 0.534199470938428 0.19554717881041 0.845779311635565 1 -6.00189799926513
"ACTA1" 0.26842218681423 2.17781526642366 0.195545154633531 0.845780887379051 1 -6.00189837954796
"FTL" 0.109316354071096 0.686434797671335 0.193914847485313 0.847050224500576 1 -6.00220338967331
"P07900" -0.115223623888679 1.26570801424459 -0.193496500046068 0.847376010798898 1 -6.00228124622702
"P0CG53" -0.155951237217611 1.03241699431888 -0.192902271615245 0.847838809893817 1 -6.0023915465378
"F2" -0.123247848760624 4.46967325870573 -0.190054797936411 0.85005723741696 1 -6.00291539251354
"KRT6B" -0.212613130040287 2.22641661277503 -0.189735238793507 0.850306278301463 1 -6.00297369597466
"UBC" -0.155951237217611 1.09692025673344 -0.189348181234779 0.850607943104599 1 -6.00304418331605
"RPS27A" -0.155951237217611 1.43074905315533 -0.1878817239145 0.851751074334989 1 -6.00330993720762
"YWHAQ" -0.123589706250198 0.514867348909609 -0.181690799328559 0.856580529408451 1 -6.00440912700687
"CSN2" 0.129493458823213 0.719409121077165 0.180566106417045 0.857458487216454 1 -6.00460486757924
"CPN1" 0.176454864729531 2.23358421359915 0.173794957380157 0.862747986289244 1 -6.00575766193412
"P63104" 0.0596526952950334 0.884129142970355 0.172715944694112 0.863591484475481 1 -6.00593730068054
"IGKC" 0.129493458823213 0.647521334386395 0.169352816579747 0.866221571957133 1 -6.00649004028525
"DCD" -0.0538416970228399 0.409362076418307 -0.166639076684529 0.868344929967505 1 -6.00692813751786
"SeRPINC1" 0.109656806645974 4.95379030804966 0.164499651217477 0.870019608650164 1 -6.00726853651905
"eeF1A1" 0.121442598490514 3.10639466574768 0.163262045880208 0.870988644332404 1 -6.00746344322072
"F5" 0.14220762395209 4.62038982616386 0.162631226650685 0.871482647992121 1 -6.00756222335294
"P80209" -0.0821662488679285 0.368808821772609 -0.160799969406831 0.872917024188179 1 -6.00784681641798
"Q9BQe3" -0.139634805796426 0.969807632327124 -0.15748058244024 0.875518108820592 1 -6.0083544715965
"FTH1" 0.0533552286284151 0.282484824372127 0.156485599101758 0.876298053204143 1 -6.0085045803351
"RAB8A" -0.0537273780314937 0.302377082886402 -0.148243712786528 0.882763368413499 1 -6.00971145307596
"BLMH" -0.0383028489765541 0.34131178630279 -0.142419830644744 0.887336777412038 1 -6.01052492696439
"P02787" -0.130577789575008 0.814725741700157 -0.142382855398058 0.887365826060858 1 -6.01052998758382
"P04406" -0.0738677660365332 1.46040235764334 -0.1421029220738 0.887585753515278 1 -6.01056825808097
"CTSD" -0.05384169702284 0.404874234398911 -0.137829765249359 0.890944023965327 1 -6.01114311188771
"DSG1" -0.0889883882063807 1.03087995997917 -0.130252680987603 0.896903771987555 1 -6.01211931614924
"HP20" 0.0723882384891185 0.680981753881348 0.1294461632851 0.897538497226722 1 -6.01221997795227
"Q5XKe5" 0.0878127437330527 1.3958302434628 0.127464972592532 0.899097970172944 1 -6.01246459875353
"ORM1" -0.058005300723448 3.86425014046426 -0.126452446965689 0.899895124376545 1 -6.01258816114721
"YWHAG" -0.0780275054133898 0.468170897201404 -0.126356838169706 0.899970401893244 1 -6.01259977777277
"AKR1A1" -0.0506894916490335 0.457750447432581 -0.125127146280135 0.900938681381843 1 -6.0127484046444
"GSTA2" -0.123543884778605 1.47844549928175 -0.121189952203141 0.904039907608979 1 -6.01321450358709
"P11142" -0.0588082003307835 1.29353643577238 -0.11964097645518 0.905260412445763 1 -6.01339379519145
"ANG1" 0.05384169702284 0.327357710119103 0.114947508147573 0.908959995618123 1 -6.01392298395566
"P35900" -0.0382518387050182 0.909107359925009 -0.112474223265563 0.910910364383908 1 -6.01419333247439
"O43707" 0.0649676572212771 0.363742985490342 0.110354855623942 0.912582084060695 1 -6.01442031945092
"SeRPINA3-5" 0.0954420890913319 4.1074092998534 0.108343099288064 0.914169291063137 1 -6.01463178868039
"BPT2" -0.0773176931870624 0.60882521501471 -0.106574392685033 0.91556503196422 1 -6.0148144970813
"SeRPINA3-1" 0.175125176511612 3.84999949266226 0.105489305881087 0.916421440563327 1 -6.01492509950669
"HBB" 0.0892814255182657 3.60338993350591 0.102980955897557 0.918401545836587 1 -6.0151764441518
"KRT19" 0.104943653576439 2.96099265043905 0.0993647758748848 0.921257093630426 1 -6.01552815633138
"Q3SWY2" -0.066977908400093 0.975216442046511 -0.0974074949099272 0.922803116625401 1 -6.01571328158277
"SYNCRIP" -0.0470805030401837 0.978798074633221 -0.0952283364215012 0.92452475050674 1 -6.01591506165864
"FeRMT3" 0.0947180644327004 1.78631223336103 0.095222776132874 0.924529143856368 1 -6.01591557067909
"GPI" 0.075433622744977 1.05996408749265 0.0914668108049823 0.927497379177198 1 -6.01625262458564
"ACTN1" 0.0870866091991083 0.758090282966487 0.0907016651101693 0.928102181592818 1 -6.01631962523766
"FHL1" -0.0329524753679558 0.658231571395055 -0.0900497931718333 0.928617481606531 1 -6.01637626311592
"YWHAZ" 0.0596526952950334 1.67445722854013 0.0877795779183567 0.93041230970835 1 -6.0165703230469
"CDH1" 0.0538416970228399 0.600999147693407 0.0860741706643903 0.931760842216991 1 -6.01671284468797
"PCYOX1" -0.0440626253055771 0.410504855434628 -0.0820761216955883 0.934923041508389 1 -6.01703600570033
"RAP1A" 0.0568346818127893 0.599993751912971 0.0746861037031747 0.940770819615242 1 -6.01759289488752
"HBD" 0.0518293001457844 0.814906290238242 0.0698127496097703 0.944628964957906 1 -6.0179314138762
"RPS4X" -0.032467501466895 0.513292028294379 -0.0686413834058961 0.945556517386384 1 -6.01800937774316
"KRT1" 0.0268681288256163 3.24960602826261 0.0671404295141327 0.946745166607622 1 -6.01810735052513
"FABP1" -0.0415359323068525 0.585698847704855 -0.0612822123914278 0.951385604293158 1 -6.01846901684352
"HSPA8" -0.0588082003307848 2.18840594973386 -0.0606026464460799 0.951924018323155 1 -6.01850883547333
"eNO1" -0.0495551247763455 2.99192467694863 -0.05633612761701 0.955304849936714 1 -6.01874868556907
"RAP1BL" -0.0286025676343795 0.558280460192407 -0.0560337433873759 0.955544494392554 1 -6.01876502057249
"CSN1S1" 0.0363883473202077 1.04968891000601 0.0491788942564894 0.960978143123174 1 -6.01911174112456
"H2BC18" 0.0169507008207835 0.730843712997558 0.0487010533248435 0.961356987085649 1 -6.01913422620677
"SeRPINF2" 0.0236576709087339 4.3277909011828 0.0454860343819756 0.963906162175917 1 -6.01927980360693
"H2BC12L" 0.0169507008207835 0.477914723900764 0.0454485576113672 0.963935879646254 1 -6.01928144197616
"H2BC13" 0.0169507008207835 0.477914723900764 0.0454485576113672 0.963935879646254 1 -6.01928144197616
"GSTA1" 0.0360825941484928 1.18884112702396 0.0452560138797247 0.964088559373684 1 -6.01928983810627
"KRT2" 0.0299647809166457 2.86031237617989 0.0447492520094347 0.964490408398523 1 -6.01931176578939
"RPS4" -0.032467501466895 0.663552093265655 -0.044449161507475 0.96472837677734 1 -6.01932463436915
"COL2A1" -0.0251750455201195 0.598477585239702 -0.0442326026925224 0.964900107485347 1 -6.01933386713129
"O60814" 0.0169507008207835 0.497880389597874 0.0439758344898567 0.965103726332155 1 -6.01934475575582
"H2BC14" 0.0169507008207835 0.497880389597874 0.0439758344898567 0.965103726332155 1 -6.01934475575582
"H2BC9" 0.0169507008207835 0.497880389597874 0.0439758344898567 0.965103726332155 1 -6.01934475575582
"H2BC5" 0.0169507008207835 0.497880389597874 0.0439758344898567 0.965103726332155 1 -6.01934475575582
"H2BC15" 0.0169507008207835 0.497880389597874 0.0439758344898567 0.965103726332155 1 -6.01934475575582
"H2BC4" 0.0169507008207835 0.497880389597874 0.0439758344898567 0.965103726332155 1 -6.01934475575582
"LYZ" -0.016928653420609 0.618327282928133 -0.0403320597552771 0.967993509710378 1 -6.01949244299561
"APOM" 0.021441426510392 0.449846401681055 0.0394644206006713 0.968681677209284 1 -6.01952572794247
"P46781" -0.0155388480462858 0.294764093673969 -0.0393405160896154 0.968779953975908 1 -6.01953042218912
"P12814" -0.0285339329645078 0.537805322538134 -0.0378734491481743 0.969943617401542 1 -6.01958488144843
"GAPDHS" -0.0196078431372549 0.322370115713481 -0.0367197291510947 0.970858783514559 1 -6.01962625534432
"P02788" -0.0161645495373399 1.24423163318215 -0.0358112498399028 0.971579445095463 1 -6.01965793395917
"PLG" -0.02414116478589 5.08341324061474 -0.0355468261679403 0.971789206713448 1 -6.01966700529963
"KRT73" -0.0279657508693065 2.38515311888049 -0.0346357990381324 0.972511920277917 1 -6.01969774426979
"PGLYRP1" 0.0358517964760514 1.52650722953648 0.0342446136269323 0.972822253014303 1 -6.01971069836885
"K2CA" -0.0196078431372549 0.49157497204076 -0.0320186591977524 0.974588212420925 1 -6.01978161021606
"Q9NY65" -0.0224216960524717 0.771076784687933 -0.0316874237849996 0.974851009002353 1 -6.01979175512394
"MSN" -0.0340401676537363 1.31140299204594 -0.0292180897979954 0.976810223598935 1 -6.0198640600185
"H2B1" 0.0169507008207835 0.855501407010386 0.0268852904713032 0.978661241833925 1 -6.01992698150756
"H2BC12" 0.0169507008207835 0.94148834362549 0.025948161381066 0.979404864389951 1 -6.01995078506348
"P08603" -0.0196078431372549 0.361869046592644 -0.0257601921401682 0.979554022356724 1 -6.0199554579067
"APOH" 0.0105459174979745 3.60746490795528 0.0226741133475062 0.98200299913463 1 -6.02002731912112
"AFM" -0.017747240639209 3.6330774368852 -0.0218457371849689 0.982660392886507 1 -6.02004504944367
"CCN2" -0.0155388480462858 0.732630820155657 -0.0214849811358671 0.982946690283154 1 -6.02005256472261
"SeRPINA6" 0.0198762307741385 1.96150691123315 0.0194859934272188 0.984533134663143 1 -6.02009193989539
"KRT5" -0.0124958757050475 4.67624021226336 -0.0187839082782105 0.985090341499591 1 -6.02010485755099
"LOXHD1" -0.00573492647765833 0.305129942147082 -0.0183437334317316 0.985439688201863 1 -6.02011271459811
"FGB" 0.0152372927976381 2.91781616788423 0.0174126916335021 0.986178623018306 1 -6.02012871976757
"CFH" 0.00906523515532065 4.64711187182647 0.0145564943711966 0.98844555884127 1 -6.02017261904501
"TPI1" 0.00738965470401798 1.16634827998241 0.0120008896786975 0.99047399938152 1 -6.02020524906333
"AHCY" -0.00284024307226582 2.07720855762668 -0.0032422747715895 0.997426306407681 1 -6.02026943647525
"PGM1" -3.79119540044881e-05 0.393637497378766 -7.92031315071636e-05 0.999937129031101 1 -6.0202744875102
"A2M" 8.88178419700125e-16 6.85398639709391 2.62256628952704e-15 0.999999999999998 1 -6.02027449052616
"SeRPINA1" 0 6.29018619540095 0 1 1 -6.02027449052616
"AHSG" 0 6.27250171719331 0 1 1 -6.02027449052616
"ALB" 0 7.83356785233269 0 1 1 -6.02027449052616
"KRT71" 0 2.06923573706999 0 1 1 -6.02027449052616
"APOC3" 0 1.19778688740857 0 1 1 -6.02027449052616
"SPP2" 0 0.907685424247359 0 1 1 -6.02027449052616
"CRYZL1" 0 0.725116975696209 0 1 1 -6.02027449052616
"TRPC4" 0 0.269665615237759 0 1 1 -6.02027449052616
"MDH1B" 0 1.30473120409333 0 1 1 -6.02027449052616
"CKM" 0 1.31106230670835 0 1 1 -6.02027449052616
"CATHL4" 0 0.921576588262768 0 1 1 -6.02027449052616
"GARIN1B" 0 0.931787480834391 0 1 1 -6.02027449052616
"PF4" 0 0.493140774575256 0 1 1 -6.02027449052616
"CAPNS1" 0 0.739184125827107 0 1 1 -6.02027449052616
"DSC1" 0 0.453335524236637 0 1 1 -6.02027449052616
"COLGALT1" 0 0.276744504294037 0 1 1 -6.02027449052616
"ReG1" 0 0.282004772270175 0 1 1 -6.02027449052616
"KRT222" 0 0.871570823600914 0 1 1 -6.02027449052616
"PRDX1" 0 0.546049595625712 0 1 1 -6.02027449052616
"P0DMV8" 0 0.839672292936283 0 1 1 -6.02027449052616
"LOX" 0 0.69202037673911 0 1 1 -6.02027449052616
"PKP1" 0 0.315565674847234 0 1 1 -6.02027449052616
"KRT83" 0 0.457778587254636 0 1 1 -6.02027449052616
"KRT81" 0 0.615608932666368 0 1 1 -6.02027449052616
"H2A1" 0 1.08487554912278 0 1 1 -6.02027449052616
"H2AJ" 0 1.08487554912278 0 1 1 -6.02027449052616
"H2AC20" 0 1.08487554912278 0 1 1 -6.02027449052616
"IGFBP6" 0 0.599377808165143 0 1 1 -6.02027449052616
"TUBB2B" 0 0.765486657853197 0 1 1 -6.02027449052616
"NACA" 0 0.816083855863542 0 1 1 -6.02027449052616
"P02656" 0 0.312947293834637 0 1 1 -6.02027449052616
"ACO2" 0 0.361765483052936 0 1 1 -6.02027449052616
"MPV17L" 0 0.315558794847105 0 1 1 -6.02027449052616
"P02763" 0 0.32012740065791 0 1 1 -6.02027449052616
"P36955" 0 0.746790949493321 0 1 1 -6.02027449052616
"MYLK" 0 0.407756496006438 0 1 1 -6.02027449052616
"H2AZ2" 0 0.622406535074498 0 1 1 -6.02027449052616
"HSPA2" 0 0.692878943111484 0 1 1 -6.02027449052616
"H2AZ1" 0 0.669371869306268 0 1 1 -6.02027449052616
"MAP4" 0 0.337161908363979 0 1 1 -6.02027449052616
"THBS2" 0 0.556608593747009 0 1 1 -6.02027449052616
"SPON1" 0 0.468705315670895 0 1 1 -6.02027449052616
"P68871" 0 0.444238308283867 0 1 1 -6.02027449052616
"IGF2" 0 0.705943254415119 0 1 1 -6.02027449052616
"RASA1" 0 0.310522415542501 0 1 1 -6.02027449052616
"KRT40" 0 0.28844792166748 0 1 1 -6.02027449052616
"SeRPINA3-3" 0 0.50964773980268 0 1 1 -6.02027449052616
"KRT35" 0 1.03842056043664 0 1 1 -6.02027449052616
"TIMP3" 0 0.303581002833819 0 1 1 -6.02027449052616
"P23526" 0 0.434848844648397 0 1 1 -6.02027449052616
"CFL2" 0 0.374442757648552 0 1 1 -6.02027449052616
"HMGCR" 0 0.299332174844075 0 1 1 -6.02027449052616
"ADORA1" 0 0.406560103967575 0 1 1 -6.02027449052616
"IGFBP5" 0 0.517686905947146 0 1 1 -6.02027449052616
"TUBA1C" 0 0.335330475246119 0 1 1 -6.02027449052616
"PSMe4" 0 0.337757591140528 0 1 1 -6.02027449052616
"P05543" 0 0.424580065328214 0 1 1 -6.02027449052616
"H2AC7" 0 0.298618059715194 0 1 1 -6.02027449052616
"KRT78" 0 1.21398713660327 0 1 1 -6.02027449052616
"KRT74" 0 0.857335682092491 0 1 1 -6.02027449052616
"P0DMV9" 0 0.839672292936283 0 1 1 -6.02027449052616
"IGHA1" 0 0.533600844183805 0 1 1 -6.02027449052616
"P50395" 0 0.305060164883725 0 1 1 -6.02027449052616
"CHI3L1" 0 0.759499594345939 0 1 1 -6.02027449052616
"ARHGeF9" 0 0.399278493642343 0 1 1 -6.02027449052616
"CSTA" 0 0.381212035195322 0 1 1 -6.02027449052616
"UTP15" 0 0.509960648013274 0 1 1 -6.02027449052616
"CD44" 0 0.274022207389356 0 1 1 -6.02027449052616
"IGLC3" 0 0.303549571080174 0 1 1 -6.02027449052616
"CALD1" 0 0.613608729397705 0 1 1 -6.02027449052616
"GDF6" 0 0.295749412812816 0 1 1 -6.02027449052616
"LASP1" 0 0.588559131748599 0 1 1 -6.02027449052616
"IGFBP4" 0 0.316080397760248 0 1 1 -6.02027449052616
"ARFIP2" 0 0.436516442761799 0 1 1 -6.02027449052616
"LeCT2" 0 0.40535114520609 0 1 1 -6.02027449052616
"HP" 0 0.619022881242853 0 1 1 -6.02027449052616
"IGHG1" 0 0.493334150531808 0 1 1 -6.02027449052616
"GAL3ST4" 0 0.370598323564226 0 1 1 -6.02027449052616
"MAML2" 0 0.395914935966484 0 1 1 -6.02027449052616
"IGHG2" 0 0.404079427542237 0 1 1 -6.02027449052616
"P01009" 0 0.384859138319171 0 1 1 -6.02027449052616
"IGHG3" 0 0.378716402118438 0 1 1 -6.02027449052616
"P00738" 0 0.333793307575117 0 1 1 -6.02027449052616
"S100A12" 0 0.286516449992109 0 1 1 -6.02027449052616
"P18065" 0 0.31297054960441 0 1 1 -6.02027449052616
"C4B" 0 0.648270272682259 0 1 1 -6.02027449052616
"P35625" 0 0.334972889619899 0 1 1 -6.02027449052616
"RPL30" 0 0.316838166991133 0 1 1 -6.02027449052616
"HBe1" 0 0.355476418673161 0 1 1 -6.02027449052616
"eRC1" 0 0.453126800778874 0 1 1 -6.02027449052616
"CATHL3" 0 0.337409403174493 0 1 1 -6.02027449052616
"THeMIS" 0 0.314023317558594 0 1 1 -6.02027449052616
"Q32Le4" 0 0.358614391703744 0 1 1 -6.02027449052616
"Q7Z3Y7" 0 0.378250244393938 0 1 1 -6.02027449052616
"IGHG4" 0 0.354738482674643 0 1 1 -6.02027449052616
"P02790" 0 0.311598705911339 0 1 1 -6.02027449052616
"P00751" 0 0.338174304148422 0 1 1 -6.02027449052616
"P19827" 0 0.489176403833407 0 1 1 -6.02027449052616
"P51884" 0 0.355631198281322 0 1 1 -6.02027449052616
"BRN" 0 0.463884710841 0 1 1 -6.02027449052616
"P02753" 0 0.304305999228133 0 1 1 -6.02027449052616
"P00338" 0 0.339952528327364 0 1 1 -6.02027449052616
"POTeF" 0 0.49537561069465 0 1 1 -6.02027449052616
"FKBP4" 0 0.307773610383954 0 1 1 -6.02027449052616
"TUBB2A" 0 0.306442143454817 0 1 1 -6.02027449052616
