"logFC" "AveExpr" "t" "P.Value" "adj.P.Val" "B"
"P02768" 7.13940989376921 3.23301415862248 18.3450948833731 1.69779978897992e-23 1.07131166684633e-20 42.1264887771673
"P13645" 5.45148461361332 2.97643993189695 16.353425966298 2.11294189635315e-21 6.66633168299418e-19 37.723081009328
"P63261" 4.06538274635418 2.45979019689723 15.0005281644968 7.12425290481426e-20 9.12871359342829e-18 34.4611885672578
"P60709" 4.06538274635418 2.45979019689723 15.0005281644968 7.12425290481426e-20 9.12871359342829e-18 34.4611885672578
"KRT1" 6.00060770321425 3.24960602826261 14.9948431896569 7.23352899637741e-20 9.12871359342829e-18 34.4469914809283
"KRT9" 5.33134221506209 2.75795260815414 14.746945513893 1.41000727878724e-19 1.48285765485792e-17 33.8238199818207
"TLN1" 4.27489439837509 2.71389669310979 9.972843090475 2.39340426089027e-13 2.15748298374537e-11 20.1779620678813
"P19823" 3.92603982727597 1.72378064659439 9.90631946554964 2.98298754876758e-13 2.35283142909043e-11 19.9656095989297
"eeF1A1P5" 3.03609790912015 1.86671378928113 8.1721327012251 1.10145493789292e-10 7.72242295344925e-09 14.2463720819302
"KRT14" 4.87250436191685 2.44276934440136 8.03008554491768 1.81015402102455e-10 1.05285727294736e-08 13.7645432211196
"KRT2" 5.37441893229602 2.86031237617989 8.02613000490824 1.83540887518558e-10 1.05285727294736e-08 13.7511032156458
"C4A" 4.45273342515368 1.69571761681544 7.94768863799785 2.4163599247858e-10 1.2706025937832e-08 13.4843346050483
"VTN" 2.55392447474344 1.30500717022259 7.76668136010714 4.56507040029655e-10 2.21581494045163e-08 12.8670829212995
"P01024" 5.01182403534264 2.16965196404416 7.562419824301 9.38169883208123e-10 4.22846568788804e-08 12.1680337342837
"MYH9" 4.29747992533559 1.83979858127324 6.8064076231343 1.37020808989302e-08 5.76400869814997e-07 9.56557206373894
"KRT16" 4.53314568959003 2.30697925096178 6.71241448109618 1.91398113281037e-08 7.54826309252089e-07 9.2412731539141
"P68104" 3.03609790912015 1.79940580014137 6.68703420675995 2.09475410813177e-08 7.77523436606557e-07 9.15370975398957
"P68366" 2.97704820211095 1.76508982753113 6.61925528910223 2.66564434338392e-08 9.34456433708473e-07 8.91989437401982
"P13647" 4.62901211631652 2.44539382196407 6.52390156580808 3.74136118144406e-08 1.24252573973221e-06 8.59105941910198
"P01023" 5.40878037355088 2.29391897658004 6.05415880254846 1.98113645555934e-07 6.25048551728972e-06 6.97541852662824
"FBLN1" 3.29520432905335 1.2055395696611 5.96079647499926 2.75608425475347e-07 8.28137697499732e-06 6.65571693826151
"APOA2" -2.97276545032972 2.08661494538222 -5.53017204791079 1.25292098436042e-06 3.4003532075591e-05 5.1911846738285
"Q04695" 3.66755849546717 2.00730714342483 5.5224040467791 1.28741110465313e-06 3.4003532075591e-05 5.16495330610338
"P06396" 4.32415923077046 1.8637240805787 5.52109399873876 1.29331976198761e-06 3.4003532075591e-05 5.16053023240495
"KRT6A" 4.72810347036086 2.4219735959836 5.44053196923422 1.71331540138613e-06 4.32440807309859e-05 4.88896583034743
"KRT71" -3.81427203581491 2.06923573706999 -5.40954308213906 1.90865689350584e-06 4.52526629345546e-05 4.7847424297765
"QSOX1" 1.32712812625123 0.805070645396471 5.40540960431089 1.93632630623292e-06 4.52526629345546e-05 4.77085079364392
"HBA1" 3.2029106271761 1.70191375070829 5.33759926408264 2.45125297775924e-06 5.52407367487885e-05 4.54331315302347
"POTee" 2.93423644363364 1.22222899345803 5.294651006282 2.84521393338396e-06 6.19079307574233e-05 4.39956038165404
"MYH11" 2.25254245247138 0.652544957969425 5.22896267577842 3.57189848130729e-06 7.51289313901633e-05 4.18026284684519
"P63104" 1.73137475395247 0.884129142970355 5.01295079408313 7.5117577050926e-06 0.000152900616513337 3.46443081227147
"APOB" 4.1712064576371 1.56865439369341 5.00108472670916 7.82311516199917e-06 0.000154262052100671 3.42536361037694
"KRT13" 2.62075321258237 1.5651524960697 4.919992696942 1.0318746275362e-05 0.000197306936356164 3.1591496746173
"TUBA1B" 2.79915613779622 1.66164867095912 4.88942390893566 1.145038190637e-05 0.00021250561714469 3.05915550662709
"KRT3" 2.90139681427513 1.58048859238809 4.81754910118846 1.4614151271454e-05 0.000263472270065356 2.82485342694089
"ReG1" -2.25918506507156 0.282004772270175 -4.70554557706834 2.13295150434938e-05 0.000373858999790127 2.46211596485832
"COL10A1" -2.34450180888438 0.836743477537966 -4.51396115081701 4.04658677740045e-05 0.000690107096362076 1.84895252612677
"P68032" 3.27487550805567 1.87318986533482 4.45908560067701 4.85345697782269e-05 0.000805929303422662 1.67515752812921
"AZGP1" 2.23578761406416 0.618569799322471 4.24937662409115 9.65328708841721e-05 0.00156185234686955 1.01924229003236
"P02647" 2.9806423775042 0.803771327597334 4.23040510018172 0.000102667197025299 0.00161957503307409 0.960585589585315
"KRT6B" 4.70031927292217 2.22641661277503 4.19454903601025 0.000115312947986148 0.00177469439461608 0.850049138831252
"B2M" -2.03200243363004 0.513877245340613 -4.14451423473654 0.000135518353745019 0.0020360019336454 0.696525549206806
"P04406" 2.14551998515384 1.46040235764334 4.1274384703513 0.000143170629851216 0.0021009457543283 0.644327739406394
"APOD" -2.29636981483425 2.04941190125326 -4.09881261010371 0.000156949261420273 0.00222699166563909 0.557051244933016
"SeRPIND1" 2.10944351416199 0.688028441939677 4.09511796828349 0.000158818740021805 0.00222699166563909 0.545807766891014
"TUBB1" 1.59555134732445 1.29215683445709 4.08631922033351 0.000163358254811485 0.0022408491040445 0.519051023520568
"IGLC3" 1.99636745623163 0.303549571080174 4.04775439153572 0.000184782995711989 0.00248081000626095 0.402102965172405
"PKM" 1.52730460057752 1.39826985526521 4.01013723138341 0.000208290909364519 0.0027381575793544 0.288548624637421
"H2A1" -2.84143126597665 1.08487554912278 -3.9876639116737 0.000223690021839145 0.00276761576040198 0.220957971457194
"H2AJ" -2.84143126597665 1.08487554912278 -3.9876639116737 0.000223690021839145 0.00276761576040198 0.220957971457194
"H2AC20" -2.84143126597665 1.08487554912278 -3.9876639116737 0.000223690021839145 0.00276761576040198 0.220957971457194
"COL2A1" -2.25918506507156 0.598477585239702 -3.96939244111111 0.00023701639883151 0.00287610283966698 0.166144020037367
"LPA" 1.67093058683406 0.288490087895019 3.82094853756031 0.000377697726196464 0.00449674085339564 -0.274404904702662
"IGKC" 2.87590628977435 0.647521334386395 3.76113847617289 0.000454708753706746 0.00531335599238808 -0.449411129707984
"P07996" 2.5055573693541 1.8511055360765 3.74268398436949 0.000481377002753261 0.00552270706795105 -0.503109311546014
"KRT79" -3.07296885114084 2.41563447401021 -3.68659356763807 0.000571978842730581 0.00644497588862494 -0.665431183184459
"P02649" 1.64702930702468 0.591694934187602 3.64451525148651 0.000650468994722866 0.00720080588894962 -0.786309726839782
"P01008" 2.54585542174756 1.58182119686144 3.62804000684394 0.000683930964946076 0.00744069722208575 -0.833425911148064
"CDH1" -2.24662053729909 0.600999147693407 -3.59156583537058 0.00076397619539828 0.00817066066603923 -0.937304127943552
"KRT4" 1.78874114463748 0.841445248595557 3.48117152467157 0.00106453432857028 0.0111953526887974 -1.2479962981861
"A1BG" -1.2248087111114 4.15117798268516 -3.42316458183262 0.00126472475676524 0.0130826446150634 -1.40894653617461
"KRT6C" 3.43512094875234 2.16427141361773 3.41175247579887 0.00130811727575124 0.0133132580806295 -1.44041966529042
"C5" 2.33750940417669 0.771532167322534 3.39035870528629 0.00139330653719449 0.0138564238063455 -1.49924889718512
"APOH" -1.57551775924729 3.60746490795528 -3.38742155540693 0.00140540590111904 0.0138564238063455 -1.50730795280994
"KRT7" -2.11455251479299 3.18158863035919 -3.34988787599059 0.00156908154103313 0.015144992085763 -1.60991667313018
"GAPDHS" -1.78705645197608 0.322370115713481 -3.34663167360818 0.00158410376808298 0.015144992085763 -1.61878519429622
"P02771" 1.6811433795821 1.20445681963199 3.33509192738828 0.00163844770325994 0.0154307537426422 -1.65017158950433
"F13A1" -1.98454830938319 1.66628805992448 -3.31921967917042 0.00171608924932563 0.0159242987694775 -1.69323169807276
"IGHG1" 2.87178374276906 0.493334150531808 3.28526381488106 0.00189405748338564 0.0173210184350194 -1.7849196032252
"P02787" 3.00362199167686 0.814725741700157 3.27516859569514 0.00195025102959967 0.0175801199953913 -1.81206443463373
"P02763" 1.60609125277255 0.32012740065791 3.25386397808707 0.00207405954735776 0.0184328390758134 -1.86917642852588
"ANG1" -1.52154522039862 0.327357710119103 -3.24837145353126 0.00210716326162396 0.0184669446956211 -1.88386204370477
"H4" -2.33074337819679 1.60037448391229 -3.22804251648869 0.00223408323453829 0.0193110482327898 -1.93807871879355
"MYH14" 1.24439094795075 0.505922711842503 3.19321513335748 0.00246845470788809 0.0208935298791554 -2.03045418179729
"P00747" 2.33332924614703 1.01723332705427 3.18816903226651 0.00250427723201635 0.0208935298791554 -2.04378471092806
"DSP" 2.58503330791768 1.36211428931009 3.18646356301196 0.00251649488243393 0.0208935298791554 -2.04828704437372
"P00738" 2.3212353139551 0.333793307575117 3.17404118625843 0.00260719662715889 0.0211195672882471 -2.08103418025953
"PIP" 1.07942244004549 0.463104733121213 3.17357501013024 0.00261065966479125 0.0211195672882471 -2.08226146823087
"CKM" -2.13039301659557 1.31106230670835 -3.16195401872871 0.00269840115167056 0.0215530522367611 -2.11281775773097
"TTR" -1.47211414814119 3.61322770476154 -3.14096660514791 0.0028639404071228 0.0225893299611811 -2.16781647771213
"TIMP3" -1.54630687512083 0.303581002833819 -3.1313579268561 0.00294287737676703 0.0227977575371036 -2.19291636635907
"LYSM" -1.54630687512083 1.03729602438514 -3.12470341147488 0.00299873998565574 0.0227977575371036 -2.21026969313815
"LBP" -2.67450333799299 1.85962211188047 -3.12470173771357 0.00299875416098194 0.0227977575371036 -2.21027405483241
"P02788" 1.40739486555168 1.24423163318215 3.11796929677767 0.00305628484618681 0.022958520689808 -2.22780580654859
"P08727" 2.42263482249554 1.29650660735389 3.09805346605186 0.003232604753178 0.0239973364618273 -2.27952149556352
"ADIPOQ" -1.46046978590367 2.93752513994763 -3.08353480039997 0.00336711596436162 0.0244256102113769 -2.3170835281563
"P09429" 1.96629748143581 1.13960692870907 3.07958585206889 0.00340460056312134 0.0244256102113769 -2.32727972636442
"P01009" 2.49379913343406 0.384859138319171 3.07939477235976 0.00340642424500977 0.0244256102113769 -2.32777287365631
"P68371" 1.82464834710626 1.45345865388749 3.04532323237211 0.00374666692040668 0.0265634474918721 -2.41537830353313
"CLeC3B" -1.99303030969499 2.73407577761207 -3.03055229055538 0.00390385200043516 0.0273703401363843 -2.45315370845433
"IGHG3" 2.42047073163843 0.378716402118438 3.01888282331663 0.00403237602692751 0.0279607612416622 -2.48290947988968
"ORM1" -1.36699048161459 3.86425014046426 -2.98006025696017 0.00448901549776468 0.0307887910770599 -2.58133961156645
"HBBF" -1.09134488828944 5.04709494072043 -2.96126614699309 0.0047270261532892 0.0320726183088762 -2.62867631662364
"SeRPINF1" -1.0409266263607 4.38231994384435 -2.94223712947999 0.00497996818458261 0.0334293608986343 -2.67639429258386
"IGHG4" 2.05355067996569 0.354738482674643 2.93004559308455 0.00514859553868443 0.0341975135253671 -2.70685437014311
"Q14624" 2.13458365150961 0.627085872180991 2.9247247427591 0.0052238456306918 0.0343359020100679 -2.72012078225878
"GC" -0.935639759834277 4.99867536177431 -2.90939504226786 0.00544641083602418 0.0354297447168171 -2.75824826034079
"PZP" 2.82123212924218 1.58382233784497 2.89079210801715 0.00572834498509828 0.0368835274040512 -2.8043287272403
"SeRPINA5" -1.36895170782707 4.39741935957571 -2.84832726161856 0.00642349891496256 0.0409416951044583 -2.90873673898274
"CP" 2.06842662904296 0.486714698212137 2.84119630118559 0.00654763836163593 0.0413155980619227 -2.92616238857399
"TUBB" 1.86723551116387 1.37916446976825 2.82690789701423 0.00680309802458114 0.0425025233020861 -2.96098495024524
"IGHG2" 2.30013569772176 0.404079427542237 2.82087934489631 0.00691362604040633 0.0427695885440823 -2.97563973781359
"HSPA6" 1.56561197641364 0.711514689119529 2.78644569091534 0.00757745156386009 0.0463886380730991 -3.05891488710748
"P00742" 0.851927598761043 0.369009306496356 2.78005972182761 0.00770685953848981 0.0463886380730991 -3.07427807089131
"MST1" -1.96664142901549 1.60785553826297 -2.77945657024748 0.00771918700107037 0.0463886380730991 -3.07572780316206
"KRT84" 2.08954717012682 0.579494009436698 2.74637976415801 0.00842378194680713 0.0501453434758047 -3.15488255766559
"IGHA1" 2.01454723774301 0.533600844183805 2.72908443614856 0.00881537745809231 0.0519860109911799 -3.19599718902117
"LYZ" 1.13646237307814 0.618327282928133 2.70759092302113 0.0093253764491441 0.0543866118664331 -3.24682735062864
"KRT8" 2.03062511033583 1.37402142304736 2.70474778405253 0.0093948346964203 0.0543866118664331 -3.25352906140053
"CATHL1" -1.50556729624316 0.572803420151975 -2.70042930621234 0.00950124616846832 0.0544178105442033 -3.2636984835786
"S100A12" 1.24904249644479 0.286516449992109 2.69594791974439 0.00961284247600264 0.0544178105442033 -3.27423891047835
"RPS25" -1.78308077811154 0.528543909319453 -2.69285918382449 0.00969045867856764 0.0544178105442033 -3.2814962652077
"C9" -2.39854596308632 2.59736352446115 -2.68982820833288 0.00976718284994671 0.0544178105442033 -3.28861195298781
"APOe" -1.61276175661216 3.49230270079397 -2.68730703584295 0.00983142694459458 0.0544178105442033 -3.29452630275982
"FLNA" 1.67015637684954 1.75658537855711 2.67642578649534 0.0101131778547394 0.0554905671855699 -3.32000540385065
"COL6A1" 0.948950111723045 0.906037327762269 2.66669224646584 0.0103714713863318 0.0564172279722014 -3.34273234612977
"GAPDH" -1.45925510701088 3.07871804506745 -2.65758457556869 0.0106186230735251 0.057267958627302 -3.36394240443875
"SeRPINA1" -0.990106390444558 6.29018619540095 -2.64444199963193 0.0109847941913053 0.0587407214806243 -3.39445403054238
"RNASe4" -1.72368455041585 0.790744822982162 -2.63476396050878 0.0112617938801729 0.059715898641925 -3.41685045868903
"LUM" -1.50609885544787 3.19119097981736 -2.61744335906876 0.0117735471670598 0.061909235520123 -3.4567798572671
"GARIN1B" -1.54630687512083 0.931787480834391 -2.61335179318642 0.011897500861211 0.0620439920944146 -3.46618342379829
"P08603" 1.98648216284453 0.361869046592644 2.60978027209249 0.0120066736841437 0.0621000909401204 -3.47438276929982
"ANXA2" 1.27804060902848 1.02910085649948 2.60133873180741 0.0122683595728837 0.0629198390762638 -3.49372904678493
"P68871" 1.57770493918999 0.444238308283867 2.59827562927782 0.0123645959515954 0.0629198390762638 -3.50073740631221
"P61224" 0.852592030582389 0.922756113454085 2.58700059622975 0.0127248019904238 0.0640372015503274 -3.52648107134737
"FABP1" -1.75211787580375 0.585698847704855 -2.58507884225603 0.0127871432572761 0.0640372015503274 -3.53086049317944
"FeTUB" -1.0002222913923 4.53036562922424 -2.57345585700945 0.0131701654797592 0.0654360190372286 -3.55729536532647
"SPP2" -2.04105094352162 0.907685424247359 -2.5648846850769 0.0134592867913992 0.0663500778544756 -3.57673160152614
"P02656" 0.879196673541734 0.312947293834637 2.53224707029633 0.0146138986117012 0.0714834885580112 -3.65029068277938
"CRYZL1" -2.44091960864966 0.725116975696209 -2.52691753475879 0.0148107707663024 0.0718892027195141 -3.66223428966422
"H1-2" -2.02936095754465 1.01099196772226 -2.51341576901977 0.0153203524097213 0.0737763028899623 -3.69240592914945
"P14923" 1.92850865074323 0.931804160540682 2.51047595669863 0.0154333945823693 0.0737763028899623 -3.69895895522668
"Q7RTS7" 1.88772192150177 1.14685695489893 2.50528156248571 0.0156349817515132 0.0741779961293598 -3.71052321087285
"TRPC4" -0.916220233853818 0.269665615237759 -2.48614090196997 0.0163985811333904 0.0772201842923084 -3.75297706154108
"AMY2B" 1.2756302743586 0.74822742113586 2.46464730996962 0.017296184401242 0.0808436470902497 -3.80035033220123
"H4C1" 1.04155403940174 0.852768548672937 2.44401639188946 0.0181993045320772 0.0844394202922112 -3.8455224697949
"KRT76" 2.2420033867227 1.50032032286503 2.4405439035306 0.0183554318096834 0.0845421713278119 -3.85309660730601
"APOA1" -1.1414134737505 5.65700133956763 -2.43624437200276 0.0185504181825891 0.0848211150232878 -3.86246306722472
"P01042" 1.34049193772986 0.328975594078848 2.41549083799784 0.0195181283416537 0.0883360425483895 -3.90749312443199
"CL43" -1.63437505762443 0.940884828078096 -2.41379617325763 0.019599121960023 0.0883360425483895 -3.91115683785887
"AFP" -0.795597266109064 5.63990601640145 -2.38929943959321 0.0208041791015033 0.0931023901634649 -3.96389136809124
"CPB2" -1.87492088929618 2.49092361437449 -2.3660531420496 0.0220088670058641 0.0977999653570441 -4.01354259093186
"AHSG" -0.721647778024311 6.27250171719331 -2.34421933614077 0.0231969451200799 0.102358548047346 -4.05982736739816
"AMY1A" 1.2756302743586 0.755503261094872 2.32654061840363 0.0242006450131968 0.104593198652926 -4.09705433476919
"AMY1B" 1.2756302743586 0.755503261094872 2.32654061840363 0.0242006450131968 0.104593198652926 -4.09705433476919
"AMY1C" 1.2756302743586 0.755503261094872 2.32654061840363 0.0242006450131968 0.104593198652926 -4.09705433476919
"P11142" 1.13980686773057 1.29353643577238 2.31885359284195 0.0246490519546833 0.105806474717042 -4.11317131103623
"P08697" 0.961776023130758 0.422768746850354 2.29951423278253 0.025810155067882 0.110041944917794 -4.15353072774791
"CATHL4" -1.54630687512083 0.921576588262768 -2.28557750970276 0.0266768748503223 0.112580918631521 -4.18244754970844
"P02790" 1.65999914647913 0.311598705911339 2.2842226424938 0.0267625004670811 0.112580918631521 -4.18525119567614
"AMBP" -1.17130345375468 3.34141423414827 -2.25366892085296 0.028759519966735 0.120180510589469 -4.24812101733479
"RAN" -1.31431370726677 0.736928979129569 -2.24831525497441 0.0291227522623937 0.120580593829129 -4.25906682882097
"TUBA8" -1.93964111665078 0.601496485451664 -2.24663703871231 0.029237449850803 0.120580593829129 -4.2624936854448
"RPS4" -1.63529003927161 0.663552093265655 -2.23877008648982 0.0297804748151413 0.121921330724496 -4.27853011145276
"CHIA" -2.16801485295648 2.43697362564595 -2.23461755473197 0.03007069751972 0.121921330724496 -4.28697648833134
"KRT20" -1.65450975534109 1.22298441785712 -2.23107646724754 0.0303201628658625 0.121921330724496 -4.294169126714
"HBD" 1.65620108859669 0.814906290238242 2.23086075977112 0.0303354182626716 0.121921330724496 -4.29460697169257
"POSTN" 1.63571629393649 0.858096457429997 2.22381675881789 0.0308373385494242 0.123154181168903 -4.30888606665521
"KRT75" -1.52593734379748 3.74408656908985 -2.21533102685171 0.0314517398921239 0.124817911144215 -4.32603900770024
"KNG1" -1.09677809629509 4.54464354662345 -2.20806786120517 0.0319861953086408 0.126145557748452 -4.34067828617714
"HRNR" 0.766411233151756 0.465822623919104 2.20268114509645 0.0323877411491567 0.126935805373403 -4.35151018854434
"TUBA1A" 1.70592303661537 1.19948842838369 2.19399204912349 0.0330448454040848 0.128711712654182 -4.36893720343363
"P00751" 1.30519491078286 0.338174304148422 2.18813504323284 0.033494387197938 0.129662320993245 -4.38065237832388
"P02749" 1.27495008305965 0.451919943200276 2.18298892676889 0.0338938085422155 0.130334592503613 -4.39092449634649
"ACTG2" -2.89971037148916 1.10752783647369 -2.1779660696119 0.0342877057933434 0.130334592503613 -4.40093148357132
"ACTA2" -2.89971037148916 1.10752783647369 -2.1779660696119 0.0342877057933434 0.130334592503613 -4.40093148357132
"Q9NY65" 1.53825288077989 0.771076784687933 2.17393326569492 0.0346068753587758 0.130760109888548 -4.40895232846679
"Q5XKe5" 1.48510627105047 1.3958302434628 2.15571250924476 0.036081759860255 0.135521371856077 -4.44503945693775
"P49747" 0.865414354819981 0.476961206766378 2.14721899306501 0.0367879531659493 0.136940030904858 -4.46177592739855
"UBA52" -1.50763305237894 1.27572881511371 -2.1453929120425 0.0369413584503276 0.136940030904858 -4.46536711150731
"HSP90AB1" -1.91443645036064 1.67089272268817 -2.1433868421467 0.0371105313545653 0.136940030904858 -4.46930936023609
"APOC3" -1.74117290456937 1.19778688740857 -2.13967515345031 0.0374253337128142 0.13729875333015 -4.47659540428355
"P26038" 1.30978674508902 1.1333406550057 2.12949702994353 0.0383006301492541 0.139697674128204 -4.49652156669375
"O95678" 1.90662057008547 1.40815289159792 2.12081739877766 0.0390611816078229 0.141652905715726 -4.51345201018929
"CCN2" -1.52154522039862 0.732630820155657 -2.10378338601792 0.0405923030250667 0.146364246907526 -4.54651188863868
"CDH5" -1.67279133253934 0.991980297507352 -2.09897153229468 0.0410342160284937 0.147116990420338 -4.55581072579098
"TF" -0.662291241791397 6.43319179890424 -2.08462844508587 0.0423764842678964 0.151070969339224 -4.58342344140876
"P02774" 1.62838435515532 0.817341281900046 2.0810798302818 0.0427144251027538 0.151420237302459 -4.5902307539505
"eeF1A1" -1.54227882881422 3.10639466574768 -2.07337128849073 0.0434566265473437 0.153190677940636 -4.60498472953052
"P19827" 1.41754544250167 0.489176403833407 2.05326645465246 0.045445447542191 0.159311541106236 -4.64324957457973
"CLU" -1.43732017790572 3.10692691815279 -2.04357414884859 0.0464321719575462 0.160945895556096 -4.66158503125114
"IGFBP6" -1.19968547150751 0.599377808165143 -2.03990609872595 0.0468104188859138 0.160945895556096 -4.66850509211244
"TGFBI" -2.17846933252719 2.44310842150736 -2.0378165318672 0.0470270865101179 0.160945895556096 -4.6724425546524
"KRT77" 1.73206382808176 1.11212838504281 2.03585488443687 0.047231281141271 0.160945895556096 -4.676135888012
"ACTB" -0.608388382831617 4.58489953713887 -2.03383773161536 0.0474420547914957 0.160945895556096 -4.67993060816961
"ACTG1" -0.608388382831617 4.58489953713887 -2.03383773161536 0.0474420547914957 0.160945895556096 -4.67993060816961
"CRYZ" -1.66682308871561 0.771489576565082 -2.02825496922085 0.0480296575748924 0.162067988929182 -4.69041655348869
"P02751" 1.92269366679801 0.622009498720353 2.01902377640048 0.049015102391003 0.163792806503776 -4.70770201338016
"C4B" 1.97363841706959 0.648270272682259 2.01860732302127 0.0490599689844908 0.163792806503776 -4.70848025875848
"ALB" -0.398437688144805 7.83356785233269 -2.00619696521609 0.0504134014966573 0.16742555970732 -4.7316099048573
"H1-3" -1.62494538386585 1.0433624240056 -1.99728753942193 0.0514048169346014 0.169824290501222 -4.74814043515753
"KRT86" 1.38922743624283 0.501964950096177 1.98361708587445 0.0529587282052738 0.173878111430446 -4.7733834786575
"C4" -0.867260674342087 4.59241938916497 -1.98167266761208 0.0531830039715943 0.173878111430446 -4.77696199108559
"P02753" 0.997871037041762 0.304305999228133 1.96784361710223 0.0548018125479138 0.177394204041061 -4.80232706500715
"IGFBP3" -1.72597744291677 1.43521702137938 -1.96768424388251 0.0548207128177604 0.177394204041061 -4.80261850586317
"COMP" -1.76335186892204 2.11674356416753 -1.92351489377949 0.0602793481989874 0.193566592532209 -4.88261353357741
"HRG" -1.37206567406518 1.90016836831577 -1.92198844342424 0.0604760201836572 0.193566592532209 -4.88535033533683
"IGF2" -1.40199755451598 0.705943254415119 -1.9199554792161 0.0607388039958437 0.193566592532209 -4.88899238568146
"HBA" -0.715248476430792 4.52126570357216 -1.91753357690163 0.0610531351562833 0.193590594390024 -4.89332690705338
"P51884" 0.845572323620073 0.355631198281322 1.91509525845568 0.0613709992049097 0.19362550249149 -4.89768607135745
"RAC1" -1.18059666479876 0.591880443610741 -1.91248874684621 0.0617123505198494 0.193733796905597 -4.90234066763342
"OGN" -1.1994711599977 0.903564955960522 -1.89092616493167 0.0645988383605455 0.201791420819328 -4.94063731272189
"Q9BQe3" 1.67177765098956 0.969807632327124 1.88543620400947 0.0653518442462122 0.203137998617536 -4.95032819841707
"CFL2" -1.07016293868111 0.374442757648552 -1.88246207369874 0.0657628849560895 0.203224080314913 -4.95556799985263
"GAL3ST4" -1.19968547150751 0.370598323564226 -1.88058330791254 0.0660236711007245 0.203224080314913 -4.95887432149089
"P78385" 1.24779333761217 0.434649580733642 1.87811514183936 0.0663676050652586 0.20329106211737 -4.96321356525057
"KRT78" -1.6124651997871 1.21398713660327 -1.87477325517517 0.0668357141708367 0.203565865199799 -4.96908104919436
"H2BC18" 0.651866439165856 0.730843712997558 1.87287726626424 0.0671025355967643 0.203565865199799 -4.97240590336013
"Q02413" 1.26274247344512 0.973412188118829 1.86959296086305 0.0675668732268103 0.203993765579509 -4.978158471215
"P0CG53" -1.50763305237894 1.03241699431888 -1.86485112753746 0.0682420835161307 0.20505121285085 -4.98644855984632
"P68133" 1.86842131778017 1.11980822651831 1.85940230204484 0.0690250192550395 0.206420792179763 -4.99595220166614
"Q08380" 0.933927969118228 0.393787616540834 1.85604608447301 0.0695110467362852 0.206893728729226 -5.00179402109091
"KRT35" -1.93508945081568 1.03842056043664 -1.84007873036796 0.0718631979173691 0.212890506506385 -5.02946149778502
"SeRPINA3-7" -1.05859155213436 4.02428387310896 -1.83766406700533 0.0722246891903832 0.212961583547345 -5.03362746617675
"SeRPINA3-3" -2.04174852424919 0.50964773980268 -1.83147404185555 0.0731583953220406 0.214152567808255 -5.04428529201354
"UBC" -1.50763305237894 1.09692025673344 -1.83049254068473 0.0733073766189905 0.214152567808255 -5.04597234624565
"P62258" 0.768036677151101 0.499107347535886 1.81808541214622 0.0752128046753102 0.218499498117217 -5.06723053920165
"RPS27A" -1.50763305237894 1.43074905315533 -1.81631580463953 0.0754879407124457 0.218499498117217 -5.07025230600079
"MYLK" -1.26096884856474 0.407756496006438 -1.80862174604321 0.0766940675660973 0.220976970932454 -5.08336080834438
"KNG2" -1.24661552046371 4.12277039415999 -1.80245299880696 0.077672747782978 0.22277956295936 -5.09383556348476
"KRT15" 1.80643473617532 0.898171136215576 1.77576440159334 0.0820285417309794 0.233178365385538 -5.13879328993967
"MAML2" -1.19968547150751 0.395914935966484 -1.77571136918267 0.0820373963796979 0.233178365385538 -5.13888204021086
"CATHL2" -0.738842558558799 0.348458948683919 -1.76240464588286 0.0842845705869705 0.238491318566719 -5.16107750481681
"P61284" -0.738842558558799 0.272669072133968 -1.75873851272017 0.0849126382804886 0.239095608161764 -5.16716682562885
"MDH1B" -1.73520881960204 1.30473120409333 -1.75674402766731 0.0852559617058587 0.239095608161764 -5.17047491841138
"H2BC12L" 0.651866439165856 0.477914723900764 1.74779731697115 0.0868102826434557 0.24130964029965 -5.18527350792635
"H2BC13" 0.651866439165856 0.477914723900764 1.74779731697115 0.0868102826434557 0.24130964029965 -5.18527350792635
"VNN1" -1.40519802451212 2.79085309958901 -1.74170141871914 0.0878827833538477 0.241889993277948 -5.19531853795987
"P23528" 0.509660984532344 0.716620014092231 1.73914075768598 0.088336575942314 0.241889993277948 -5.19952886534715
"H2B1" -1.09635178229152 0.855501407010386 -1.73890958475875 0.088377639385527 0.241889993277948 -5.19990869931569
"P00734" 1.48379127060878 0.971546688862607 1.73792652629394 0.0885524381096765 0.241889993277948 -5.20152343920713
"SeRPINA3-1" 2.86756516740794 3.84999949266226 1.72732136580367 0.0904564825567949 0.246026036609214 -5.2188919375472
"P05543" 0.694164610859264 0.424580065328214 1.71553143264134 0.0926129753347582 0.250810246507435 -5.23809061402375
"SeRPINB12" 0.716977663802684 0.57571456833276 1.71269984214619 0.0931371914219871 0.251124374629043 -5.24268425740606
"SeRPINF2" -0.889704767770575 4.3277909011828 -1.710613940516 0.093524925575 0.251124374629043 -5.2460638890864
"HPX" -0.913878214120639 4.43467162277725 -1.70817510789588 0.093979955705496 0.251276915466813 -5.25001072808097
"KRT5" -1.13205401757974 4.67624021226336 -1.70171337600678 0.0951944214014555 0.252414239432766 -5.2604438501802
"O60814" 0.651866439165856 0.497880389597874 1.69116138272593 0.0972054836484346 0.252414239432766 -5.2774057815795
"H2BC14" 0.651866439165856 0.497880389597874 1.69116138272593 0.0972054836484346 0.252414239432766 -5.2774057815795
"H2BC9" 0.651866439165856 0.497880389597874 1.69116138272593 0.0972054836484346 0.252414239432766 -5.2774057815795
"H2BC5" 0.651866439165856 0.497880389597874 1.69116138272593 0.0972054836484346 0.252414239432766 -5.2774057815795
"H2BC15" 0.651866439165856 0.497880389597874 1.69116138272593 0.0972054836484346 0.252414239432766 -5.2774057815795
"H2BC4" 0.651866439165856 0.497880389597874 1.69116138272593 0.0972054836484346 0.252414239432766 -5.2774057815795
"CSN2" -1.20767985190469 0.719409121077165 -1.68399277182372 0.0985915987865826 0.254710587859499 -5.2888756585904
"KRT72" 1.88982681598354 1.78368945396979 1.67930079075154 0.0995076154622845 0.254710587859499 -5.29635946601134
"KRT74" -1.85018607557867 0.857335682092491 -1.6790624681973 0.0995543294413559 0.254710587859499 -5.29673910037408
"H2BC12" -1.09635178229152 0.94148834362549 -1.67829715585793 0.099704461491753 0.254710587859499 -5.29795787593516
"GSN" -0.648269210143688 4.6420356331314 -1.67208524803919 0.100929958105885 0.256801627277473 -5.30783218850901
"KRT33B" 1.1689108129766 0.421834264019887 1.6694709218521 0.101449403815269 0.257086641796926 -5.31197812685417
"OMD" -0.916220233853818 0.579161880070687 -1.65919581821044 0.103512290405581 0.260218973306839 -5.32821697391717
"PGK1" 1.47076271588887 1.44964417635107 1.65901102157845 0.103549703608372 0.260218973306839 -5.32850821033722
"DSG1" -1.13217680008875 1.03087995997917 -1.65717198092764 0.103922632762795 0.260218973306839 -5.33140493241241
"THBS1" -0.910543242905869 3.82406536567389 -1.64072465659979 0.107307039585489 0.265078276937292 -5.3571840851186
"P0DMV8" 1.01814449926005 0.839672292936283 1.63977286403162 0.107505616469496 0.265078276937292 -5.35866887488673
"P0DMV9" 1.01814449926005 0.839672292936283 1.63977286403162 0.107505616469496 0.265078276937292 -5.35866887488673
"H2AC6" 0.386733600610669 0.321811550347599 1.63959076283801 0.107543643258236 0.265078276937292 -5.35895286374888
"P26583" 1.0792142952342 1.11725100709765 1.63420610286933 0.108673052649252 0.266819829656334 -5.36733756029316
"HMGB2" -1.69544788188959 1.45785418284916 -1.62933312824154 0.109703459826787 0.268305748646134 -5.37490422671834
"F11" -1.09221303800916 0.767003666770929 -1.62580966961889 0.110453455845628 0.269097029492631 -5.38036279340951
"MYH10" 1.58518273000225 1.59849695958135 1.62050943456139 0.11158951230546 0.270123045631796 -5.38855402457048
"P05452" 0.642100930275026 0.63467875107243 1.6198534815748 0.111730768478445 0.270123045631796 -5.38956609898378
"H2AC4" 0.386733600610669 0.328575956505916 1.61102074576121 0.113647054772897 0.27218385924509 -5.4031584143352
"H2AC25" 0.386733600610669 0.328575956505916 1.61102074576121 0.113647054772897 0.27218385924509 -5.4031584143352
"THBS2" -1.2735716468346 0.556608593747009 -1.60996790790117 0.11387724063503 0.27218385924509 -5.40477413536665
"SYNCRIP" 0.791149174289468 0.978798074633221 1.60023395808934 0.116023381961672 0.276266996293643 -5.41966728060581
"F9" -1.42034404055829 1.26479360370761 -1.59010563854968 0.118291145980021 0.280607944035313 -5.43507766001293
"YWHAZ" 1.07898086946458 1.67445722854013 1.58773186752331 0.118827793433667 0.280825234669078 -5.43867665669046
"Q14CN4" 1.01671648465279 1.04825329384874 1.5668928333955 0.123623847120795 0.290812373368895 -5.47006385623613
"DCD" 0.505783498721888 0.409362076418307 1.56539076384484 0.12397548088151 0.290812373368895 -5.47231178522829
"CTSD" 0.603391619184552 0.404874234398911 1.54462674514806 0.12891922717728 0.301289008699494 -5.50318665968511
"SeRPINA6" -1.57081169153838 1.96150691123315 -1.53997136803932 0.130049031310307 0.302807892091528 -5.51005775151524
"Q86Y46" 1.24672259273557 1.05126095261204 1.53261116612067 0.131851414914008 0.30587589268654 -5.52088269388073
"P61981" 0.400066165066101 0.3862453650712 1.52969447707796 0.13257115946195 0.30641905355491 -5.52515938145597
"P62826" 0.433904514190607 0.748294253470853 1.52382218337943 0.134029765748117 0.308659789003876 -5.53374740534168
"PRDX2" -0.818612113391154 0.559004630605749 -1.51493667044477 0.136261118791825 0.31265733075506 -5.54668514933576
"PGLYRP1" -1.58339770397105 1.52650722953648 -1.51241633390618 0.136899386405717 0.312983742108723 -5.55034237253973
"Q7Z3Y7" 0.789692032368141 0.378250244393938 1.50621538449618 0.138479882627869 0.31545417306204 -5.55931691664305
"ARG1" -1.07016293868111 0.789853158760867 -1.50143744953546 0.139707540254391 0.31648423000123 -5.56620907865608
"POTeI" 0.812482484677356 0.510637212644928 1.50023831099218 0.140017002469274 0.31648423000123 -5.56793570597582
"PSMe4" -0.869151335910731 0.337757591140528 -1.49861521146289 0.140436742314333 0.31648423000123 -5.57027079045284
"VCL" 1.30519491078286 0.917727114954689 1.48217508548155 0.144744660021963 0.325031603109818 -5.59379269716509
"P35580" 0.694164610859264 0.441271939685429 1.46508949581517 0.149331648038502 0.334142801107427 -5.61798718695951
"KRT31" 1.0693618876286 0.616384676505695 1.43769647939075 0.156923628867866 0.349889787334359 -5.65624206436249
"P35443" 0.388659656682265 0.314705057137273 1.43488020929452 0.15772096849547 0.350429334931836 -5.66013752648798
"IGFBP5" -0.973682545465288 0.517686905947146 -1.42866039353752 0.159493125974603 0.352081774687845 -5.66871593419849
"BLVRB" -1.07449626028452 1.35086998416588 -1.42835462123321 0.159580645896551 0.352081774687845 -5.669136775006
"FLG2" 0.529223624114687 0.546101704521524 1.41647981518187 0.16300857223768 0.356076395913646 -5.68541629761151
"P36955" 0.741187087361196 0.746790949493321 1.41506105190364 0.163421930594647 0.356076395913646 -5.68735296751131
"LRP1" 0.770731530875448 0.614868001325349 1.41378366517349 0.163794795285391 0.356076395913646 -5.68909512573486
"TUBA1C" -0.973682545465288 0.335330475246119 -1.41193176781006 0.164336530982972 0.356076395913646 -5.69161825779441
"HBB" -1.22349205750851 3.60338993350591 -1.41122726125737 0.164542985349369 0.356076395913646 -5.69257731939745
"ITIH4" -0.654813676745177 5.50207756163405 -1.41042942594895 0.164777032657345 0.356076395913646 -5.69366289989326
"ADORA1" -1.2806619661136 0.406560103967575 -1.40479411907276 0.166437532300473 0.357643817198338 -5.70131453141434
"P02765" 1.36056121317605 1.06939274474532 1.40323840313831 0.166898217045063 0.357643817198338 -5.70342191817241
"PROC" -1.14452727746156 1.68102634411129 -1.40167939172874 0.16736086829026 0.357643817198338 -5.70553161168143
"Q06033" 0.880551374280717 0.590504811827602 1.40030510377638 0.167769524390979 0.357643817198338 -5.70738954134808
"GPX3" 0.623420508892473 0.481329126730382 1.39334650017573 0.169850593777657 0.360861025837379 -5.71677124576619
"LTF" -1.49611251512079 2.26415786302272 -1.38666236575541 0.171868312730061 0.363922501116336 -5.72574232443372
"PPIe" -0.916220233853818 0.534199470938428 -1.38357785425847 0.172805638934838 0.364683472133387 -5.72986876440603
"UTP15" -1.47071220829967 0.509960648013274 -1.37188050429857 0.176396085229498 0.37101976593271 -5.74544028760966
"TLN2" 0.903061661632235 0.966455129892931 1.36725868971601 0.177830430902126 0.372794026243328 -5.75155917496663
"SeRPINB3" 0.927498844808341 0.783301319974117 1.35995088186701 0.180116599444644 0.376336338574736 -5.76119511038823
"P12259" 0.865414354819981 0.759135697267659 1.35299804775762 0.182312555213282 0.379667400460662 -5.7703186068033
"CHAD" -0.818612113391155 0.459959781554867 -1.31565007010397 0.194459949017157 0.402896719473867 -5.81858389315808
"P54652" 0.702525025176204 0.339616098038885 1.3147980257079 0.194744056164072 0.402896719473867 -5.81967035529487
"SeRPINA3-8" -1.21430359806012 2.76356503180944 -1.30788802009281 0.197059747493861 0.406355230943223 -5.82845727339824
"Q13509" 0.911106135940301 0.919595553811429 1.29580860790103 0.201157647935955 0.413454318721784 -5.84371414063851
"KRT33A" 0.880551374280717 0.335776781552413 1.28612473934093 0.20448889987963 0.418936674753398 -5.85585000415258
"TPI1" 0.788646468356873 1.16634827998241 1.28077151657697 0.206348079042745 0.420873568527296 -5.86252222474676
"RAP1A" -0.973682545465289 0.599993751912971 -1.27951020829376 0.206787969328529 0.420873568527296 -5.8640905287368
"APOM" 0.694164610859264 0.449846401681055 1.27765772280934 0.207435308735323 0.420873568527296 -5.86639128320871
"SeRPINA3-5" -1.09931552853742 4.1074092998534 -1.24791119506265 0.218038483020747 0.440008159687752 -5.90290890676799
"LOXHD1" 0.389951645159251 0.305129942147082 1.24729916903612 0.218260782856207 0.440008159687752 -5.90365179050667
"POTeF" 0.927498844808341 0.49537561069465 1.242397112532 0.220047367357681 0.442197098097761 -5.90958963548414
"SeRPINC1" -0.824845080640222 4.95379030804966 -1.23737624889836 0.221888443119342 0.443253613946075 -5.91564866417938
"PeBP1" -0.753901659296935 0.681304612077119 -1.23713269805258 0.221978038045895 0.443253613946075 -5.91594198890516
"CFB" -0.862906460070342 4.57360680274049 -1.23082778427543 0.224306729259968 0.445061958111842 -5.92351656720498
"P00488" 0.444019034097457 0.373297292501453 1.22868676605633 0.225101585715467 0.445061958111842 -5.92608047552538
"AMY2A" 0.471627027991466 0.570364073266519 1.22821290352121 0.225277787972678 0.445061958111842 -5.92664736817012
"P08238" 0.825941499236634 1.08591880466753 1.22547392182054 0.226298248275093 0.445061958111842 -5.92992005152344
"GSTA1" -0.976830348590601 1.18884112702396 -1.2251737674964 0.226410282969733 0.445061958111842 -5.93027827498342
"KRT27" -1.44037535163666 0.822600485886249 -1.22138049976643 0.227829663965605 0.445434520447741 -5.93479830141332
"H2AZ2" -0.86915133591073 0.622406535074498 -1.22089540736934 0.228011648343297 0.445434520447741 -5.9353753838831
"KLKB1" -0.891014332353107 2.45522538487941 -1.21252346813072 0.231169254608331 0.450209258203261 -5.94530097863992
"HP" 1.11390602856362 0.619022881242853 1.20121785651281 0.235484007569755 0.457201257773894 -5.95860271363641
"PF4" -0.869151335910731 0.493140774575256 -1.19912947138688 0.236287423458669 0.457353877921534 -5.96104699099069
"CASP14" 0.603391619184552 0.43547856288609 1.19165598169988 0.239178896242513 0.46153481201537 -5.9697612544225
"AOCY" 0.637785017463869 0.299076449280129 1.1783512393735 0.244389985230279 0.469270729757909 -5.98514778006415
"ACTBL2" 0.751319738175664 0.466625960054164 1.17762892424457 0.244675229937166 0.469270729757909 -5.98597845159215
"S100A9" 0.638368689314608 0.734901277775447 1.1449682676428 0.257825651596948 0.492993897447497 -6.02303561050077
"CSN1S1" -0.84566600696302 1.04968891000601 -1.14291860432052 0.258667473542237 0.493109292462694 -6.0253283040375
"H2AZ1" -0.86915133591073 0.669371869306268 -1.13938445731552 0.260123600531936 0.494391541974854 -6.02927236127925
"P35900" 0.386733600610669 0.909107359925009 1.13713648315873 0.261052841448602 0.494667696558762 -6.03177504808192
"HGFAC" 0.338001070671917 0.363443167339019 1.13400788608121 0.262350039398216 0.495637349881062 -6.03525034514964
"P61204" 0.363621103472302 0.540338427439164 1.11432322004264 0.270617134255062 0.509729587208788 -6.05690807652864
"KRT25" -1.44037535163666 0.870916214072822 -1.10860271917656 0.273053781712487 0.512788500775533 -6.0631344570776
"C7" -0.909152438775706 3.19095786669979 -1.10397721333859 0.275035297573178 0.514977070530193 -6.06814674907401
"AFM" -0.89008349969934 3.6330774368852 -1.0956368148945 0.278633764164996 0.520171317124593 -6.07713422902616
"HABP2" 0.68760099187309 1.13805930585204 1.08905681363903 0.281495920650982 0.523964383276607 -6.08417898630221
"FGA" -0.755780354752499 3.17249349353836 -1.07642807473209 0.287046616860349 0.532724750702589 -6.09758653701263
"P04272" 1.07380660905306 1.21847887840817 1.07317868560695 0.288487059191916 0.533827959970965 -6.10101221981059
"KRT81" 1.10135473109967 0.615608932666368 1.06547577625614 0.291921777345475 0.538604214926885 -6.10909360451269
"YWHAe" 0.768036677151101 0.894440115061187 1.05194164091441 0.298025024146848 0.54826177911563 -6.12315820678583
"TAGLN2" -1.05271942954123 1.7896858980515 -1.04352358676317 0.301865201591536 0.553712041291451 -6.13181960419659
"P35625" -0.16621822890326 0.334972889619899 -1.03636953099191 0.305155347470899 0.558124707983007 -6.13912819115961
"KRT10" -1.83751602052048 1.86919749840774 -1.0234185788462 0.311173683958151 0.567487267565298 -6.15223656394229
"P84077" 0.363621103472302 0.497523308665411 1.02075068097385 0.312423424089975 0.568124439771683 -6.15491729500248
"AOCX" 0.948140233895472 0.648107272474439 1.01641409469372 0.314462104599292 0.569004281071997 -6.15926044471091
"F12AI" -0.678598298368351 4.11224061514221 -1.014657537352 0.315290443841708 0.569004281071997 -6.16101462129398
"C3" -0.394967828971126 6.60985039740058 -1.01397540002858 0.315612517234863 0.569004281071997 -6.16169505061204
"P34931" 0.538726662088451 0.704760182144938 1.00786656031073 0.318506755588287 0.572166364161071 -6.16776904925104
"CAPNS1" -0.53460855858337 0.739184125827107 -1.00407551175714 0.320311858767699 0.572166364161071 -6.17152078588786
"BPT2" -0.727761226409953 0.60882521501471 -1.00314310382625 0.32075687825582 0.572166364161071 -6.17244144821632
"FHL1" 0.366905049557803 0.658231571395055 1.00264770574749 0.320993491145831 0.572166364161071 -6.17293027211113
"TUBB2B" -1.19968547150751 0.765486657853197 -0.995933582188074 0.324211895540513 0.576275228411447 -6.17953245695937
"P62851" 0.366905049557803 0.538293948984258 0.992725665826719 0.325757229113202 0.577395538119187 -6.18267186635624
"CCDC168" 0.845572323620073 0.497858398849557 0.988404479187012 0.327846646948883 0.579471244327018 -6.1868854052034
"Q08554" 0.366905049557803 0.505329989393162 0.983344147514242 0.330304836547916 0.582185340395908 -6.19179724215361
"RGN" -0.576307607822582 1.02697867734299 -0.974173137981973 0.334791167656565 0.588449099697194 -6.20063740770711
"CLeC11A" 0.234814146782616 0.313556625083039 0.966279651995064 0.338684824367695 0.593639233822266 -6.20818237907868
"AOC3" 0.739051094078163 0.499763080736666 0.962652213409521 0.340484159588484 0.59513990221699 -6.2116298605115
"Q8N1N4" 0.694164610859264 0.896992418578169 0.95797874290373 0.342811654938369 0.597552912337322 -6.21605309042332
"GFAP" -0.809791960894583 1.07772854627193 -0.950671743451481 0.346471671485376 0.600924177552661 -6.22292731354373
"KRT18" 0.505783498721888 0.340387878901831 0.950316230584642 0.346650397193611 0.600924177552661 -6.22326047745101
"TG" 0.770731530875448 0.830439203374032 0.947542905994633 0.348046697798017 0.601691688522051 -6.22585534014421
"P16070" 0.218831455471676 0.292146950984891 0.936829006636296 0.353475460131968 0.609407145746644 -6.23581116542352
"GSTA2" -0.951760904721042 1.47844549928175 -0.933626611779785 0.355108781920811 0.610554881177199 -6.23876578792295
"Q0VCM4" 0.739051094078163 0.998684414612892 0.922544977694892 0.360798594126989 0.618441140635781 -6.24891471212873
"AGT" -0.443797310577414 5.10974841269168 -0.920885386336244 0.36165575419113 0.618441140635781 -6.25042455344976
"MAN2B1" 0.413458899128242 0.257721982999801 0.910458278063796 0.367071312109982 0.625702401931293 -6.25985073773735
"S100A7" 0.366905049557803 0.524428888572263 0.908899705879559 0.367885247411268 0.625702401931293 -6.26125079266775
"PPIA" -0.743390523935009 1.35382875730019 -0.903635244180671 0.370643073653086 0.628698331922304 -6.26596268723193
"eRC1" -0.16621822890326 0.453126800778874 -0.893246738537231 0.376123879210499 0.636284632122855 -6.27518317065137
"COL1A1" -0.852421096475373 1.249747684195 -0.8893270757551 0.378205165425257 0.638094811185393 -6.27863533737522
"SeRPINA7" -0.601610161070715 3.61633860496395 -0.885316383875595 0.380342341517812 0.639989379993971 -6.28215247125866
"FN1" 0.804151888123495 3.63302739964173 0.882576762008044 0.381806592410559 0.640744573965593 -6.2845461095187
"HNRNPR" 0.366905049557803 0.274976810390274 0.876248556399916 0.38520244818348 0.644728766057761 -6.29004767756706
"FeRMT3" 0.866251153154738 1.78631223336103 0.870867031814259 0.388105221638075 0.64754794309296 -6.29469606000251
"CNTN1" 0.637785017463869 0.660028748805807 0.86932547711675 0.38893925583555 0.64754794309296 -6.29602249230283
"SLC2A1" -0.16621822890326 0.273565477653511 -0.863696448071317 0.391994296821153 0.650916845510914 -6.30084665514522
"O43707" 0.50627778653942 0.363742985490342 0.859969628408719 0.394025187975381 0.652571899245317 -6.30402388182792
"P13929" 0.474781099862935 0.395447519903641 0.855512832238233 0.396462476641164 0.653766065358575 -6.30780594348964
"RDX" 0.388659656682265 0.501332519865363 0.854863445825482 0.396818388323826 0.653766065358575 -6.30835542557699
"PYGL" 0.298450074270666 0.289094199092255 0.828731371247162 0.411305177720584 0.675868664431481 -6.33013110872968
"P12814" 0.622429962671454 0.537805322538134 0.826159140727622 0.412748440989707 0.676478613674039 -6.33223903404267
"AHCY" 0.720096728824528 2.07720855762668 0.822025227266667 0.415074427839754 0.678528404059287 -6.3356134044734
"DDBX" 0.579081773231447 1.09075362379658 0.816299183866385 0.41830940462812 0.68189796464843 -6.34026018941643
"CFH" -0.507275007959998 4.64711187182647 -0.814556453473183 0.419297005203789 0.68189796464843 -6.34166817578531
"H2AC7" 0.238197344775539 0.298618059715194 0.80055183786579 0.427284586959989 0.693101733603478 -6.35287646984823
"CFL1" -0.485528913343652 0.963123840118628 -0.785958356015173 0.435704538857191 0.704947600048429 -6.36435465899421
"HMGB1" -0.86447607130313 1.37648863820139 -0.776029784962515 0.441488985734824 0.71247966751579 -6.37204612658181
"eNO3" -0.764378189424461 0.800492843654084 -0.772413737668772 0.44360693325146 0.713572220535564 -6.37482372057672
"P21291" -0.16621822890326 0.410715326481604 -0.771015138272452 0.444427706292356 0.713572220535564 -6.37589463313318
"RAP1B" -0.607266170467533 1.39753022001263 -0.767238147427851 0.446648706458431 0.715318106028603 -6.3787772275725
"NeFH" 0.428649026029214 0.384919047854502 0.76206905510376 0.449698841712486 0.718379668659693 -6.38269988379562
"ITIH1" -0.628284286436362 3.80924768927212 -0.756502572362415 0.452997042430915 0.721821044883605 -6.38689516131359
"GGH" 0.474781099862935 0.577545365003286 0.746154690038831 0.459165549502675 0.729470191327933 -6.39461420626261
"TUBB5" 0.833768268559625 2.02978074745611 0.744578185735377 0.46010956600399 0.729470191327933 -6.39578108950209
"ARF1" 0.363621103472302 0.648213854274732 0.740101442913894 0.462796351959417 0.731890972647599 -6.39908149768243
"P07737" -0.16621822890326 0.41744026887899 -0.735156947549644 0.465774324187265 0.732557654762764 -6.40270413914969
"LDHB" -0.668051366528897 1.58525526685111 -0.731645558400284 0.467895813576002 0.732557654762764 -6.40526238169293
"HBG1" -0.16621822890326 0.477156268145192 -0.730980786320279 0.468298072012387 0.732557654762764 -6.40574535679301
"HBG2" -0.16621822890326 0.477156268145192 -0.730980786320279 0.468298072012387 0.732557654762764 -6.40574535679301
"eHD3" 0.234814146782615 0.929085257842862 0.729241502046375 0.469351459152068 0.732557654762764 -6.40700696317775
"TUBB4B" 0.791181104502009 1.99452773543662 0.726020497469118 0.471305804391596 0.732557654762764 -6.40933558676116
"SeRPINA3-2" -0.554349239596314 4.68780865363659 -0.724470897701878 0.472247670813186 0.732557654762764 -6.41045227663191
"P37802" 0.234814146782615 0.354293361291635 0.724047025114978 0.472505492057758 0.732557654762764 -6.41075732585394
"CTSC" 0.413458899128242 0.512298981811556 0.720317357029901 0.474777511608115 0.734276004472355 -6.41343393280622
"PFKL" 0.298450074270666 0.353274024389126 0.708786072047811 0.481841054551997 0.743378252866284 -6.42162380554421
"KPRP" 0.505783498721888 0.531270244173194 0.704324000709882 0.484590055567094 0.745632087278255 -6.42475817773211
"CAP1" 0.770731530875448 1.32920007249191 0.702582599910261 0.485665273964125 0.745632087278255 -6.42597616115872
"UBB" 0.240585169078436 0.577739721944097 0.696033922398772 0.489720610098167 0.748217203321896 -6.43053004300456
"P0CG48" 0.240585169078436 0.577739721944097 0.696033922398772 0.489720610098167 0.748217203321896 -6.43053004300456
"P62979" 0.240585169078436 0.649622135978336 0.693802660705094 0.491106622387684 0.748522412383161 -6.43207209424005
"CPN1" 0.696277348104608 2.23358421359915 0.685781557930365 0.496107057777682 0.753132078953773 -6.43757548668121
"SeRPINA3-6" -0.943912983843355 3.76802438787071 -0.684869653085247 0.496677316417612 0.753132078953773 -6.43819718541133
"ARF3" 0.363621103472302 0.662656135431604 0.683155350722777 0.497750328043653 0.753132078953773 -6.43936372937815
"TUBA4A" 0.637012132255537 2.94213655683537 0.680939828496549 0.499138944453814 0.753132078953773 -6.44086709477966
"PFN1" -0.651385172615228 1.79396376116169 -0.679410367154482 0.500098797276752 0.753132078953773 -6.4419021318838
"RPL12" -0.16621822890326 0.361472331618091 -0.672675917303024 0.504337159809651 0.757706542475929 -6.44643239558486
"THBS4" -0.495930795536199 2.70759369313272 -0.670643097351572 0.505620354108489 0.757830031929826 -6.44779117267098
"HSPA5" -0.469049485834045 0.826080446789921 -0.668041925696883 0.507264895305033 0.758493243927668 -6.4495239608464
"APCS" 0.510672400653714 0.693876707081285 0.664565233871151 0.509467483079605 0.759985772631751 -6.45182966121609
"ACTN1" 0.622429962671454 0.758090282966487 0.648267679129474 0.519860923297208 0.77130505878064 -6.46248049098808
"YWHAG" 0.400066165066101 0.468170897201404 0.647862512182243 0.520120739893135 0.77130505878064 -6.46274196752752
"KRT73" -0.519976488830279 2.38515311888049 -0.643994908480918 0.522604342495467 0.77130505878064 -6.46522985923904
"IGF2R" 0.538726662088451 0.877479878395385 0.643898003771414 0.522666650953354 0.77130505878064 -6.46529200658529
"RPS4X" 0.304196760965243 0.513292028294379 0.643119598270826 0.523167298190355 0.77130505878064 -6.46579088349224
"PROS1" -0.81505337683699 2.03387790338065 -0.633526009814367 0.529358385089062 0.778613382263865 -6.47189066176875
"ACTA1" -0.865070824805731 2.17781526642366 -0.630202779484341 0.531511911093891 0.779962827674989 -6.47398260989598
"P11171" -0.16621822890326 0.343269224856955 -0.6258135547261 0.53436322718671 0.782327601751309 -6.47672900737165
"BLMH" -0.16621822890326 0.34131178630279 -0.618042068488487 0.539431173703838 0.787919144923894 -6.48154540837101
"P29279" -0.16621822890326 0.375357173522509 -0.607980231662911 0.546029382461278 0.792574557490771 -6.48769325800637
"P62987" 0.240585169078436 0.600125432816278 0.607713115344718 0.546205108849137 0.792574557490771 -6.48785511409453
"COL6A3" 0.298450074270666 0.260466421892031 0.606146259308327 0.547236469678179 0.792574557490771 -6.48880312225242
"P07195" -0.16621822890326 0.331726118496806 -0.605529611089286 0.54764264194291 0.792574557490771 -6.48917555723587
"RPL30" -0.16621822890326 0.316838166991133 -0.601736574125859 0.550144405492264 0.794373272003703 -6.49145821401632
"TUBB6" -0.527683743882361 0.781667074279942 -0.595169040784926 0.554489817679559 0.796913957304958 -6.49537715478481
"P50395" -0.16621822890326 0.305060164883725 -0.593255870551049 0.555758916337968 0.796913957304958 -6.49651080088833
"PARVB" 0.153005519023969 0.408945657906606 0.591629666453809 0.556838804735486 0.796913957304958 -6.49747157767372
"SeRPINA3-4" -0.635390863380531 4.28063114130312 -0.591453708784421 0.556955713425494 0.796913957304958 -6.49757537931443
"RBP4" -0.547752848959287 1.85734450256641 -0.588362348975007 0.559011664247301 0.797009448250699 -6.49939408274476
"O00299" 0.153005519023969 0.309808546473659 0.587555897470505 0.55954863007141 0.797009448250699 -6.49986698796406
"MFGe8" -0.16621822890326 0.28800563179801 -0.582954621147145 0.562617260059656 0.799575430400096 -6.50255295626872
"AKR1A1" 0.234814146782615 0.457750447432581 0.579639352009039 0.56483342107683 0.800921098201079 -6.50447532069781
"GPI" 0.474781099862935 1.05996408749265 0.575694384740871 0.567476145248297 0.80286423240286 -6.50674872989856
"HBe1" 0.224415026053785 0.355476418673161 0.558162243960546 0.579294186916773 0.817750854461932 -6.51666686315921
"CFD" -0.34429111047969 1.75420206290034 -0.55322064676847 0.582646610720977 0.820647346796733 -6.51940769388078
"MSN" 0.637785017463869 1.31140299204594 0.547437371684919 0.586581852937863 0.824349998226708 -6.52258479368907
"PRDX6" -0.386380901478256 0.846047017692961 -0.545504839285717 0.587899674860596 0.824365988526747 -6.52363909998682
"Q9BUF5" 0.304196760965243 0.589043054365598 0.538898272905356 0.592415416517635 0.827083374520563 -6.52721554203938
"TUBB4A" 0.549640620961201 0.741573985655821 0.538834496250262 0.592459089196981 0.827083374520563 -6.52724985751851
"IQGAP1" 0.351881139566107 0.787962784654897 0.527849999375615 0.600003609321145 0.835766616957268 -6.53310027061903
"UTRN" 0.234814146782615 0.277898308571694 0.520568745964039 0.605029194731531 0.839855543326236 -6.53691267150879
"CA2" 0.234814146782616 0.345645323777982 0.519741978231957 0.605601065314481 0.839855543326236 -6.53734225001027
"Q32LP2" 0.388659656682265 0.846657908552228 0.511565257918295 0.611270244772639 0.845858606253367 -6.54155441203073
"P15311" 0.234814146782615 0.776083929513556 0.505977683836177 0.615158178543227 0.849375953305856 -6.54439479948756
"DYNC1H1" 0.298450074270666 0.327439591398445 0.503781589063389 0.616689324713009 0.849630925532551 -6.54550271368544
"COLeC11" 0.234814146782615 0.487477162491397 0.499246322303915 0.619856812540994 0.852134310922368 -6.54777563072151
"P62937" -0.16621822890326 0.554483106393435 -0.487011526809285 0.628437972208557 0.862052957529563 -6.5538058053881
"ITIH2" -0.16621822890326 0.271640739549629 -0.480242626108782 0.633207941266736 0.866711954315207 -6.55707834909226
"CSTA" 0.147647139590678 0.381212035195322 0.477728656136835 0.634983534570205 0.86726106128528 -6.55828221941139
"P05109" 0.238197344775539 0.687321161041491 0.47515913047682 0.636800606125863 0.867864324979307 -6.55950622605278
"ACO1" 0.234814146782616 0.368919030414894 0.471009899412985 0.639739542506237 0.869990627847921 -6.56146892721458
"FMOD" 0.413458899128242 1.06522880756232 0.463796076186371 0.644863038124962 0.874376160850778 -6.56484065865105
"P02675" 0.157761659497528 0.361465457081215 0.462569686077271 0.645735801832745 0.874376160850778 -6.56540874285107
"ARF4" 0.183344398653849 0.30652531458429 0.452527872472889 0.652900920645145 0.882185183998044 -6.57000418976306
"P31946" 0.153005519023969 0.416300648724564 0.449531874510908 0.655045100031727 0.883191149829103 -6.57135588480321
"HSPA1L" -0.427231909097041 1.39618597961092 -0.443584251375002 0.659310389483323 0.887022897067001 -6.57401287207251
"O75083" -0.16621822890326 0.280586141774954 -0.440677946965299 0.661398795315245 0.887022897067001 -6.57529844246371
"P18065" -0.16621822890326 0.31297054960441 -0.439697059023121 0.662104254387571 0.887022897067001 -6.57573043506659
"WDR1" 0.234814146782615 0.49446527816826 0.429304144515871 0.66959778083193 0.891184351812642 -6.58024890756654
"P16402" -0.16621822890326 0.535435086540311 -0.429106949542807 0.669740294317266 0.891184351812642 -6.58033360429551
"CSRP1" 0.240585169078436 0.533260908749307 0.423956132496745 0.673467136939726 0.891184351812642 -6.58253224045319
"ACTC1" 0.541383365469767 3.14765073265295 0.423355753896632 0.673902077904114 0.891184351812642 -6.58278679845226
"FAP" 0.298450074270666 0.55780279319837 0.423094703943724 0.674091229178624 0.891184351812642 -6.58289737084465
"KRT80" -0.362478247109418 1.37415635638299 -0.421156513582321 0.675496264609413 0.891184351812642 -6.58371620897913
"P46781" -0.16621822890326 0.294764093673969 -0.420823402679396 0.675737861403054 0.891184351812642 -6.58385656439531
"ATIC" 0.234814146782615 0.543629985578278 0.419654603127263 0.676585834017596 0.891184351812642 -6.58434816305721
"BCL2L14" -0.16621822890326 0.278345186011782 -0.417491837065409 0.678156051558824 0.891184351812642 -6.58525424589386
"THeMIS" -0.16621822890326 0.314023317558594 -0.415870848944396 0.679333871983963 0.891184351812642 -6.58593030566245
"Q08188" 0.26123318420881 0.494699043019943 0.405691366076186 0.686748708885123 0.897107747968841 -6.59011613273512
"CSN1S2" -0.330891225603075 0.825354632457218 -0.405592017440549 0.686821230264418 0.897107747968841 -6.59015647755296
"Q14533" 0.26123318420881 0.451527797045678 0.403821237024661 0.6881143423406 0.897107747968841 -6.59087393332743
"MAPRe2" -0.16621822890326 0.42282012260482 -0.395472903419928 0.694223328392875 0.90320602106372 -6.5942143695049
"COLGALT1" -0.16621822890326 0.276744504294037 -0.39341372275788 0.695733330622297 0.903308089758579 -6.59502765552119
"Q86UX7" -0.16621822890326 0.290262389270065 -0.391213050898068 0.69734846478437 0.903545957451617 -6.59589216114638
"P00338" -0.16621822890326 0.339952528327364 -0.387550261135816 0.700039822682697 0.904378542131356 -6.59732035640516
"F2" -0.247944072759569 4.46967325870573 -0.382343068229732 0.703872670926463 0.904378542131356 -6.59932776304888
"P16403" -0.16621822890326 0.413501804493008 -0.371090172453473 0.712181995873276 0.904378542131356 -6.60357363282698
"H1-4" -0.16621822890326 0.413501804493008 -0.371090172453473 0.712181995873276 0.904378542131356 -6.60357363282698
"PLG" -0.243880872094356 5.08341324061474 -0.359104088096474 0.721071617590219 0.904378542131356 -6.60795743817826
"LDHA" -0.353643128420888 1.61294037748063 -0.358546675744606 0.721485987565525 0.904378542131356 -6.60815782384324
"P09210" -0.16621822890326 0.330527392169844 -0.357493254722746 0.722269311275412 0.904378542131356 -6.60853567552034
"GNPTG" -0.16621822890326 0.334506007324156 -0.356630381257276 0.722911167639162 0.904378542131356 -6.60884435577665
"eDIL3" 0.183344398653849 0.874239341804051 0.356115486897787 0.723294272367003 0.904378542131356 -6.60902819815101
"P00558" 0.157761659497528 0.750630568987068 0.352187546970043 0.726219184695585 0.904378542131356 -6.61042196766764
"KRT19" -0.366569574729958 2.96099265043905 -0.347082480876878 0.730026789380138 0.904378542131356 -6.61221043922962
"P06733" -0.16621822890326 1.00307738353785 -0.345250152879288 0.731395109154217 0.904378542131356 -6.61284602719324
"P11021" 0.183344398653849 0.437578763486024 0.344730747059461 0.731783144164638 0.904378542131356 -6.61302558689861
"P23526" 0.105245410853544 0.434848844648397 0.344698871997241 0.731806959525888 0.904378542131356 -6.61303659741539
"LOX" -0.166218228903261 0.69202037673911 -0.343009916736328 0.733069238092902 0.904378542131356 -6.61361855964472
"TBA1B" 0.326335278770033 2.81683154113251 0.342405890887516 0.733520851310733 0.904378542131356 -6.6138259978981
"COL1A2" 0.275919758783133 1.33481183586698 0.339369048576984 0.735792851381933 0.904378542131356 -6.61486341576089
"IGFBP4" -0.16621822890326 0.316080397760248 -0.339220652286898 0.735903934685735 0.904378542131356 -6.61491387382417
"P27348" 0.120039145696668 0.290054174300835 0.334751172543275 0.739252259856154 0.904378542131356 -6.61642330414146
"CAPN1" -0.16621822890326 0.388832623725532 -0.323620604627504 0.747612816446329 0.904378542131356 -6.62009570153952
"ASL" -0.166218228903261 0.347499488022769 -0.321620522381906 0.749118431538046 0.904378542131356 -6.62074250157771
"GDF6" -0.166218228903261 0.295749412812816 -0.32107707574649 0.749527696135762 0.904378542131356 -6.62091755521659
"eIF4A1" 0.120039145696668 0.281091213558205 0.319135763693703 0.750990273356454 0.904378542131356 -6.62154047840441
"FGB" 0.278465396378422 2.91781616788423 0.318221362687866 0.751679499758124 0.904378542131356 -6.62183258581176
"NCAM1" -0.16621822890326 0.308761910501216 -0.316786282898701 0.752761597562655 0.904378542131356 -6.62228934237123
"ACO2" -0.166218228903261 0.361765483052936 -0.315035673773209 0.754082293282406 0.904378542131356 -6.6228437418619
"KRT24" -0.16621822890326 0.307843755544185 -0.315010157064268 0.754101549110952 0.904378542131356 -6.62285180011308
"Q32Le4" -0.166218228903261 0.358614391703744 -0.31409546580038 0.754791912137789 0.904378542131356 -6.62314023299823
"FKBP4" -0.16621822890326 0.307773610383954 -0.313411532803379 0.755308242456399 0.904378542131356 -6.62335535426857
"CLIC1" 0.153005519023969 0.656642505144377 0.311061567521134 0.757083189709397 0.904378542131356 -6.62409094286615
"RASA1" -0.16621822890326 0.310522415542501 -0.301033137699385 0.764672490083618 0.904378542131356 -6.62716807251448
"FAM124B" -0.16621822890326 0.542232326333978 -0.300060534410712 0.765409790061087 0.904378542131356 -6.62746116356163
"RPL22" 0.078266594521552 0.348742198865514 0.297700330678928 0.767199896521389 0.904378542131356 -6.62816847497655
"MBL" 0.120039145696668 0.373473500404577 0.295340001573627 0.768991379947295 0.904378542131356 -6.62887025856951
"COL3A1" 0.078266594521552 0.302753326489726 0.294174139296096 0.769876736416901 0.904378542131356 -6.62921484434352
"RAP1BL" 0.147647139590678 0.558280460192407 0.289247526217189 0.773621412022353 0.904378542131356 -6.63065597380867
"CALD1" -0.166218228903261 0.613608729397705 -0.288722886284304 0.774020508269704 0.904378542131356 -6.63080801222068
"PGAM1" 0.120039145696668 0.402911325504952 0.285966339061548 0.776118437317452 0.904378542131356 -6.63160232840393
"GDI2" 0.183344398653849 0.851446839452645 0.285876855850595 0.77618656875077 0.904378542131356 -6.63162798628807
"FLNB" 0.120039145696668 0.413331594768217 0.283084553041805 0.778313483995804 0.904378542131356 -6.63242461337815
"MPV17L" -0.166218228903261 0.315558794847105 -0.281784521472095 0.77930431210638 0.904378542131356 -6.63279284574751
"FGG" -0.297201105323946 1.88977614221664 -0.281498211681936 0.779522574862833 0.904378542131356 -6.63287371565704
"F5" -0.245736385057023 4.62038982616386 -0.281028601870128 0.779880611664884 0.904378542131356 -6.63300618233252
"TCN2" -0.16621822890326 0.440545433393437 -0.279372807413236 0.781143395180647 0.904378542131356 -6.63347148686896
"P07900" -0.166218228903261 1.26570801424459 -0.279132390139979 0.781326797807236 0.904378542131356 -6.63353882008204
"HMGCR" -0.166218228903261 0.299332174844075 -0.276689474613811 0.783191088497238 0.904378542131356 -6.63421972627673
"TUBA1D" -0.335202849685455 1.70209257780935 -0.276147203488595 0.78360509277346 0.904378542131356 -6.63437006264081
"ARHGeF9" -0.16621822890326 0.399278493642343 -0.274094791059025 0.78517260609522 0.904378542131356 -6.63493640044644
"CHI3L1" -0.166218228903261 0.759499594345939 -0.273201253835852 0.785855319088928 0.904378542131356 -6.63518164505662
"CATHL3" -0.166218228903261 0.337409403174493 -0.273181329919127 0.785870544026319 0.904378542131356 -6.63518710437399
"ACTN4" -0.16621822890326 0.364055589207912 -0.271870693423445 0.786872257141132 0.904378542131356 -6.63554535773503
"ANXA5" -0.146610385766005 0.794981727204845 -0.271696971097937 0.787005059612012 0.904378542131356 -6.63559271460287
"FTL" 0.153005519023969 0.686434797671335 0.271414484484615 0.7872210208542 0.904378542131356 -6.63566965628559
"CKB" 0.120039145696668 0.278064743634779 0.269079470123107 0.789006785885601 0.904378542131356 -6.63630259498631
"SPON1" -0.16621822890326 0.468705315670895 -0.269020536981894 0.789051871426431 0.904378542131356 -6.6363184991084
"MAP4" -0.166218228903261 0.337161908363979 -0.268254010950582 0.789638352091173 0.904378542131356 -6.6365250429721
"eeF2" -0.16621822890326 0.411835233384375 -0.267375266457942 0.790310843990869 0.904378542131356 -6.63676110168849
"NACA" -0.166218228903261 0.816083855863542 -0.265571885226331 0.79169145235481 0.904378542131356 -6.63724312860742
"ILK" -0.166218228903261 0.589892980239292 -0.264784525540203 0.792294440221995 0.904378542131356 -6.63745256244076
"IGFBP2" -0.336891803698735 2.40775523204748 -0.264495845179096 0.792515553960915 0.904378542131356 -6.63752919466921
"P05786" 0.337068931412115 1.54148494534518 0.264494008755009 0.792516960618781 0.904378542131356 -6.63752968189407
"P08729" -0.16621822890326 0.723712998452794 -0.264281051887249 0.792680085315781 0.904378542131356 -6.63758615897636
"DSC1" -0.166218228903261 0.453335524236637 -0.263299328292134 0.793432205250849 0.904378542131356 -6.63784592979261
"ARFIP2" -0.16621822890326 0.436516442761799 -0.260160224638242 0.795838467701257 0.904378542131356 -6.63867008890831
"LeCT2" -0.166218228903261 0.40535114520609 -0.25908345365727 0.796664323144627 0.904378542131356 -6.63895052042067
"PYGB" 0.120039145696668 0.383107542668964 0.25846100330501 0.797141833609498 0.904378542131356 -6.6391121007999
"LGALS3BP" 0.153005519023969 0.705418077214483 0.256739879509019 0.798462594349623 0.904378542131356 -6.63955686561861
"eZR" 0.234814146782615 1.29807461408825 0.255758505214951 0.799215950640803 0.904378542131356 -6.63980914118603
"BRN" -0.166218228903261 0.463884710841 -0.254722569855362 0.800011400073395 0.904378542131356 -6.64007439704715
"TUBB2A" -0.16621822890326 0.306442143454817 -0.254630478709094 0.800082123202384 0.904378542131356 -6.64009792543017
"PKP1" -0.16621822890326 0.315565674847234 -0.25454194603578 0.800150115128662 0.904378542131356 -6.64012053665891
"GSTP1" 0.120039145696668 0.538057025454663 0.252454199878233 0.801753928185713 0.904378542131356 -6.64065147374079
"KRT40" -0.16621822890326 0.28844792166748 -0.251329816348587 0.802618040560316 0.904378542131356 -6.64093561017534
"CORO1A" 0.120039145696668 0.546552496626269 0.242390211080928 0.809497086476859 0.910503853060424 -6.64314967182807
"TRAP1" -0.166218228903261 0.607607333279489 -0.239794813216942 0.811497123263317 0.911129332347247 -6.64377749008823
"YWHAB" 0.153005519023969 0.691992842911427 0.236838681116334 0.813776690469678 0.91141241782426 -6.64448435549558
"THBS3" 0.0760862766653124 0.323629307052341 0.235722236622401 0.814638040654331 0.91141241782426 -6.6447490421488
"KRT222" 0.147647139590678 0.871570823600914 0.231363137846758 0.818003340347967 0.913557712848791 -6.64577054997169
"LASP1" -0.166218228903261 0.588559131748599 -0.224757674727239 0.823109449377338 0.915440901378671 -6.64728221216422
"APOA4" 0.196360107968323 2.28641850567132 0.223101836016141 0.824390655114378 0.915440901378671 -6.64765430253485
"C4BPA" 0.183344398653849 1.09352212121896 0.219141718305668 0.827456748495407 0.915440901378671 -6.64853306095379
"RAB8A" 0.078266594521552 0.302377082886402 0.215951922169577 0.82992840149679 0.915440901378671 -6.64922946258067
"HP20" 0.120039145696668 0.680981753881348 0.214656512974696 0.830932662527854 0.915440901378671 -6.64950936872837
"HSPA1B" -0.182512020477877 2.41794247840277 -0.213898060007253 0.831520782572189 0.915440901378671 -6.64967247164127
"HSPA1A" -0.182512020477877 2.41794247840277 -0.213898060007253 0.831520782572189 0.915440901378671 -6.64967247164127
"SULT1e1" 0.120039145696668 0.516658063393535 0.213824012933239 0.831578205415813 0.915440901378671 -6.6496883643568
"CD44" 0.105245410853544 0.274022207389356 0.212317676220376 0.832746556880122 0.915440901378671 -6.65001047693258
"CD14" 0.183344398653849 0.896772712450706 0.201878398382306 0.840853846237737 0.921700871926497 -6.65218033102348
"ARHGDIB" 0.0760862766653124 0.279676009478865 0.201224266198955 0.84136244410406 0.921700871926497 -6.65231266033968
"P63267" -0.16621822890326 0.706404285464378 -0.196671811991586 0.84490392668709 0.923976391229729 -6.65322173495252
"UBA1" 0.0760862766653124 0.371507614924474 0.180969948256001 0.857143219206821 0.929042904758869 -6.65619785593003
"eeF1A2" -0.16621822890326 0.504483922437861 -0.179274857497243 0.858466686164629 0.929042904758869 -6.65650436242793
"HSPA8" 0.17384829654508 2.18840594973386 0.179153022733457 0.858561826289969 0.929042904758869 -6.65652628164194
"P62736" -0.16621822890326 0.638998481544567 -0.178117383886221 0.859370636589797 0.929042904758869 -6.65671200187461
"Q06830" -0.0526321842851285 0.336582340418348 -0.177783283506144 0.859631593867342 0.929042904758869 -6.65677168641172
"YWHAQ" 0.120039145696668 0.514867348909609 0.176471075092551 0.86065667906934 0.929042904758869 -6.65700501971205
"LIMS1" -0.0526321842851285 0.626390033840329 -0.176274112181791 0.860810565634494 0.929042904758869 -6.65703989410654
"Q3SWY2" 0.120039145696668 0.975216442046511 0.174575658642455 0.86213778806151 0.929042904758869 -6.65733900966898
"HSP90B1" 0.0760862766653124 0.401908665735753 0.172648622893079 0.863644117371066 0.929042904758869 -6.6576748785236
"K2CA" 0.105245410853544 0.49157497204076 0.171860664054601 0.864260198246364 0.929042904758869 -6.65781114172921
"ACe" 0.0760862766653124 0.353554485651329 0.167419348118394 0.8677343077974 0.931191068401632 -6.65856754280763
"B4GALT1" 0.120039145696668 0.604090201189785 0.16074351829656 0.872961247746133 0.932487851715074 -6.65966729199233
"KRT83" 0.147647139590678 0.457778587254636 0.160738852720465 0.872964902756773 0.932487851715074 -6.65966804495133
"P05089" 0.078266594521552 0.390389495787338 0.160213984705288 0.87337610200255 0.932487851715074 -6.65975261196396
"SePTIN7" 0.0760862766653124 0.378903709138505 0.15465032118365 0.877737009464981 0.934584718829451 -6.66063204474991
"HP252" 0.0760862766653124 0.395237456647379 0.153929508664232 0.878302279343684 0.934584718829451 -6.66074370977553
"PLeK" -0.0526321842851285 0.356570434842956 -0.150188705445172 0.881236883453846 0.936128743197604 -6.66131484740304
"PCYOX1" 0.0760862766653124 0.410504855434628 0.141727063688054 0.887881057786782 0.940035883631327 -6.66255496257916
"KRT28" -0.166218228903261 1.15356301224141 -0.138992664413955 0.890029899986965 0.940035883631327 -6.66294035163073
"K2C4" -0.16621822890326 1.07211431784201 -0.138733297154813 0.890233768647538 0.940035883631327 -6.66297651758642
"VASP" 0.0760862766653124 0.502140227184709 0.137918910955986 0.890873943599895 0.940035883631327 -6.66308963623503
"Q00610" 0.0760862766653123 0.270744400877645 0.132620497675767 0.895040707105702 0.942855903478627 -6.66380933962495
"HSP90AA1" 0.132944524907189 2.00619567514892 0.129582550225021 0.897431156652881 0.943798433079946 -6.66420928924029
"JUP" 0.118222125804415 1.93676595742777 0.12184708969506 0.903522191062826 0.948623132380438 -6.66518585696402
"HSPA2" -0.104939291385824 0.692878943111484 -0.117758279349045 0.906744181187774 0.948706726851904 -6.66567779056721
"F12" 0.078266594521552 1.40352742793015 0.115941879534986 0.90817601869942 0.948706726851904 -6.66589094275749
"FTH1" 0.0380157710721687 0.282484824372127 0.111496489931175 0.911681533074108 0.948706726851904 -6.66639863369858
"CLTC" 0.0760862766653123 0.392360977696785 0.110991034945285 0.912080234823937 0.948706726851904 -6.66645510386852
"CST3" 0.0380157710721687 0.296271887536228 0.11032360879693 0.912606734007747 0.948706726851904 -6.66652927680842
"TIe1" -0.0526321842851286 0.329321550699608 -0.110110046206901 0.912775211243165 0.948706726851904 -6.6665529161888
"PGK2" 0.0380157710721687 0.431077244658023 0.108397594549272 0.914126291483293 0.948706726851904 -6.66674081319735
"ADAMTS13" 0.0380157710721688 0.332982228000967 0.106320127385166 0.915765702724709 0.948847550770593 -6.66696480942044
"TUBB3" -0.122361106663948 1.54141251624483 -0.103257293830108 0.918183377340908 0.949399373553334 -6.667287147384
"FLNC" 0.0380157710721687 0.271711608969947 0.101833566834226 0.919307475817887 0.949399373553334 -6.66743377670753
"HNRNPK" -0.0526321842851285 0.431388864781368 -0.0942864691921756 0.92526898159526 0.953994652592499 -6.66817706581985
"A2M" -0.028909745099706 6.85398639709391 -0.0853631671921354 0.932323120486182 0.958368871507272 -6.66898211377571
"PRDX1" -0.0526321842851284 0.546049595625712 -0.0848615696749545 0.932719816567563 0.958368871507272 -6.6690249938494
"GPLD1" 0.0759394942860759 1.27736996011665 0.0831571418762723 0.934067917554631 0.958368871507272 -6.66916881256891
"HPD" 0.0380157710721687 0.415668077339158 0.07511225528542 0.940433509973218 0.963333676612176 -6.66980825743528
"RAB1B" 0.0380157710721687 0.359511205731281 0.0699351281337426 0.944532063329776 0.965963909175184 -6.67018539009096
"F10" 0.0424151091226499 1.80481524069034 0.0616108617935415 0.951125226499735 0.971132715083062 -6.670735345351
"KRT17" -0.0847309356738526 3.15566229471789 -0.057591599901362 0.954309912389869 0.972810266103405 -6.67097597129297
"O43505" -0.00389965434637651 0.29264576963563 -0.0164637153251802 0.986931804395721 0.997187076313589 -6.67250571793381
"GALK1" -0.00389965434637651 0.276395954789196 -0.0104660713704772 0.991692250343429 0.997187076313589 -6.67258684299538
"PGM1" -0.00389965434637657 0.393637497378766 -0.00814689836329674 0.993533114133381 0.997187076313589 -6.67260852458861
"ALDOB" -0.00389965434637662 0.356123696946491 -0.00807492527292892 0.993590244021336 0.997187076313589 -6.6726091110135
"P63000" -0.00389965434637651 0.56948871392229 -0.00795651946626558 0.993684230756233 0.997187076313589 -6.67261006444227
"B4GAT1" -0.00389965434637651 0.601513335851212 -0.00781273835661525 0.993798359714825 0.997187076313589 -6.67261120326386
"P80209" -0.00389965434637649 0.368808821772609 -0.00763165299906141 0.993942099807305 0.997187076313589 -6.67261260800649
"ACTN3" -0.00389965434637651 0.28601249898022 -0.00759014168157857 0.993975050267234 0.997187076313589 -6.67261292538318
"ASS1" -0.00389965434637657 0.346997363117123 -0.00697037414491367 0.994467004693072 0.997187076313589 -6.67261745799237
"C1S" -0.00389965434637651 0.664569223577313 -0.00650018468223105 0.994840229614727 0.997187076313589 -6.67262063926774
"ITIH3" -0.00446057547077583 4.69375702630809 -0.00553452767308846 0.995606748141935 0.997187076313589 -6.67262647642579
"eNO1" 0.00128295259622435 2.99192467694863 0.00145850871153431 0.998842244984322 0.998842244984322 -6.67264079319441
