"logFC" "AveExpr" "t" "P.Value" "adj.P.Val" "B"
"H2AC6" -2.57464871060702 0.321811550347599 -8.91242541422805 8.5050884671082e-12 3.04852221731738e-09 16.574320707347
"H2AC4" -2.57464871060702 0.328575956505916 -8.75712559670561 1.44937664848687e-11 3.04852221731738e-09 16.0718603392787
"H2AC25" -2.57464871060702 0.328575956505916 -8.75712559670561 1.44937664848687e-11 3.04852221731738e-09 16.0718603392787
"Q7Z3Y7" -5.00446054296595 0.378250244393938 -7.7936511567893 4.15166751990592e-10 6.54925551265159e-08 12.8991412944004
"Q06830" 2.77175802232065 0.336582340418348 7.64450224654143 7.02174727207918e-10 8.86144505736392e-08 12.4008276883881
"H2BC12L" -3.35213022778545 0.477914723900764 -7.33850676301101 2.0715382167825e-09 1.86734373541394e-07 11.3740425869725
"H2BC13" -3.35213022778545 0.477914723900764 -7.33850676301101 2.0715382167825e-09 1.86734373541394e-07 11.3740425869725
"O60814" -3.35213022778545 0.497880389597874 -7.10070848831847 4.81497026344308e-09 2.33711248940968e-07 10.572843471888
"H2BC14" -3.35213022778545 0.497880389597874 -7.10070848831847 4.81497026344308e-09 2.33711248940968e-07 10.572843471888
"H2BC9" -3.35213022778545 0.497880389597874 -7.10070848831847 4.81497026344308e-09 2.33711248940968e-07 10.572843471888
"H2BC5" -3.35213022778545 0.497880389597874 -7.10070848831847 4.81497026344308e-09 2.33711248940968e-07 10.572843471888
"H2BC15" -3.35213022778545 0.497880389597874 -7.10070848831847 4.81497026344308e-09 2.33711248940968e-07 10.572843471888
"H2BC4" -3.35213022778545 0.497880389597874 -7.10070848831847 4.81497026344308e-09 2.33711248940968e-07 10.572843471888
"H2AC7" -2.57464871060702 0.298618059715194 -7.06520707063711 5.46190158968207e-09 2.46175707363528e-07 10.4530458355422
"COL6A1" -2.57888625168013 0.906037327762269 -5.91719762543718 3.21489947687707e-07 1.35240104660629e-05 6.57794221412041
"TUBB1" -2.74314538617327 1.29215683445709 -5.73620550010456 6.08336474449412e-07 2.39912697110987e-05 5.97174271837755
"TLN2" 4.61821409584917 0.966455129892931 5.70902204485599 6.69334809836544e-07 2.48441332356976e-05 5.88094069822194
"BCL2L14" 2.77175802232065 0.278345186011782 5.68432658315855 7.29994831953499e-07 2.55903743868143e-05 5.7985104739522
"P11142" -2.71223360654603 1.29353643577238 -4.50529800710161 4.16462621507259e-05 0.00138309428511095 1.96917884661492
"P68366" -2.42460361208654 1.76508982753113 -4.40167915456503 5.86546206958758e-05 0.00185055328295488 1.64682114295571
"KRT15" -5.42700064718358 0.898171136215576 -4.35589410904763 6.8176585310867e-05 0.00197293836156292 1.50535824527034
"P02763" 2.63161671874265 0.32012740065791 4.35317558315808 6.87870744126533e-05 0.00197293836156292 1.49697812950699
"AMY2A" -1.96025868248912 0.570364073266519 -4.16814411729845 0.000125580704774358 0.0034452793353313 0.931944164898081
"IGLC3" 2.49520860704466 0.303549571080174 4.13080697172116 0.000141628607957518 0.00372365215088308 0.819260523257274
"PLeK" 1.6928128158425 0.356570434842956 3.94411154270869 0.000256727481472705 0.00647980163237108 0.263058952556944
"IGKC" 3.68075073183536 0.647521334386395 3.93038750391053 0.000268081963173186 0.00650614302931847 0.222669526197054
"P23526" -1.41113631325316 0.434848844648397 -3.77363622877526 0.000437461699781947 0.0102128668279627 -0.233508709605671
"P02656" 1.5998165328322 0.312947293834637 3.76222350251144 0.000453185849735271 0.0102128668279627 -0.266341823454334
"FBLN1" -2.46212295353755 1.2055395696611 -3.63652059489934 0.000666505666089034 0.0145022439759373 -0.624392685841422
"KRT18" 2.30154687453458 0.340387878901831 3.53083713261613 0.000917495515477369 0.019297989008874 -0.920139360058842
"P02749" -2.46212295353755 0.451919943200276 -3.44209187836602 0.00119576192113425 0.0243395410398617 -1.16457249813401
"P23528" 1.2122596816529 0.716620014092231 3.37756235911078 0.00144675438159555 0.0285281879620872 -1.33997673701222
"P46781" -1.61267349848041 0.294764093673969 -3.33366574708753 0.00164528548620164 0.0314598527816132 -1.45814250315548
"P63000" -1.90900965526457 0.56948871392229 -3.18023718222214 0.00256157826430865 0.0475398789640811 -1.86354157331405
"Q14533" -2.50940945810465 0.451527797045678 -3.16728184728472 0.00265783532518651 0.0479169740055054 -1.8972148360517
"AMY2B" -1.96025868248912 0.74822742113586 -3.09241463239577 0.00328423619074712 0.0575653621211508 -2.09004992974271
"P16403" 1.68200573225774 0.413501804493008 3.0660740865558 0.00353584149999427 0.0578797833893347 -2.15717146160903
"H1-4" 1.68200573225774 0.413501804493008 3.0660740865558 0.00353584149999427 0.0578797833893347 -2.15717146160903
"KRT8" 2.81539482940698 1.37402142304736 3.06189786902766 0.00357735586716966 0.0578797833893347 -2.16777831615774
"P00338" -1.57171391075791 0.339952528327364 -2.99210790026848 0.00434238049293822 0.0685010522761005 -2.34359365346961
"P05089" -1.77749050768602 0.390389495787338 -2.97088365940094 0.00460379519520423 0.0697262799518853 -2.39651695046449
"P11171" 0.961355685087424 0.343269224856955 2.95532184735026 0.00480472343777961 0.0697262799518853 -2.43515715018673
"THeMIS" -1.43633528966999 0.314023317558594 -2.93420214220463 0.00509051542621402 0.0697262799518853 -2.48737460991483
"KRT86" -2.50940945810465 0.501964950096177 -2.9255692980369 0.00521183351709512 0.0697262799518853 -2.50864453384388
"KRT31" -2.66363041451352 0.616384676505695 -2.92395606901912 0.00523480088867534 0.0697262799518853 -2.51261446335797
"AMY1A" -1.96025868248912 0.755503261094872 -2.91913095318421 0.00530405933072978 0.0697262799518853 -2.52447934798318
"AMY1B" -1.96025868248912 0.755503261094872 -2.91913095318421 0.00530405933072978 0.0697262799518853 -2.52447934798318
"AMY1C" -1.96025868248912 0.755503261094872 -2.91913095318421 0.00530405933072978 0.0697262799518853 -2.52447934798318
"P09210" 1.65195332198302 0.330527392169844 2.90095734738565 0.00557264824599195 0.0717620621065494 -2.56904588545349
"eHD3" 1.13263081279342 0.929085257842862 2.87203588194187 0.00602628982366152 0.0760517775746084 -2.63956872159844
"TUBA1B" -1.92991301469717 1.66164867095912 -2.75247049952776 0.00828974000750199 0.102565214602623 -2.92579689329513
"P68032" 2.43626698741756 1.87318986533482 2.70850888823679 0.00930305150549341 0.11288895192243 -3.0288323143022
"KRT24" -1.71158433214709 0.307843755544185 -2.64849147598183 0.010870755240745 0.1294235199417 -3.16753557103986
"P61224" -1.03710462869286 0.922756113454085 -2.56940285874081 0.013306167609982 0.155485032627752 -3.34678141342728
"CSTA" 0.960568414115565 0.381212035195322 2.53769209880954 0.0144152191146226 0.16538187747867 -3.41750134311799
"P12259" -1.96054580096767 0.759135697267659 -2.50267490137586 0.0157370399243488 0.177322717719001 -3.49481899792544
"KRT33A" -2.07573912908541 0.335776781552413 -2.47545784816277 0.0168393108364667 0.186414125224746 -3.5543458089077
"RDX" 1.3724856858123 0.501332519865363 2.4648442295307 0.0172877629608371 0.188078938418762 -3.57742329744583
"P29279" 0.821103660242473 0.375357173522509 2.45224109768681 0.0178342834023953 0.190736149608669 -3.60472722901001
"KRT33B" -2.07573912908541 0.421834264019887 -2.42060889933305 0.0192753459927708 0.202274419101899 -3.67277843375127
"P15311" 1.3724856858123 0.776083929513556 2.41473400877839 0.0195542623854451 0.202274419101899 -3.68534157857069
"APOB" -2.40694651298168 1.56865439369341 -2.3562606802998 0.0225348035630978 0.227126540638862 -3.80907916667562
"P63267" 2.43626698741756 0.706404285464378 2.35365454130029 0.0226766593664791 0.227126540638862 -3.81453855695832
"HBG1" 0.629166427390091 0.477156268145192 2.25916120797968 0.0283910672427962 0.275611745080067 -4.00923370078088
"HBG2" 0.629166427390091 0.477156268145192 2.25916120797968 0.0283910672427962 0.275611745080067 -4.00923370078088
"Q08554" 1.01237592511312 0.505329989393162 2.21537896550672 0.0314482387486378 0.297551616023411 -4.09726879432379
"MYH9" -1.71158433214709 1.83979858127324 -2.21338402305182 0.0315942286427394 0.297551616023411 -4.10124688931418
"P02787" -2.46101233318377 0.814725741700157 -2.19107148156658 0.0332683374143949 0.30871060159534 -4.14554149363668
"RAP1BL" 1.27080934146382 0.558280460192407 2.0327285395881 0.0475583020957894 0.432221376017304 -4.44923264799773
"TUBA1A" -1.92991301469717 1.19948842838369 -2.02659851843814 0.0482052125514117 0.432221376017304 -4.46060805352775
"PIP" 0.842546563854472 0.463104733121213 2.02257953013954 0.0486334670320579 0.432221376017304 -4.4680503799285
"FLG2" 0.905992257911015 0.546101704521524 1.97993085934738 0.0533846041467748 0.461777765985115 -4.54625921333222
"P68133" 2.43626698741756 1.11980822651831 1.97960162388572 0.0534227843374222 0.461777765985115 -4.54685748452297
"H2BC18" 0.838708800435235 0.730843712997558 1.96750690969166 0.0548417496883204 0.467637081801759 -4.56877698595774
"P62826" 0.675738921199939 0.748294253470853 1.93764150133125 0.0584850390785146 0.49205412878057 -4.62241358830253
"KRT84" -1.78052458706996 0.579494009436698 -1.91078030671753 0.0619369674926511 0.514239822208721 -4.6700567553067
"P68371" -1.39711505887368 1.45345865388749 -1.90388521754914 0.0628505998745227 0.515048422348361 -4.68219461981459
"QSOX1" 0.567257626478563 0.805070645396471 1.8864724600513 0.065209142138902 0.527525239610861 -4.71267975137424
"P00751" 1.3316962096908 0.338174304148422 1.82288085554143 0.0744714562073611 0.588513688185479 -4.82195734474129
"P26038" 1.3724856858123 1.1333406550057 1.82195917650993 0.0746134628444348 0.588513688185479 -4.82351731794351
"P36955" -1.1600204624091 0.746790949493321 -1.80828697283244 0.0767469125551087 0.595076630534805 -4.8465774232967
"P00488" -0.796746285135258 0.373297292501453 -1.8001720339535 0.0780372720911066 0.595076630534805 -4.86019290466054
"HGFAC" -0.656604981557264 0.363443167339019 -1.7986909210525 0.0782747390402359 0.595076630534805 -4.86267220037783
"RPL22" 0.572837993692434 0.348742198865514 1.77905373158878 0.0814808929972105 0.612076708109998 -4.89537530054049
"eDIL3" -1.10259949053491 0.874239341804051 -1.74861972241228 0.0866664276585935 0.643370774736147 -4.9454378854944
"P68871" -1.2880225352833 0.444238308283867 -1.73195764317813 0.0896199495794378 0.657560327728201 -4.97252481565437
"DCD" 0.677338889618424 0.409362076418307 1.7116639057546 0.0933295880755314 0.676907702019084 -5.00520687930601
"P54652" -1.10870166685288 0.339616098038885 -1.69420638842243 0.0966215846528118 0.692820680862776 -5.03304899855363
"P19823" -0.810741305904311 1.72378064659439 -1.67029929949463 0.101284574750188 0.718096254689539 -5.07076675413781
"PKM" 0.753194087373076 1.39826985526521 1.61471116246862 0.112843186900803 0.79115612149341 -5.15662045671451
"KPRP" 1.41005565880805 0.531270244173194 1.60323969726222 0.115357206167643 0.797748348762856 -5.1740142038287
"IGHG4" 1.3724856858123 0.354738482674643 1.59893624424822 0.116311962101716 0.797748348762856 -5.18051068150194
"P02753" -0.958656568332408 0.304305999228133 -1.5435957978806 0.129168745571197 0.876402994144359 -5.26265113886939
"P07900" -1.10259949053491 1.26570801424459 -1.51183272501609 0.137047522175185 0.919967941410017 -5.30861468015175
"ILK" -1.15735863225192 0.589892980239292 -1.5053458020812 0.13870267580879 0.921277773003647 -5.3178951330901
"CASP14" -0.918659572102126 0.43547856288609 -1.48135994916225 0.144960943041203 0.952816198531237 -5.35189497740075
"P02751" -1.71158433214709 0.622009498720353 -1.46751993777952 0.148672249776131 0.967135975347821 -5.37128669258053
"APOM" 0.954089370720382 0.449846401681055 1.43382280377475 0.158021155970773 0.986991442426466 -5.417804968057
"P62851" -0.633242584671049 0.538293948984258 -1.39894308135374 0.168175295144203 0.986991442426466 -5.46491140701446
"IGHG2" 1.3724856858123 0.404079427542237 1.37433702552024 0.175637349530642 0.986991442426466 -5.49750022138759
"P08238" -1.10259949053491 1.08591880466753 -1.33575541711708 0.187846671414386 0.986991442426466 -5.54752213204
"RPS4X" 0.756163348061749 0.513292028294379 1.30529042509159 0.197935612718028 0.986991442426466 -5.58608693192473
"HBe1" 0.629166427390091 0.355476418673161 1.27769864560109 0.207420992168251 0.986991442426466 -5.62029972151186
"SeRPINB12" 0.64794541171797 0.57571456833276 1.26377110340332 0.212336235543874 0.986991442426466 -5.63731028484496
"P35625" 0.247505866501312 0.334972889619899 1.26001540132508 0.213676417027261 0.986991442426466 -5.64186752787963
"S100A7" 0.61935201575889 0.524428888572263 1.25272054472577 0.21629747035739 0.986991442426466 -5.65068299919752
"Q06033" -0.946791383655734 0.590504811827602 -1.22935309776347 0.224853986966477 0.986991442426466 -5.67859860131985
"VTN" 0.484068360255524 1.30500717022259 1.2019558221919 0.235200584340665 0.986991442426466 -5.71069991047739
"P05109" 0.727876849850488 0.687321161041491 1.18553516443631 0.241566125110823 0.986991442426466 -5.72961369993914
"P62937" 0.481581267583253 0.554483106393435 1.15208506290068 0.254917913556455 0.986991442426466 -5.7673831740156
"Q14624" -0.976479441336388 0.627085872180991 -1.0924191254452 0.280030828336211 0.986991442426466 -5.83221129956967
"P02649" 0.597699411930721 0.591694934187602 1.07988036333437 0.285521722691589 0.986991442426466 -5.84541851892352
"P02788" -0.590878895459759 1.24423163318215 -1.06883021122048 0.290422571151993 0.986991442426466 -5.85693743016107
"P05543" -0.514604707614384 0.424580065328214 -1.03839917856808 0.304219430536232 0.986991442426466 -5.88807519548859
"FHL1" -0.46072886170773 0.658231571395055 -1.02800319618244 0.309034034132391 0.986991442426466 -5.89851573962659
"P02768" -0.476069609886625 3.23301415862248 -0.998809064442922 0.322830893997732 0.986991442426466 -5.92729726096626
"Q02413" 0.818731676636918 0.973412188118829 0.989756219869243 0.327192079874216 0.986991442426466 -5.93606073067106
"P13929" 0.622459756423367 0.395447519903641 0.915796026489386 0.364292549224345 0.986991442426466 -6.00478101235591
"P00747" -0.815402759607777 1.01723332705427 -0.909686734905605 0.367474091419065 0.986991442426466 -6.01022753280092
"LIMS1" -0.329142754826962 0.626390033840329 -0.900069016806006 0.372518767648218 0.986991442426466 -6.01873051491421
"P63261" -0.286135083597519 2.45979019689723 -0.862046300299332 0.392892718580168 0.986991442426466 -6.05149002510752
"P60709" -0.286135083597519 2.45979019689723 -0.862046300299332 0.392892718580168 0.986991442426466 -6.05149002510752
"RPL30" 0.279997334951345 0.316838166991133 0.827629623038666 0.411922983599168 0.986991442426466 -6.07996066362132
"P19827" -0.697394457678764 0.489176403833407 -0.824785816519762 0.413520270545256 0.986991442426466 -6.08226278419415
"P05452" 0.392069561457979 0.63467875107243 0.807588139122537 0.423260036470178 0.986991442426466 -6.09602050153988
"P14923" 0.757826561938708 0.931804160540682 0.805487247135155 0.424459280975332 0.986991442426466 -6.09768183788706
"Q08188" -0.618795842336454 0.494699043019943 -0.784637713356117 0.43647134521781 0.986991442426466 -6.11394077257932
"SYNCRIP" 0.466235350297895 0.978798074633221 0.769989268702973 0.445030309176883 0.986991442426466 -6.12511545716885
"HRNR" 0.316072841154619 0.465822623919104 0.741705199538187 0.461832797151151 0.986991442426466 -6.14611066671209
"PGK2" 0.316072841154619 0.431077244658023 0.735863720607342 0.46534797744761 0.986991442426466 -6.15035117245377
"ANXA2" 0.435973143581781 1.02910085649948 0.724546664234338 0.472201594106416 0.986991442426466 -6.15847329461302
"DSP" 0.693316803144937 1.36211428931009 0.697796697511612 0.488627148343126 0.986991442426466 -6.17718167935156
"HBD" 0.599450212152701 0.814906290238242 0.659275424994446 0.512828614295371 0.986991442426466 -6.20291062608877
"P01023" -0.665084253194241 2.29391897658004 -0.607834711063836 0.546125111738418 0.986991442426466 -6.23503046309649
"H4C1" 0.312927153312643 0.852768548672937 0.599542433925688 0.551594234180068 0.986991442426466 -6.23996800207297
"P02774" -0.571380542847967 0.817341281900046 -0.596226996708429 0.553788652301805 0.986991442426466 -6.24192344706283
"P0DMV8" -0.443399545962963 0.839672292936283 -0.583074287777657 0.562537347391943 0.986991442426466 -6.2495756403431
"P0DMV9" -0.443399545962963 0.839672292936283 -0.583074287777657 0.562537347391943 0.986991442426466 -6.2495756403431
"P08697" 0.296288578416448 0.422768746850354 0.578404198434828 0.565660190906044 0.986991442426466 -6.25225220392249
"P00558" 0.316072841154618 0.750630568987068 0.576121496932202 0.567189729303471 0.986991442426466 -6.25355276457467
"UBB" 0.230716376902286 0.577739721944097 0.544997296699635 0.588246009438343 0.986991442426466 -6.27077932462927
"P0CG48" 0.230716376902286 0.577739721944097 0.544997296699635 0.588246009438343 0.986991442426466 -6.27077932462927
"P62979" 0.230716376902284 0.649622135978336 0.543250210024468 0.589438921104523 0.986991442426466 -6.27171830905763
"P07996" -0.425142631952043 1.8511055360765 -0.518522772963936 0.606444837822001 0.986991442426466 -6.28468876657326
"CTSD" 0.247505866501311 0.404874234398911 0.51732580751711 0.607273745715631 0.986991442426466 -6.28530146627883
"P06733" 0.296695078605923 1.00307738353785 0.503176027508488 0.617111833102562 0.986991442426466 -6.29243828589617
"P06396" -0.473115604694687 1.8637240805787 -0.493225028328723 0.624073417253376 0.986991442426466 -6.29734005809355
"P04406" 0.312402028176866 1.46040235764334 0.490700226788084 0.625845287111149 0.986991442426466 -6.29856834023234
"P02647" 0.422792895171957 0.803771327597334 0.489952678622401 0.62637033419374 0.986991442426466 -6.2989308151419
"P02771" -0.294079129830391 1.20445681963199 -0.476345020460578 0.635961708716202 0.986991442426466 -6.30543332603403
"P62987" 0.230716376902286 0.600125432816278 0.475841757669437 0.636317657593438 0.986991442426466 -6.30567033559601
"AZGP1" 0.306390696733579 0.618569799322471 0.475471645688086 0.636579486523135 0.986991442426466 -6.30584447997081
"LYZ" 0.234490962354087 0.618327282928133 0.456150828106965 0.650311984554254 0.986991442426466 -6.31474882247827
"P02765" -0.538474659273109 1.06939274474532 -0.453453769407456 0.652238870096263 0.986991442426466 -6.31596269406848
"P07737" 0.124039785760065 0.41744026887899 0.447936851747647 0.656187826813134 0.986991442426466 -6.31842347595886
"KRT9" 0.197916197693134 2.75795260815414 0.446993517120134 0.656864053575396 0.986991442426466 -6.31884125355834
"SeRPINB3" -0.370447588054144 0.783301319974117 -0.443497307518011 0.659372825796067 0.986991442426466 -6.32038201391996
"IQGAP1" -0.354863708558623 0.787962784654897 -0.434640801596317 0.66574563301689 0.986991442426466 -6.3242313260571
"P01008" 0.37187544458326 1.58182119686144 0.432703296267914 0.667143134013596 0.986991442426466 -6.32506315759804
"P08727" 0.374370434767599 1.29650660735389 0.390892076632703 0.697584155130597 0.986991442426466 -6.34211505350931
"HSPA6" 0.265649027931209 0.711514689119529 0.38603710453956 0.701152802509077 0.986991442426466 -6.34398362007728
"PZP" -0.461197159643016 1.58382233784497 -0.385850470117893 0.701290124564363 0.986991442426466 -6.34405498816906
"P00734" 0.400361932052169 0.971546688862607 0.382882702904259 0.703475100565697 0.986991442426466 -6.34518523897126
"KRT3" 0.2426664544057 1.58048859238809 0.328990331618405 0.743575534091863 0.986991442426466 -6.3641997398527
"KRT6A" 0.332777612080668 2.4219735959836 0.312653191333398 0.755880878711525 0.986991442426466 -6.36939788256077
"P01024" -0.252734313870783 2.16965196404416 -0.311374863091612 0.756846478531047 0.986991442426466 -6.36979350090244
"S100A9" 0.203484263635691 0.734901277775447 0.297993692939607 0.766977324733552 0.986991442426466 -6.37383781602976
"SLC2A1" 0.0688319848804491 0.273565477653511 0.292029783764974 0.771505968270158 0.986991442426466 -6.37558333490122
"ALB" 0.0688319848804491 7.83356785233269 0.282981354729532 0.778392123755293 0.986991442426466 -6.37816448682703
"P09429" 0.217702847463524 1.13960692870907 0.278395090852418 0.781889325681103 0.986991442426466 -6.37944184568807
"RPL12" 0.0840502484336318 0.361472331618091 0.277728597538552 0.782397932884967 0.986991442426466 -6.37962574510978
"P18065" -0.126068460414558 0.31297054960441 -0.272292531708799 0.786549808407599 0.986991442426466 -6.38110926244516
"KRT16" -0.222533863514941 2.30697925096178 -0.26904787556306 0.789030956538296 0.986991442426466 -6.38198080657448
"KRT77" -0.260415290458178 1.11212838504281 -0.249921591154155 0.803700642210461 0.986991442426466 -6.38690659917477
"P16402" -0.116674044451556 0.535435086540311 -0.245932271391373 0.806769614570612 0.986991442426466 -6.38788837135089
"P08729" -0.18807580424096 0.723712998452794 -0.244160088845036 0.808133937347976 0.986991442426466 -6.38831945106295
"P16070" 0.0688319848804491 0.292146950984891 0.240599790045551 0.810876664540204 0.986991442426466 -6.38917608679269
"O43505" 0.0688319848804492 0.29264576963563 0.237271949014259 0.81344248160978 0.986991442426466 -6.38996544142711
"BLMH" -0.0764842187108794 0.34131178630279 -0.232201805378134 0.817355603657007 0.986991442426466 -6.39114698024731
"CLeC11A" 0.0688319848804491 0.313556625083039 0.231272097831528 0.81807366193396 0.986991442426466 -6.39136087538911
"NeFH" 0.158114826825942 0.384919047854502 0.229519427931841 0.819427761603952 0.986991442426466 -6.39176177862227
"KRT4" 0.138760552280447 0.841445248595557 0.220494781737607 0.826408841035331 0.986991442426466 -6.39377788592195
"P08603" 0.204855829021451 0.361869046592644 0.219746502014032 0.826988322196876 0.986991442426466 -6.39394142896277
"PARVB" 0.0688319848804491 0.408945657906606 0.217313902218948 0.828872840549371 0.986991442426466 -6.39446926109902
"O00299" 0.0688319848804491 0.309808546473659 0.215817549543115 0.830032560076948 0.986991442426466 -6.39479103085234
"P61981" 0.0688319848804491 0.3862453650712 0.214890659766118 0.83075111999035 0.986991442426466 -6.39498923264004
"COL3A1" 0.0688319848804491 0.302753326489726 0.211238326258588 0.833583961507817 0.986991442426466 -6.39576194308194
"P35443" 0.0688319848804491 0.314705057137273 0.207486978635737 0.836495921328006 0.986991442426466 -6.39654183803251
"P07195" 0.0688319848804491 0.331726118496806 0.204739387066568 0.838630190962015 0.986991442426466 -6.39710420513322
"O95678" 0.224449715352722 1.40815289159792 0.20385080595107 0.839320684348146 0.986991442426466 -6.39728447528715
"P50395" 0.0688319848804492 0.305060164883725 0.200589436232137 0.841856099478718 0.986991442426466 -6.39793941437134
"MFGe8" 0.0688319848804491 0.28800563179801 0.197106416656626 0.844565694651522 0.986991442426466 -6.39862722022639
"C4A" 0.134019344902936 1.69571761681544 0.195315185386301 0.845959913691353 0.986991442426466 -6.39897625847321
"ACTB" 0.0688319848804491 4.58489953713887 0.187879783579766 0.85175258707597 0.986991442426466 -6.40039110376037
"ACTG1" 0.0688319848804491 4.58489953713887 0.187879783579766 0.85175258707597 0.986991442426466 -6.40039110376037
"P00742" 0.0688319848804492 0.369009306496356 0.183398636139481 0.85524770799101 0.986991442426466 -6.40121732111406
"AHSG" 0.0688319848804491 6.27250171719331 0.182565045157155 0.855898201931361 0.986991442426466 -6.40136881858447
"P21291" -0.0481864860784893 0.410715326481604 -0.182500425934712 0.855948631858564 0.986991442426466 -6.40138053374858
"LOXHD1" 0.0688319848804491 0.305129942147082 0.179764751973679 0.858084151556334 0.986991442426466 -6.40187269958383
"TF" 0.0688319848804491 6.43319179890424 0.176898565574989 0.86032270074122 0.986991442426466 -6.40238038259352
"GC" 0.0688319848804491 4.99867536177431 0.174758653333347 0.86199477117067 0.986991442426466 -6.4027541086514
"THBS3" 0.0688319848804492 0.323629307052341 0.174116081541668 0.862496984527142 0.986991442426466 -6.40286544411642
"KRT14" 0.128913689339213 2.44276934440136 0.173468787652033 0.863002946467172 0.986991442426466 -6.40297718363043
"P37802" 0.0688319848804492 0.354293361291635 0.173295457563742 0.863138441026255 0.986991442426466 -6.40300703429351
"P61204" 0.0688319848804492 0.540338427439164 0.172229191833537 0.863972047050548 0.986991442426466 -6.40319000946444
"AFP" 0.0688319848804491 5.63990601640145 0.16878038100099 0.866669390242047 0.986991442426466 -6.40377411415237
"A2M" 0.0688319848804491 6.85398639709391 0.165947579220143 0.868886147407489 0.986991442426466 -6.40424506182133
"P31946" 0.0688319848804492 0.416300648724564 0.165119383561864 0.86953443839115 0.986991442426466 -6.404381243557
"FTH1" 0.0688319848804491 0.282484824372127 0.164832200125139 0.869759259588417 0.986991442426466 -6.40442830674756
"P02675" 0.0688319848804491 0.361465457081215 0.164786020637414 0.869795412156715 0.986991442426466 -6.40443586693539
"CST3" 0.0688319848804492 0.296271887536228 0.163098256949331 0.871116904832714 0.986991442426466 -6.40471072412323
"P63104" 0.0688319848804492 0.884129142970355 0.162722281552282 0.871411338385008 0.986991442426466 -6.40477156785544
"ITIH2" 0.0688319848804491 0.271640739549629 0.162377824489665 0.871681105453791 0.986991442426466 -6.4048271878883
"SeRPINF1" 0.0688319848804491 4.38231994384435 0.158855486090278 0.874440558998114 0.986991442426466 -6.40538918797282
"P84077" 0.0688319848804492 0.497523308665411 0.15776667100317 0.87529387366445 0.986991442426466 -6.40556042075895
"ADAMTS13" 0.0688319848804491 0.332982228000967 0.157179661218931 0.875753980879646 0.986991442426466 -6.4056522489037
"A1BG" 0.0688319848804491 4.15117798268516 0.157073954360463 0.875836840132181 0.986991442426466 -6.40566874869165
"P27348" 0.0688319848804491 0.290054174300835 0.1567270195394 0.876108797905427 0.986991442426466 -6.40572282384287
"PYGL" 0.0688319848804491 0.289094199092255 0.156058256870861 0.876633074951095 0.986991442426466 -6.40582672379423
"RAB8A" 0.0688319848804492 0.302377082886402 0.155069112127191 0.87740861805239 0.986991442426466 -6.4059795850601
"TRPC4" 0.0688319848804491 0.269665615237759 0.152500238850024 0.879423318912972 0.986991442426466 -6.40637204031836
"HBBF" 0.0688319848804491 5.04709494072043 0.152496574036494 0.879426193709797 0.986991442426466 -6.40637259552573
"GALK1" 0.0688319848804492 0.276395954789196 0.1508350395732 0.880729722640612 0.986991442426466 -6.40662293963722
"HBA" 0.0688319848804491 4.52126570357216 0.150671357032149 0.880858155118741 0.986991442426466 -6.40664745350132
"FLNC" 0.0688319848804492 0.271711608969947 0.150546899532329 0.880955812077151 0.986991442426466 -6.40666607504352
"SeRPINA1" 0.0688319848804491 6.29018619540095 0.150105583237973 0.881302110838558 0.986991442426466 -6.40673198163015
"eIF4A1" 0.0688319848804491 0.281091213558205 0.149416047424533 0.881843233077814 0.986991442426466 -6.40683457059194
"O75083" 0.0688319848804492 0.280586141774954 0.149000364479492 0.882169473194354 0.986991442426466 -6.40689618780338
"ARHGDIB" 0.0688319848804492 0.279676009478865 0.148634177427153 0.882456884567984 0.986991442426466 -6.40695032609072
"P13645" -0.0599464067184945 2.97643993189695 -0.146828879624425 0.88387405174323 0.986991442426466 -6.40721528173699
"GSN" 0.0688319848804492 4.6420356331314 0.144959834348756 0.885341664716945 0.986991442426466 -6.4074861850961
"FeTUB" 0.0688319848804492 4.53036562922424 0.14459885622159 0.885625159102794 0.986991442426466 -6.40753810651423
"C3" 0.0688319848804492 6.60985039740058 0.144281403984776 0.885874482881274 0.986991442426466 -6.40758366048213
"MYH14" 0.0688319848804491 0.505922711842503 0.144216847979474 0.885925185941627 0.986991442426466 -6.4075929119425
"P49747" 0.0688319848804493 0.476961206766378 0.139443061473959 0.889675895309707 0.986991442426466 -6.40826557518656
"AKR1A1" 0.0688319848804491 0.457750447432581 0.138732517701328 0.890234381327279 0.986991442426466 -6.40836376211855
"ARF4" 0.0688319848804491 0.30652531458429 0.138714656633154 0.890248420816827 0.986991442426466 -6.40836622380374
"MBL" 0.0688319848804491 0.373473500404577 0.138275118936028 0.890593925596165 0.986991442426466 -6.40842670289076
"TLN1" -0.0711529329568057 2.71389669310979 -0.135531664546313 0.892750937968855 0.986991442426466 -6.40879985964356
"KRT13" -0.0879597092179587 1.5651524960697 -0.134826880623141 0.893305199742509 0.986991442426466 -6.40889451599486
"HNRNPR" 0.0688319848804492 0.274976810390274 0.134220326354313 0.893782254002735 0.986991442426466 -6.40897558473832
"CATHL2" 0.0688319848804492 0.348458948683919 0.134059745070859 0.893908557645023 0.986991442426466 -6.40899698600964
"PGAM1" 0.0688319848804491 0.402911325504952 0.133886467578888 0.894044850477749 0.986991442426466 -6.40902005063585
"P61284" 0.0688319848804492 0.272669072133968 0.133780875585163 0.894127906308667 0.986991442426466 -6.40903409116144
"MAPRe2" 0.0688319848804493 0.42282012260482 0.133715805742311 0.894179089098405 0.986991442426466 -6.40904273796021
"UBA1" 0.0688319848804492 0.371507614924474 0.133673338241772 0.894212493529699 0.986991442426466 -6.40904837898228
"PFKL" 0.0688319848804491 0.353274024389126 0.133471378948362 0.894371354956651 0.986991442426466 -6.40907518103517
"P62258" 0.0688319848804491 0.499107347535886 0.133038391660647 0.894711958001364 0.986991442426466 -6.40913250638104
"COLGALT1" 0.0688319848804491 0.276744504294037 0.133019563347412 0.894726769470043 0.986991442426466 -6.40913499493245
"FLNB" 0.0688319848804492 0.413331594768217 0.132537245318087 0.895106202345347 0.986991442426466 -6.4091986232589
"Q86UX7" 0.0688319848804492 0.290262389270065 0.132275480482658 0.895312139460302 0.986991442426466 -6.40923305909433
"MYH11" 0.0688319848804492 0.652544957969425 0.130462957967579 0.896738296260077 0.986991442426466 -6.40946963471618
"LPA" 0.0688319848804491 0.288490087895019 0.128516072016791 0.898270558133985 0.986991442426466 -6.40972011443496
"C4" 0.0688319848804493 4.59241938916497 0.12841830379515 0.898347515233554 0.986991442426466 -6.40973259372301
"HSP90B1" 0.0688319848804491 0.401908665735753 0.127526796506101 0.899049300038367 0.986991442426466 -6.40984594926524
"P51884" 0.0688319848804491 0.355631198281322 0.127287068677231 0.899238025079289 0.986991442426466 -6.40987629613304
"CKB" 0.0688319848804492 0.278064743634779 0.125980211066128 0.900266947991798 0.986991442426466 -6.41004072630768
"GPX3" 0.0688319848804492 0.481329126730382 0.125609564401122 0.900558799268589 0.986991442426466 -6.41008705277545
"UTRN" 0.0688319848804492 0.277898308571694 0.124594392209396 0.901358227924847 0.986991442426466 -6.41021323889349
"CA2" 0.0688319848804491 0.345645323777982 0.124396511288046 0.90151406740093 0.986991442426466 -6.41023771636129
"MAN2B1" 0.0688319848804492 0.257721982999801 0.123757739681767 0.902017153351479 0.986991442426466 -6.41031646578009
"ACe" 0.0688319848804491 0.353554485651329 0.123664195988987 0.902090830227644 0.986991442426466 -6.41032796407855
"ORM1" 0.0688319848804491 3.86425014046426 0.122519218745575 0.902992707379137 0.986991442426466 -6.41046799950237
"S100A12" 0.0688319848804492 0.286516449992109 0.121305068474006 0.903949211825826 0.986991442426466 -6.41061507296426
"ITIH4" 0.0688319848804491 5.50207756163405 0.121053759655855 0.904147210265164 0.986991442426466 -6.41064533186294
"PYGB" 0.0688319848804491 0.383107542668964 0.121008755271561 0.904182668475759 0.986991442426466 -6.41065074400565
"APOH" 0.0688319848804491 3.60746490795528 0.120834404927032 0.90432003809013 0.986991442426466 -6.41067169206213
"GNPTG" 0.0688319848804492 0.334506007324156 0.120582518725355 0.904518502965026 0.986991442426466 -6.41070190268489
"ANG1" 0.0688319848804492 0.327357710119103 0.119984593622326 0.904989641627823 0.986991442426466 -6.41077336409282
"APOA1" 0.0688319848804491 5.65700133956763 0.119956149776288 0.905012054987145 0.986991442426466 -6.41077675473168
"TTR" 0.0688319848804491 3.61322770476154 0.11991306289691 0.905046007003875 0.986991442426466 -6.41078188935803
"COLeC11" 0.0688319848804492 0.487477162491397 0.119491023178963 0.905378579402859 0.986991442426466 -6.41083208600262
"ADIPOQ" 0.0688319848804491 2.93752513994763 0.118659070279278 0.906034218400771 0.986991442426466 -6.41093051899121
"P35580" 0.0688319848804492 0.441271939685429 0.118616839770381 0.906067500858176 0.986991442426466 -6.41093549718835
"GSTP1" 0.0688319848804491 0.538057025454663 0.118196432342607 0.906398839124439 0.986991442426466 -6.41098495888955
"TIe1" 0.0688319848804491 0.329321550699608 0.117576415158014 0.906887527682919 0.986991442426466 -6.41105758474673
"PGM1" 0.0688319848804492 0.393637497378766 0.117411557166809 0.907017472487261 0.986991442426466 -6.4110768311792
"ReG1" 0.0688319848804492 0.282004772270175 0.117058468995588 0.907295793214348 0.986991442426466 -6.41111796183745
"SeRPINA5" 0.0688319848804492 4.39741935957571 0.116935512241726 0.907392716276064 0.986991442426466 -6.41113225580349
"AGT" 0.0688319848804491 5.10974841269168 0.116617997277951 0.907643010217992 0.986991442426466 -6.4111690981037
"ALDOB" 0.0688319848804491 0.356123696946491 0.116374294611493 0.907835125063016 0.986991442426466 -6.41119730781073
"LOX" 0.0688319848804493 0.69202037673911 0.115977218659906 0.908148158509599 0.986991442426466 -6.41124314484549
"IGFBP4" 0.0688319848804492 0.316080397760248 0.114696006863486 0.909158297420147 0.986991442426466 -6.41138997569704
"B2M" 0.0688319848804491 0.513877245340613 0.114628887008844 0.909211220555103 0.986991442426466 -6.41139762290381
"ARF1" 0.0688319848804492 0.648213854274732 0.114389677155805 0.909399837799121 0.986991442426466 -6.41142484055836
"CLIC1" 0.0688319848804492 0.656642505144377 0.11425729117598 0.909504226560647 0.986991442426466 -6.41143987920577
"SePTIN7" 0.0688319848804491 0.378903709138505 0.114232362289993 0.909523883622575 0.986991442426466 -6.41144270910461
"COL6A3" 0.0688319848804492 0.260466421892031 0.114143294097936 0.909594116628446 0.986991442426466 -6.41145281498293
"TIMP3" 0.0688319848804492 0.303581002833819 0.113810331680347 0.909856674171891 0.986991442426466 -6.41149052387573
"HP252" 0.0688319848804492 0.395237456647379 0.113699934576742 0.909943730059935 0.986991442426466 -6.41150300234176
"LYSM" 0.0688319848804492 1.03729602438514 0.113568470922044 0.910047399860839 0.986991442426466 -6.4115178462254
"CORO1A" 0.0688319848804491 0.546552496626269 0.11348457739406 0.910113557567275 0.986991442426466 -6.4115273098781
"CD44" 0.0688319848804491 0.274022207389356 0.113377701473475 0.910197839919384 0.986991442426466 -6.41153935594737
"KNG1" 0.0688319848804492 4.54464354662345 0.113145767246926 0.91038074683589 0.986991442426466 -6.41156545841672
"ACO1" 0.0688319848804492 0.368919030414894 0.112732838067892 0.910706401284788 0.986991442426466 -6.41161179829482
"B4GAT1" 0.0688319848804492 0.601513335851212 0.112595706400327 0.910814552885039 0.986991442426466 -6.41162715007538
"C4B" 0.134019344902937 0.648270272682259 0.111919591283791 0.911347809306148 0.986991442426466 -6.41170256758823
"Q08380" 0.0688319848804491 0.393787616540834 0.111691477831254 0.911527733181494 0.986991442426466 -6.41172791016361
"HPD" 0.0688319848804491 0.415668077339158 0.111043121650731 0.912039147891993 0.986991442426466 -6.41179965799631
"P80209" 0.0688319848804492 0.368808821772609 0.1099859385031 0.912873120336445 0.986991442426466 -6.41191575173207
"CAPN1" 0.0688319848804491 0.388832623725532 0.109421377617448 0.913318521998311 0.986991442426466 -6.41197729388801
"ACTN3" 0.0688319848804491 0.28601249898022 0.109387685252799 0.913345103962382 0.986991442426466 -6.41198095664592
"SeRPIND1" 0.0688319848804493 0.688028441939677 0.109104629862344 0.913568427590614 0.986991442426466 -6.41201168358718
"ASL" 0.0688319848804492 0.347499488022769 0.108745117356104 0.91385208411478 0.986991442426466 -6.41205059557692
"GDF6" 0.068831984880449 0.295749412812816 0.108561369230495 0.913997066348928 0.986991442426466 -6.41207043406291
"COL10A1" 0.0688319848804492 0.836743477537966 0.108206140940941 0.914277359426435 0.986991442426466 -6.41210869143959
"AMBP" 0.0688319848804491 3.34141423414827 0.108134768675495 0.914333677079172 0.986991442426466 -6.41211636296997
"SeRPINF2" 0.0688319848804492 4.3277909011828 0.108056464277458 0.914395465174046 0.986991442426466 -6.41212477378842
"NCAM1" 0.0688319848804492 0.308761910501216 0.107110582544596 0.915141879458803 0.986991442426466 -6.41222589159301
"ACO2" 0.0688319848804492 0.361765483052936 0.106518673193208 0.915609006317859 0.986991442426466 -6.41228871658972
"Q32Le4" 0.0688319848804492 0.358614391703744 0.106200773621417 0.915859900777415 0.986991442426466 -6.41232231467844
"FKBP4" 0.0688319848804492 0.307773610383954 0.10596952477737 0.916042413701664 0.986991442426466 -6.41234669178337
"P11021" 0.0688319848804492 0.437578763486024 0.105671296992008 0.916277796426094 0.986991442426466 -6.41237805105925
"ARF3" 0.0688319848804492 0.662656135431604 0.105588120067388 0.916343446962105 0.986991442426466 -6.41238678153254
"CAPNS1" 0.0688319848804492 0.739184125827107 0.105554106029406 0.916370293998521 0.986991442426466 -6.41239034975773
"GAPDHS" 0.0688319848804491 0.322370115713481 0.105248110802372 0.916611818256645 0.986991442426466 -6.41242239836198
"P34931" 0.0688319848804491 0.704760182144938 0.10514272540658 0.916695001554532 0.986991442426466 -6.41243341443845
"HPX" 0.0688319848804491 4.43467162277725 0.105048227372951 0.916769591988107 0.986991442426466 -6.41244328306408
"PCYOX1" 0.0688319848804492 0.410504855434628 0.104686606284412 0.917055038484152 0.986991442426466 -6.4124809659918
"APOA2" 0.0688319848804491 2.08661494538222 0.104549668853571 0.917163133262364 0.986991442426466 -6.41249520172882
"ANXA5" 0.0688319848804491 0.794981727204845 0.104151306974538 0.917477598541514 0.986991442426466 -6.41253650872027
"PRDX2" 0.0688319848804492 0.559004630605749 0.104006618143741 0.917591818626122 0.986991442426466 -6.41255147279228
"AOCY" 0.0688319848804493 0.299076449280129 0.103835321978419 0.917727045308139 0.986991442426466 -6.41256916177921
"POTeI" 0.0688319848804493 0.510637212644928 0.103774561784833 0.91777501194184 0.986991442426466 -6.41257542920972
"RAB1B" 0.0688319848804492 0.359511205731281 0.103389452380377 0.918079040554146 0.986991442426466 -6.41261506807546
"LRP1" 0.0688319848804493 0.614868001325349 0.103091888847306 0.918313963631986 0.986991442426466 -6.41264559506254
"WDR1" 0.0688319848804492 0.49446527816826 0.102750865036804 0.918583207153686 0.986991442426466 -6.41268047247945
"GAPDH" 0.0688319848804492 3.07871804506745 0.102352990545304 0.918897347324019 0.986991442426466 -6.41272101816453
"VASP" 0.0688319848804492 0.502140227184709 0.101873716668563 0.919275773372468 0.986991442426466 -6.41276965013171
"RASA1" 0.0688319848804491 0.310522415542501 0.101784188536091 0.919346465270976 0.986991442426466 -6.41277870926967
"OMD" 0.0688319848804491 0.579161880070687 0.101775309024344 0.919353476617403 0.986991442426466 -6.4127796073323
"FAM124B" 0.0688319848804492 0.542232326333978 0.101455335582354 0.919606134982111 0.986991442426466 -6.41281191678501
"POTee" 0.0688319848804492 1.22222899345803 0.101411427521755 0.919640806446888 0.986991442426466 -6.41281634248496
"P01042" 0.0688319848804491 0.328975594078848 0.101271175724034 0.919751555624047 0.986991442426466 -6.41283046629585
"THBS1" 0.0688319848804491 3.82406536567389 0.101269762766446 0.919752671367578 0.986991442426466 -6.41283060848585
"KRT76" 0.11350903812733 1.50032032286503 0.100886992198326 0.920054932564586 0.986991442426466 -6.41286905476059
"CATHL1" 0.0688319848804492 0.572803420151975 0.100803892790235 0.920120554980556 0.986991442426466 -6.41287738221193
"HNRNPK" 0.0688319848804492 0.431388864781368 0.100679869161909 0.920218495711978 0.986991442426466 -6.412889797951
"HP20" 0.0688319848804491 0.680981753881348 0.100499948208234 0.920360580450965 0.986991442426466 -6.41290778229195
"ASS1" 0.0688319848804491 0.346997363117123 0.10045571282399 0.920395513821228 0.986991442426466 -6.41291219899936
"ATIC" 0.0688319848804491 0.543629985578278 0.100441316579018 0.920406882793736 0.986991442426466 -6.41291363598152
"APOD" 0.0688319848804492 2.04941190125326 0.100313849799694 0.920507546323938 0.986991442426466 -6.41292635028307
"SULT1e1" 0.0688319848804491 0.516658063393535 0.100110180341932 0.92066839163658 0.986991442426466 -6.41294663200231
"FTL" 0.0688319848804492 0.686434797671335 0.0996943596416171 0.920996791024367 0.986991442426466 -6.41298791213586
"Q9BUF5" 0.0688319848804492 0.589043054365598 0.0995627468884954 0.921100736672357 0.986991442426466 -6.41300094206128
"CSRP1" 0.0688319848804493 0.533260908749307 0.0990368306702281 0.921516110746947 0.986991442426466 -6.41305283707362
"CFL2" 0.0688319848804493 0.374442757648552 0.0988600879050951 0.921655708974716 0.986991442426466 -6.41307021556413
"COL2A1" 0.0688319848804492 0.598477585239702 0.0987454046271533 0.921746291566372 0.986991442426466 -6.41308147536597
"Q00610" 0.0688319848804491 0.270744400877645 0.0979600470379037 0.92236663435304 0.986991442426466 -6.41315823206524
"CTSC" 0.0688319848804492 0.512298981811556 0.0979120626473326 0.922404538123029 0.986991442426466 -6.41316290194593
"LUM" 0.0688319848804492 3.19119097981736 0.0976716394854032 0.922594455621709 0.986991442426466 -6.4131862656892
"CALD1" 0.0688319848804493 0.613608729397705 0.0976218927817596 0.922633752610172 0.986991442426466 -6.41319109278466
"SeRPINA3-7" 0.0688319848804491 4.02428387310896 0.09756237484656 0.922680768556338 0.986991442426466 -6.41319686478678
"P62736" 0.11076675218409 0.638998481544567 0.0969151003125902 0.923192098343371 0.986991442426466 -6.4132594097403
"PSMe4" 0.0688319848804492 0.337757591140528 0.096903485478728 0.923201274054945 0.986991442426466 -6.41326052825953
"RAN" 0.0688319848804492 0.736928979129569 0.0961397157436117 0.923804674744298 0.986991442426466 -6.41333378585748
"IGFBP6" 0.0688319848804492 0.599377808165143 0.0955624863424742 0.924260733065798 0.986991442426466 -6.41338876683363
"O43707" 0.0688319848804491 0.363742985490342 0.0954638410735049 0.924338673449008 0.986991442426466 -6.41339812966024
"MPV17L" 0.0688319848804492 0.315558794847105 0.0952759190541647 0.924487154148758 0.986991442426466 -6.41341593936201
"RGN" 0.0688319848804491 1.02697867734299 0.0950006247075146 0.924704674253487 0.986991442426466 -6.41344196615727
"GARIN1B" 0.0688319848804491 0.931787480834391 0.0949832121805999 0.924718432721494 0.986991442426466 -6.41344360983571
"DYNC1H1" 0.0688319848804491 0.327439591398445 0.0948670212816372 0.924810241286688 0.986991442426466 -6.41345457011869
"TCN2" 0.0688319848804492 0.440545433393437 0.0944604793974614 0.925131479617456 0.986991442426466 -6.41349281364856
"LGALS3BP" 0.0688319848804493 0.705418077214483 0.0943041707251569 0.925254993828825 0.986991442426466 -6.41350747396022
"F13A1" 0.0688319848804492 1.66628805992448 0.093998080512692 0.925496869927578 0.986991442426466 -6.41353611210071
"C1S" 0.0688319848804492 0.664569223577313 0.0936794312852775 0.925748677852008 0.986991442426466 -6.4135658264008
"APOe" 0.0688319848804491 3.49230270079397 0.0936465401221537 0.925774670053159 0.986991442426466 -6.41356888778563
"HMGCR" 0.0688319848804493 0.299332174844075 0.0935532010371817 0.925848431594861 0.986991442426466 -6.41357756958192
"ARHGeF9" 0.0688319848804492 0.399278493642343 0.0926758964249711 0.926541756695085 0.986991442426466 -6.41365874781385
"CHI3L1" 0.0688319848804492 0.759499594345939 0.0923737769909363 0.926780532018416 0.986991442426466 -6.41368652636734
"CATHL3" 0.0688319848804492 0.337409403174493 0.0923670403913983 0.926785856261051 0.986991442426466 -6.4136871447346
"PeBP1" 0.0688319848804492 0.681304612077119 0.0922244874568542 0.926898523155468 0.986991442426466 -6.41370021941122
"ACTN4" 0.0688319848804492 0.364055589207912 0.0919238929253145 0.927136103379431 0.986991442426466 -6.41372772319105
"K2CA" 0.0688319848804492 0.49157497204076 0.0917736450920413 0.927254856933823 0.986991442426466 -6.41374143691291
"TPI1" 0.0688319848804492 1.16634827998241 0.0912712422540495 0.92765196045497 0.986991442426466 -6.41378713037011
"RAC1" 0.0688319848804492 0.591880443610741 0.0910420441330095 0.927833126797688 0.986991442426466 -6.41380789261536
"YWHAG" 0.0688319848804492 0.468170897201404 0.0910113782632698 0.927857366484077 0.986991442426466 -6.41381066656961
"CFL1" 0.0688319848804492 0.963123840118628 0.0909764742642578 0.92788495626297 0.986991442426466 -6.41381382275717
"SPON1" 0.0688319848804492 0.468705315670895 0.0909602087846872 0.927897813301233 0.986991442426466 -6.4138152931467
"MAP4" 0.0688319848804492 0.337161908363979 0.0907010338955533 0.928102680548368 0.986991442426466 -6.41383868694223
"PRDX1" 0.0688319848804492 0.546049595625712 0.0906158837524657 0.928169989359034 0.986991442426466 -6.41384635825135
"eeF2" 0.0688319848804491 0.411835233384375 0.0904039161237441 0.928337546151788 0.986991442426466 -6.4138654234635
"CHAD" 0.0688319848804491 0.459959781554867 0.0903247753662962 0.928400106410218 0.986991442426466 -6.4138725302549
"CFD" 0.0688319848804491 1.75420206290034 0.0903061306367232 0.928414845015148 0.986991442426466 -6.41387420363458
"CFH" 0.0688319848804492 4.64711187182647 0.0902448414431222 0.928463294124246 0.986991442426466 -6.41387970195629
"FLNA" 0.0688319848804492 1.75658537855711 0.090062237682976 0.928607644021515 0.986991442426466 -6.41389606142157
"CDH1" 0.0688319848804492 0.600999147693407 0.089846004971998 0.928778581035879 0.986991442426466 -6.41391539086699
"NACA" 0.0688319848804492 0.816083855863542 0.0897941636669764 0.928819563303649 0.986991442426466 -6.41392001815509
"H2B1" 0.0688319848804492 0.855501407010386 0.0891398169905144 0.929336862711049 0.986991442426466 -6.41397819477212
"KRT7" 0.0688319848804491 3.18158863035919 0.0890341177351723 0.929420427063139 0.986991442426466 -6.41398755237176
"DSC1" 0.0688319848804492 0.453335524236637 0.0890257752921379 0.929427022516034 0.986991442426466 -6.4139882904592
"HABP2" 0.0688319848804493 1.13805930585204 0.089014079637092 0.929436268993574 0.986991442426466 -6.41398932510156
"IGHA1" -0.0802088860595052 0.533600844183805 -0.0887189458101232 0.929669602336458 0.986991442426466 -6.4140153887881
"OGN" 0.0688319848804491 0.903564955960522 0.0885991233521232 0.929764335971202 0.986991442426466 -6.41402594578213
"GGH" 0.0688319848804491 0.577545365003286 0.0883242818072696 0.9299816341571 0.986991442426466 -6.41405010690138
"GAL3ST4" 0.0688319848804492 0.370598323564226 0.0880987692475253 0.930159935349794 0.986991442426466 -6.41406987549832
"ACTBL2" 0.0688319848804493 0.466625960054164 0.0880903487395479 0.930166593082813 0.986991442426466 -6.4140706126678
"KRT222" 0.0688319848804492 0.871570823600914 0.0880671195373204 0.930184959438747 0.986991442426466 -6.41407264589238
"ARFIP2" 0.0688319848804493 0.436516442761799 0.0879643934104493 0.930266181138304 0.986991442426466 -6.41408163096177
"GDI2" 0.0688319848804491 0.851446839452645 0.087630646222917 0.930530067699206 0.986991442426466 -6.41411075022008
"LeCT2" 0.0688319848804492 0.40535114520609 0.087600319669681 0.930554046628624 0.986991442426466 -6.41411339071084
"P13647" -0.0760814144364526 2.44539382196407 -0.0875491694889707 0.93059449075788 0.986991442426466 -6.41411784221575
"YWHAB" 0.0688319848804491 0.691992842911427 0.0869941804951698 0.931033328956622 0.986991442426466 -6.41416597477692
"F2" 0.0688319848804492 4.46967325870573 0.086665082353757 0.931293562058991 0.986991442426466 -6.4141943719679
"BRN" 0.0688319848804492 0.463884710841 0.0861258340948714 0.931719986925897 0.986991442426466 -6.41424066998037
"TUBB2A" 0.0688319848804493 0.306442143454817 0.0860946965840119 0.93174461035704 0.986991442426466 -6.4142433345186
"PKP1" 0.0688319848804492 0.315565674847234 0.0860647622505988 0.931768282383308 0.986991442426466 -6.41424589518891
"H2BC12" 0.0688319848804492 0.94148834362549 0.0860327084513898 0.931793630548964 0.986991442426466 -6.41424863617756
"RNASe4" 0.0688319848804493 0.790744822982162 0.0859070071235279 0.931893035930424 0.986991442426466 -6.41425937531572
"CLeC3B" 0.0688319848804491 2.73407577761207 0.0854579641096338 0.932248150835848 0.986991442426466 -6.41429761055468
"TUBB" 0.0688319848804492 1.37916446976825 0.0850858270468127 0.932542457053438 0.986991442426466 -6.41432914558799
"KRT40" 0.0688319848804493 0.28844792166748 0.0849786890821024 0.932627189344385 0.986991442426466 -6.41433819899257
"RPS25" 0.0688319848804492 0.528543909319453 0.0848764661256479 0.932708035232542 0.986991442426466 -6.41434682643684
"PPIe" 0.0688319848804492 0.534199470938428 0.0848688636572577 0.932714047886203 0.986991442426466 -6.41434746765754
"KRT5" 0.0688319848804491 4.67624021226336 0.0844819492975582 0.93302005661974 0.986991442426466 -6.41438002564248
"SeRPINC1" 0.0688319848804491 4.95379030804966 0.0843090218689293 0.933156827406708 0.986991442426466 -6.41439452901206
"F12AI" 0.0688319848804492 4.11224061514221 0.084033293163841 0.93337490940671 0.986991442426466 -6.41441759284272
"F11" 0.0688319848804492 0.767003666770929 0.0836579098002999 0.933671819513034 0.986991442426466 -6.41444887105818
"CKM" 0.0688319848804492 1.31106230670835 0.0834142950945682 0.933864512070243 0.986991442426466 -6.41446909495518
"F12" 0.0688319848804492 1.40352742793015 0.0832546621360007 0.933990779534205 0.986991442426466 -6.41448231505485
"MAML2" 0.0688319848804493 0.395914935966484 0.0831858846697298 0.934045182087477 0.986991442426466 -6.41448800309861
"CATHL4" 0.0688319848804492 0.921576588262768 0.0830701377921295 0.934136737873436 0.986991442426466 -6.41449756500381
"CL43" 0.0688319848804493 0.940884828078096 0.0830029508590899 0.934189883152953 0.986991442426466 -6.4145031092433
"FABP1" 0.0688319848804491 0.585698847704855 0.0829192063138678 0.934256126029478 0.986991442426466 -6.41451001353182
"PLG" 0.0688319848804492 5.08341324061474 0.0827536719983355 0.934387066914046 0.986991442426466 -6.41452364045041
"SeRPINA7" 0.0688319848804492 3.61633860496395 0.0827042832926379 0.93442613470191 0.986991442426466 -6.41452770089574
"YWHAZ" 0.0688319848804491 1.67445722854013 0.0827004896268747 0.934429135599784 0.986991442426466 -6.41452801268814
"YWHAQ" 0.0688319848804491 0.514867348909609 0.0826219230960083 0.934491284183569 0.986991442426466 -6.41453446667065
"IGFBP5" 0.0688319848804492 0.517686905947146 0.0824624595476792 0.934617426104236 0.986991442426466 -6.41454754722248
"DSG1" 0.0688319848804492 1.03087995997917 0.0822617594582896 0.934776190151488 0.986991442426466 -6.41456397443771
"CLTC" 0.0688319848804491 0.392360977696785 0.0819834580217568 0.934996345262365 0.986991442426466 -6.41458668706979
"Q3SWY2" 0.0688319848804492 0.975216442046511 0.0817345088152679 0.935193285133517 0.986991442426466 -6.41460693901624
"F10" 0.0688319848804492 1.80481524069034 0.0816359326536505 0.935271268342886 0.986991442426466 -6.41461494114117
"KRT75" 0.0688319848804492 3.74408656908985 0.0815918146749839 0.935306170107812 0.986991442426466 -6.41461851938262
"C5" 0.0688319848804492 0.771532167322534 0.0815148899706745 0.935367025603793 0.986991442426466 -6.41462475382748
"TUBA1C" 0.0688319848804492 0.335330475246119 0.0814968811438967 0.935381272527763 0.986991442426466 -6.41462621252282
"KNG2" 0.0688319848804492 4.12277039415999 0.0812598624709231 0.935568781843681 0.986991442426466 -6.41464538075029
"TRAP1" 0.0688319848804493 0.607607333279489 0.0810785173518782 0.935712249397253 0.986991442426466 -6.41466000884588
"MYLK" 0.0688319848804492 0.407756496006438 0.0806098391102621 0.936083044746184 0.986991442426466 -6.4146976631592
"CFB" 0.0688319848804491 4.57360680274049 0.0801637887266878 0.936435951316002 0.986991442426466 -6.41473329683285
"FGA" 0.0688319848804491 3.17249349353836 0.0800449764262263 0.936529955520436 0.986991442426466 -6.41474275506485
"HSPA5" 0.0688319848804493 0.826080446789921 0.0800441724224874 0.936530591650709 0.986991442426466 -6.414742819021
"UBA52" 0.0688319848804492 1.27572881511371 0.0799752958209214 0.936585087188416 0.986991442426466 -6.41474829556974
"Q13509" 0.0688319848804493 0.919595553811429 0.0799312404676369 0.936619944181588 0.986991442426466 -6.41475179604822
"CLU" 0.0688319848804492 3.10692691815279 0.0799063956877608 0.93663960165092 0.986991442426466 -6.4147537692739
"KRT71" 0.0688319848804491 2.06923573706999 0.0797064714742877 0.936797785386174 0.986991442426466 -6.41476962536076
"FAP" 0.0688319848804491 0.55780279319837 0.0796728883201146 0.936824357251372 0.986991442426466 -6.41477228496156
"MST1" 0.0688319848804493 1.60785553826297 0.0794290507803255 0.937017290029753 0.986991442426466 -6.41479156194769
"Q9NY65" 0.0688319848804492 0.771076784687933 0.0794260811000416 0.937019639768046 0.986991442426466 -6.41479179635665
"PRDX6" 0.0688319848804492 0.846047017692961 0.079346471750354 0.937082630307554 0.986991442426466 -6.41479807698129
"DDBX" 0.0688319848804493 1.09075362379658 0.0792235192211194 0.937179916740377 0.986991442426466 -6.41480776470958
"H2AZ2" 0.0688319848804493 0.622406535074498 0.0789455621924272 0.937399854352862 0.986991442426466 -6.41482961026168
"H2A1" 0.0688319848804492 1.08487554912278 0.0788725817323662 0.937457602038927 0.986991442426466 -6.41483533331187
"H2AJ" 0.0688319848804492 1.08487554912278 0.0788725817323662 0.937457602038927 0.986991442426466 -6.41483533331187
"H2AC20" 0.0688319848804492 1.08487554912278 0.0788725817323662 0.937457602038927 0.986991442426466 -6.41483533331187
"ARG1" 0.0688319848804492 0.789853158760867 0.0788500551054563 0.937475426886545 0.986991442426466 -6.41483709875727
"HRG" 0.0688319848804492 1.90016836831577 0.0787264260829367 0.937573252515224 0.986991442426466 -6.41484677877236
"CSN2" 0.0688319848804492 0.719409121077165 0.0783669718983145 0.937857688261207 0.986991442426466 -6.41487483737421
"H4" 0.0688319848804491 1.60037448391229 0.0778376025525665 0.938276592584953 0.986991442426466 -6.41491592563166
"CCN2" 0.0688319848804492 0.732630820155657 0.0777071213227042 0.93837984863221 0.986991442426466 -6.414926010471
"PF4" 0.0688319848804493 0.493140774575256 0.0775381328234505 0.938513578913778 0.986991442426466 -6.41493904638098
"BPT2" 0.0688319848804493 0.60882521501471 0.0774673396960698 0.938569602103192 0.986991442426466 -6.41494449898766
"P02790" 0.0688319848804491 0.311598705911339 0.0773348471031841 0.938674452920307 0.986991442426466 -6.41495469041181
"CP" 0.0688319848804492 0.486714698212137 0.0771979529111081 0.938782788187592 0.986991442426466 -6.41496520209041
"YWHAe" 0.0688319848804492 0.894440115061187 0.0769758247292175 0.938958578378286 0.986991442426466 -6.41498221900449
"IGF2" 0.0688319848804493 0.705943254415119 0.0769641656919602 0.93896780531744 0.986991442426466 -6.41498311083216
"RPS4" 0.0688319848804493 0.663552093265655 0.0769412730539202 0.938985922530738 0.986991442426466 -6.4149848615519
"P00738" 0.0688319848804491 0.333793307575117 0.0768489702678457 0.939058971203439 0.986991442426466 -6.4149919151465
"CNTN1" 0.0688319848804491 0.660028748805807 0.0766042312379224 0.93925266088673 0.986991442426466 -6.41501057663691
"HBA1" -0.0562832791906152 1.70191375070829 -0.0765834465276362 0.939269110350366 0.986991442426466 -6.41501215874129
"KLKB1" 0.0688319848804492 2.45522538487941 0.0764803958139223 0.939350667280628 0.986991442426466 -6.41501999648443
"POSTN" 0.0688319848804493 0.858096457429997 0.0764074459170017 0.939408402062928 0.986991442426466 -6.41502553846715
"THBS4" 0.0688319848804492 2.70759369313272 0.0760002542998001 0.939730672001276 0.986991442426466 -6.41505637557281
"LASP1" 0.0688319848804492 0.588559131748599 0.0759942168300945 0.939735450405693 0.986991442426466 -6.41505683155819
"CSN1S1" 0.0688319848804493 1.04968891000601 0.0759558262294617 0.939765835010592 0.986991442426466 -6.41505973019581
"KRT20" 0.0688319848804491 1.22298441785712 0.0757861398618149 0.939900135977624 0.986991442426466 -6.41507252462733
"eeF1A1" 0.0688319848804492 3.10639466574768 0.0755542409886183 0.940083678868231 0.986991442426466 -6.41508996364726
"POTeF" 0.0688319848804492 0.49537561069465 0.0752820990487816 0.940299077451186 0.986991442426466 -6.41511036084115
"B4GALT1" 0.0688319848804492 0.604090201189785 0.0752584444783087 0.940317800103479 0.986991442426466 -6.41511213028878
"BLVRB" 0.0688319848804493 1.35086998416588 0.0747094948125966 0.940752304682028 0.986991442426466 -6.41515303755984
"P12814" 0.0688319848804493 0.537805322538134 0.07459640281513 0.940841821510729 0.986991442426466 -6.41516142788616
"Q32LP2" 0.0688319848804489 0.846657908552228 0.0739735129475825 0.941334877475935 0.986991442426466 -6.41520741251219
"RAP1A" 0.0688319848804491 0.599993751912971 0.0738534918932051 0.941429884254788 0.986991442426466 -6.41521622872847
"H2AZ1" 0.0688319848804493 0.669371869306268 0.0736748995803829 0.941571256710902 0.986991442426466 -6.41522932083684
"SeRPINA3-2" 0.0688319848804492 4.68780865363659 0.0734483682814867 0.941750580071537 0.986991442426466 -6.41524588162775
"AOC3" 0.0688319848804493 0.499763080736666 0.0732048092387186 0.941943386079563 0.986991442426466 -6.41526363036859
"APCS" 0.0688319848804491 0.693876707081285 0.0731374635371826 0.941996698847713 0.986991442426466 -6.41526852761209
"THBS2" 0.0688319848804492 0.556608593747009 0.0710458150656597 0.94365263930307 0.986991442426466 -6.41541838461482
"RAP1B" 0.0688319848804492 1.39753022001263 0.0710061169879844 0.943684070388003 0.986991442426466 -6.41542118676545
"CPB2" 0.0688319848804492 2.49092361437449 0.0709228551567925 0.943749993513172 0.986991442426466 -6.41542705884527
"SPP2" 0.0688319848804493 0.907685424247359 0.0706250329704113 0.94398579951777 0.986991442426466 -6.41544800651047
"CDH5" 0.0688319848804489 0.991980297507352 0.0705195354419173 0.944069330274404 0.986991442426466 -6.41545540566162
"GSTA1" 0.0688319848804493 1.18884112702396 0.0704893018570005 0.944093268717303 0.986991442426466 -6.41545752407889
"Q0VCM4" 0.0688319848804492 0.998684414612892 0.0701548577622836 0.944358079382091 0.986991442426466 -6.41548089743096
"IGHG3" 0.0688319848804491 0.378716402118438 0.0700956527968347 0.944404958151106 0.986991442426466 -6.41548502352007
"ITIH3" 0.0688319848804492 4.69375702630809 0.0697323554526999 0.944692623030739 0.986991442426466 -6.41551026603868
"VNN1" 0.0688319848804491 2.79085309958901 0.0696595779440447 0.944750250367905 0.986991442426466 -6.41551530697715
"H1-2" 0.0688319848804493 1.01099196772226 0.0696064842335604 0.94479229169223 0.986991442426466 -6.41551898119602
"KRT73" 0.0688319848804492 2.38515311888049 0.0696054732288901 0.944793092240102 0.986991442426466 -6.41551905113292
"P0CG53" 0.0688319848804492 1.03241699431888 0.0695173456338112 0.944862874887015 0.986991442426466 -6.41552514351355
"P01009" 0.0688319848804491 0.384859138319171 0.0693982568995446 0.944957174387173 0.986991442426466 -6.41553336402011
"AFM" 0.0688319848804491 3.6330774368852 0.0691799956396839 0.945130004954031 0.986991442426466 -6.41554839366869
"COL1A2" 0.0688319848804492 1.33481183586698 0.0691248326653296 0.945173686275305 0.986991442426466 -6.41555218474283
"TG" 0.0688319848804493 0.830439203374032 0.0690940137088548 0.945198090630541 0.986991442426466 -6.41555430145842
"H1-3" 0.0688319848804493 1.0433624240056 0.0690790709192127 0.945209923274365 0.986991442426466 -6.41555532742327
"APOC3" 0.0688319848804492 1.19778688740857 0.0690638217651873 0.945221998529692 0.986991442426466 -6.41555637419422
"CSN1S2" 0.0688319848804492 0.825354632457218 0.0688888304762 0.945360568751068 0.986991442426466 -6.41556836984927
"PROC" 0.0688319848804491 1.68102634411129 0.0688283255623571 0.945408481128837 0.986991442426466 -6.41557251038299
"CRYZ" 0.0688319848804492 0.771489576565082 0.0683876538505239 0.94575744452898 0.986991442426466 -6.41560255715423
"PPIA" 0.0688319848804492 1.35382875730019 0.068315744278463 0.945814390000467 0.986991442426466 -6.41560744192608
"C7" 0.0688319848804491 3.19095786669979 0.0682445642608712 0.945870758016059 0.986991442426466 -6.41561227207966
"UBC" 0.0688319848804492 1.09692025673344 0.0682365368215364 0.945877115025923 0.986991442426466 -6.415612816492
"GPI" 0.0688319848804492 1.05996408749265 0.0681464497262213 0.945948456145449 0.986991442426466 -6.41561892171106
"RPS27A" 0.0688319848804493 1.43074905315533 0.0677080608241443 0.946295628275624 0.986991442426466 -6.41564851630687
"ITIH1" 0.0688319848804493 3.80924768927212 0.0676704204521064 0.946325437204195 0.986991442426466 -6.4156510484173
"KRT79" 0.0688319848804492 2.41563447401021 0.0674235734933039 0.946520927183922 0.986991442426466 -6.41566761920274
"P26583" 0.0543933682110795 1.11725100709765 0.0672511107422432 0.946657510702668 0.986991442426466 -6.41567916066423
"C4BPA" 0.0688319848804492 1.09352212121896 0.0671741345845859 0.946718473226107 0.986991442426466 -6.41568430248284
"IGF2R" 0.0688319848804492 0.877479878395385 0.0671727723355655 0.946719552084333 0.986991442426466 -6.41568439342471
"GFAP" 0.0688319848804492 1.07772854627193 0.0659784013493187 0.947665494743173 0.986991442426466 -6.41576341846142
"HSPA1B" 0.0688319848804492 2.41794247840277 0.0658658099223429 0.947754671177242 0.986991442426466 -6.4157707949156
"HSPA1A" 0.0688319848804492 2.41794247840277 0.0658658099223429 0.947754671177242 0.986991442426466 -6.4157707949156
"CCDC168" 0.0688319848804491 0.497858398849557 0.0656944390978303 0.947890404289806 0.986991442426466 -6.41578199813918
"LBP" 0.0688319848804492 1.85962211188047 0.0656613924618636 0.947916578835728 0.986991442426466 -6.41578415517903
"KRT78" 0.0688319848804492 1.21398713660327 0.0653436007780773 0.948168288288384 0.986991442426466 -6.41580484287576
"KRT80" 0.0688319848804492 1.37415635638299 0.0652989558217213 0.948203650112133 0.986991442426466 -6.41580774114719
"TUBA8" 0.0688319848804491 0.601496485451664 0.0650962838247375 0.948364181357528 0.986991442426466 -6.41582087335096
"HBB" 0.0688319848804491 3.60338993350591 0.0648246927011788 0.94857930504754 0.986991442426466 -6.41583840719986
"IGHG1" 0.0688319848804491 0.493334150531808 0.0642929245545003 0.949000522648968 0.986991442426466 -6.41587252576121
"F5" 0.0688319848804492 4.62038982616386 0.0642725781954842 0.949016639447675 0.986991442426466 -6.41587382561459
"FGB" 0.0688319848804491 2.91781616788423 0.0642247999013213 0.949054485770402 0.986991442426466 -6.41587687637542
"AHCY" 0.0688319848804492 2.07720855762668 0.0641562500813361 0.949108785919547 0.986991442426466 -6.41588124948707
"IGFBP3" 0.0688319848804492 1.43521702137938 0.0640715095528034 0.949175911499551 0.986991442426466 -6.4158866490255
"eNO1" 0.0688319848804492 2.99192467694863 0.0638914995580509 0.949318504188607 0.986991442426466 -6.41589809531252
"APOA4" 0.0688319848804492 2.28641850567132 0.0638549465761293 0.949347459385332 0.986991442426466 -6.41590041567232
"VCL" 0.0688319848804492 0.917727114954689 0.0638217635767828 0.949373745132939 0.986991442426466 -6.41590252095811
"SeRPINA3-5" 0.0688319848804491 4.1074092998534 0.0637978409992635 0.949392695318776 0.986991442426466 -6.41590403804039
"PGK1" 0.0688319848804492 1.44964417635107 0.0633944623814612 0.949712234711203 0.986991442426466 -6.41592953319936
"TUBB6" 0.0688319848804491 0.781667074279942 0.0633886176122823 0.949716864750286 0.986991442426466 -6.41592990142407
"Q9BQe3" 0.0688319848804493 0.969807632327124 0.0633837588775772 0.949720713685749 0.986991442426466 -6.41593020750204
"HSPA2" 0.0688319848804492 0.692878943111484 0.0630663922717537 0.949972124056315 0.986991442426466 -6.41595014933298
"FMOD" 0.0688319848804492 1.06522880756232 0.0630433655720751 0.949990365467047 0.986991442426466 -6.41595159232867
"C9" 0.0688319848804491 2.59736352446115 0.0630262056646713 0.95000395930933 0.986991442426466 -6.41595266733219
"HSP90AB1" 0.0688319848804492 1.67089272268817 0.0629222537187819 0.950086308929603 0.986991442426466 -6.41595917327473
"F9" 0.0688319848804491 1.26479360370761 0.0629183156664799 0.95008942862335 0.986991442426466 -6.41595941953081
"CD14" 0.0688319848804493 0.896772712450706 0.0618823599974618 0.950910131722398 0.986991442426466 -6.41602366514789
"FN1" 0.0688319848804493 3.63302739964173 0.0616820879449308 0.951068797140034 0.986991442426466 -6.41603596217088
"ADORA1" 0.0688319848804492 0.406560103967575 0.0616485452045781 0.951095371552384 0.986991442426466 -6.41603801785195
"LDHB" 0.0688319848804492 1.58525526685111 0.0615510615631465 0.951172603797899 0.986991442426466 -6.41604398583215
"GPLD1" 0.0688319848804493 1.27736996011665 0.0615426959733445 0.951179231529741 0.986991442426466 -6.41604449753634
"COMP" 0.0688319848804492 2.11674356416753 0.0613057535109668 0.951366953282958 0.986991442426466 -6.41605896189172
"eZR" 0.0688319848804492 1.29807461408825 0.0612139621456294 0.951439677324012 0.986991442426466 -6.41606455038202
"KRT83" 0.0688319848804489 0.457778587254636 0.061184369682092 0.951463122793934 0.986991442426466 -6.4160663502613
"Q04695" 0.0497291410365817 2.00730714342483 0.0611387362571432 0.951499277256138 0.986991442426466 -6.41606912408189
"eeF1A2" 0.0688319848804492 0.504483922437861 0.0606157383028782 0.951913645547343 0.986991442426466 -6.41610076667306
"HP" 0.0688319848804492 0.619022881242853 0.0606063164186005 0.9519211105757 0.986991442426466 -6.41610133422658
"SeRPINA3-8" 0.0688319848804491 2.76356503180944 0.0605324070319297 0.95197966967836 0.986991442426466 -6.41610578330493
"RBP4" 0.0688319848804491 1.85734450256641 0.0603677364543598 0.952110140687705 0.986991442426466 -6.41611567635984
"AOCX" 0.0688319848804493 0.648107272474439 0.060248018305071 0.952204996033848 0.986991442426466 -6.41612285185351
"TUBA4A" 0.0688319848804492 2.94213655683537 0.0600766485473238 0.952340777310153 0.986991442426466 -6.41613309838226
"TBA1B" 0.0688319848804492 2.81683154113251 0.0589687423500916 0.953218638072228 0.986991442426466 -6.41619863804289
"COL1A1" 0.0688319848804492 1.249747684195 0.0586343329793436 0.953483622293416 0.986991442426466 -6.41621818083054
"PFN1" 0.0688319848804492 1.79396376116169 0.0586190754954911 0.953495712369835 0.986991442426466 -6.4162190698228
"ACTN1" 0.0688319848804492 0.758090282966487 0.0585340457309241 0.953563090414858 0.986991442426466 -6.41622401992856
"HSPA1L" 0.0688319848804493 1.39618597961092 0.0583521820501561 0.953707201326564 0.986991442426466 -6.41623458321607
"CRYZL1" 0.0688319848804491 0.725116975696209 0.0581811440298805 0.953842735282211 0.986991442426466 -6.41624448772101
"CHIA" 0.0688319848804491 2.43697362564595 0.0579276108241898 0.954043642607405 0.986991442426466 -6.41625911589142
"JUP" 0.0688319848804492 1.93676595742777 0.0579243354600971 0.954046238123993 0.986991442426466 -6.41625930445302
"HSPA8" 0.0688319848804492 2.18840594973386 0.0579159739791443 0.954052864065221 0.986991442426466 -6.41625978577229
"MYH10" 0.0688319848804489 1.59849695958135 0.0574535535598512 0.954419307887072 0.986991442426466 -6.41628629632025
"LDHA" 0.0688319848804493 1.61294037748063 0.0569803536395227 0.954794304180288 0.986991442426466 -6.41631320488099
"MDH1B" 0.0688319848804493 1.30473120409333 0.0568985767439691 0.954859110887413 0.986991442426466 -6.41631783258282
"eNO3" 0.0688319848804492 0.800492843654084 0.0567918958265252 0.954943654042879 0.986991442426466 -6.41632385959796
"FeRMT3" 0.0688319848804491 1.78631223336103 0.0565005516229357 0.955174542965436 0.986991442426466 -6.41634026168138
"P04272" 0.0688319848804492 1.21847887840817 0.0561682159449234 0.955437922174724 0.986991442426466 -6.41635886851652
"TAGLN2" 0.0688319848804492 1.7896858980515 0.0557101458022069 0.955800955369578 0.986991442426466 -6.41638433508843
"CPN1" 0.0688319848804492 2.23358421359915 0.0553538967188578 0.956083299112169 0.986991442426466 -6.41640399674259
"GSTA2" 0.0688319848804493 1.47844549928175 0.0551302579576968 0.956260545995844 0.986991442426466 -6.41641627509771
"SeRPINA6" 0.0688319848804493 1.96150691123315 0.0550976638394417 0.956286378939768 0.986991442426466 -6.41641806045072
"TUBB4A" 0.0688319848804492 0.741573985655821 0.0550961476362665 0.956287580629867 0.986991442426466 -6.41641814347553
"Q8N1N4" 0.0487364382115754 0.896992418578169 0.0549163368551263 0.956430093150016 0.986991442426466 -6.41642797341975
"HSP90AA1" 0.0688319848804492 2.00619567514892 0.054779836307588 0.956538280264122 0.986991442426466 -6.4164354142155
"KRT81" 0.0688319848804489 0.615608932666368 0.0543702115062572 0.956862944166845 0.986991442426466 -6.41645763216421
"HMGB2" 0.0688319848804492 1.45785418284916 0.054009493878077 0.957148850918971 0.986991442426466 -6.41647705933251
"PGLYRP1" 0.0688319848804492 1.52650722953648 0.0536816692584054 0.957408691425272 0.986991442426466 -6.4164946028286
"KRT35" 0.0688319848804493 1.03842056043664 0.053441670339692 0.957598922442927 0.986991442426466 -6.41650737863078
"FGG" 0.0688319848804492 1.88977614221664 0.0532316445645729 0.957765397806794 0.986991442426466 -6.4165185119176
"KRT19" 0.0688319848804491 2.96099265043905 0.0532133917483195 0.957779865855247 0.986991442426466 -6.41651947741347
"TGFBI" 0.0688319848804492 2.44310842150736 0.0525724594151122 0.958287908299202 0.986991442426466 -6.41655317006633
"UTP15" 0.0688319848804492 0.509960648013274 0.0524243736927631 0.958405292655948 0.986991442426466 -6.41656089660907
"SeRPINA3-4" 0.0688319848804492 4.28063114130312 0.0523147865428433 0.958492160623939 0.986991442426466 -6.41656660041404
"LTF" 0.0688319848804492 2.26415786302272 0.0520896137140032 0.958670653091031 0.986991442426466 -6.41657828278236
"TUBB4B" 0.0688319848804492 1.99452773543662 0.0515724352556258 0.95908062385641 0.986991442426466 -6.41660492415988
"CAP1" 0.0688319848804492 1.32920007249191 0.0512317188833214 0.959350718069976 0.986991442426466 -6.4166223302222
"KRT74" 0.0688319848804489 0.857335682092491 0.0510030455162645 0.95953199574916 0.986991442426466 -6.41663394768583
"HMGB1" 0.0688319848804493 1.37648863820139 0.050451034699538 0.959969603634208 0.986991442426466 -6.41666177777538
"SeRPINA3-3" 0.0688319848804492 0.50964773980268 0.0504130741350728 0.959999697420378 0.986991442426466 -6.41666368046125
"TUBB5" 0.0688319848804492 2.02978074745611 0.0501891232780755 0.960177238893967 0.986991442426466 -6.41667487633747
"KRT72" 0.0688319848804492 1.78368945396979 0.049940300250312 0.960374500661032 0.986991442426466 -6.4166872571856
"MSN" 0.0688319848804489 1.31140299204594 0.0482397216148767 0.961722750671131 0.986991442426466 -6.4167702267543
"KRT27" 0.0688319848804492 0.822600485886249 0.0476562609062577 0.962185355256661 0.986991442426466 -6.41679803105898
"TUBB3" 0.0688319848804493 1.54141251624483 0.0474266016523 0.96236744726098 0.986991442426466 -6.41680888247877
"KRT28" 0.0688319848804493 1.15356301224141 0.0469956751869996 0.962709125268984 0.986991442426466 -6.41682910234551
"K2C4" 0.0688319848804493 1.07211431784201 0.0469079789080906 0.962778659785555 0.986991442426466 -6.41683319461792
"TUBB2B" 0.0688319848804492 0.765486657853197 0.0466560149044612 0.962978444060033 0.986991442426466 -6.41684490977929
"TUBA1D" 0.0688319848804493 1.70209257780935 0.0462996396842522 0.96326102091288 0.986991442426466 -6.41686137185502
"KRT6B" 0.0630382544918717 2.22641661277503 0.0459321174605807 0.963552441425276 0.986991442426466 -6.41687821664801
"eRC1" -0.0101028553835678 0.453126800778874 -0.0443293430811861 0.964823392342279 0.986991442426466 -6.41695010808363
"IGFBP2" 0.0688319848804492 2.40775523204748 0.0441238168285989 0.964986375092284 0.986991442426466 -6.41695914216109
"P05786" 0.0688319848804493 1.54148494534518 0.0441003238304016 0.965005005185395 0.986991442426466 -6.4169601721419
"ACTC1" 0.0688319848804492 3.14765073265295 0.0439486180097541 0.965125309314825 0.986991442426466 -6.41696681002657
"PROS1" 0.0688319848804493 2.03387790338065 0.0436840667986067 0.965335102847129 0.986991442426466 -6.41697833073953
"KRT25" 0.0688319848804492 0.870916214072822 0.0432558571522702 0.965674685491209 0.986991442426466 -6.41699683106906
"KRT6C" 0.0527964818381212 2.16427141361773 0.0428148904004429 0.966024391597331 0.986991442426466 -6.41701569210431
"ACTG2" 0.0688319848804493 1.10752783647369 0.0422125075668026 0.966502118659467 0.986991442426466 -6.41704114492926
"ACTA2" 0.0688319848804493 1.10752783647369 0.0422125075668026 0.966502118659467 0.986991442426466 -6.41704114492926
"ACTA1" 0.0688319848804493 2.17781526642366 0.0409424014865526 0.967509432208554 0.986991442426466 -6.41709362967785
"SeRPINA3-6" 0.0688319848804489 3.76802438787071 0.0407775028377101 0.967640216298435 0.986991442426466 -6.41710032622182
"KRT17" 0.0688319848804493 3.15566229471789 0.0381998629625652 0.969684703297561 0.986991442426466 -6.41720149154165
"Q5XKe5" 0.0302964787373465 1.3958302434628 0.0359070589887163 0.971503442255628 0.986991442426466 -6.41728592881198
"SeRPINA3-1" 0.0688319848804493 3.84999949266226 0.0338535730276909 0.973132475109653 0.986991442426466 -6.41735711767611
"Q14CN4" 0.0258516258435879 1.04825329384874 0.0325298200791016 0.974182671603949 0.986991442426466 -6.41740078709022
"KRT10" 0.0688319848804493 1.86919749840774 0.0313016208302902 0.975157102096597 0.986991442426466 -6.41743974675533
"P35900" -0.0125733344325045 0.909107359925009 -0.0301859970041207 0.976042250513653 0.986991442426466 -6.41747383603791
"Q7RTS7" -0.0249012713779111 1.14685695489893 -0.0269832598008933 0.978583503152795 0.987977904783062 -6.41756482682402
"Q86Y46" -0.0249012713779111 1.05126095261204 -0.0249941313296403 0.980161917002656 0.987990686307789 -6.41761620659801
"P78385" -0.0164840250582881 0.434649580733642 -0.020258028983796 0.983920420980506 0.990197425261084 -6.41772271324923
"eeF1A1P5" -8.88178419700125e-16 1.86671378928113 -1.95197488147938e-15 0.999999999999998 1 -6.41792665848868
"KRT1" 0 3.24960602826261 0 1 1 -6.41792665848868
"KRT2" 0 2.86031237617989 0 1 1 -6.41792665848868
"P68104" -8.88178419700125e-16 1.79940580014137 -1.59724802330144e-15 0.999999999999999 1 -6.41792665848868
